27.2693
26.846561
27.009611
27.214426
27.317858
27.03421
27.27847
26.93912
26.98716
26.843945
26.865597
27.078682
26.56781
26.342497
26.608864
26.209932
26.980272
27.023392
26.735188
26.650017
26.428976
26.425304
26.43058
26.331083
26.27302
26.182076
25.857336
26.140976
25.677813
26.03717
26.317108
26.194529
25.84435
26.518063
25.318272
25.750479
25.61309
26.21741
26.013596
25.400368
25.68927
25.413929
25.176027
25.472504
25.929363
25.760008
25.129976
25.804811
26.234016
25.628157
25.005949
25.888262
25.601984
25.84423
25.025997
25.30176
25.460869
25.324673
25.367071
24.949242
24.567959
24.898472
24.666012
24.9027
24.812302
24.56999
25.68197
25.768887
25.195543
24.878231
25.056684
25.529003
24.617517
25.86458
25.913301
25.302343
25.177063
25.77766
24.828472
24.803123
25.691616
24.6654
25.400484
25.249098
25.225157
24.912985
25.000189
25.128355
25.743559
25.471027
24.963556
25.477676
25.316397
25.568632
25.663565
25.776608
25.655334
25.393375
26.167753
25.793413
25.284924
25.313871
25.37335
25.697489
25.527575
25.330824
24.765108
25.60505
25.736902
25.175295
25.472204
24.766994
25.266687
25.93526
24.934694
25.365694
25.22502
24.590631
25.2599
26.377514
25.24816
25.648201
25.426252
24.826906
25.086876
25.413595
25.746937
25.360075
25.853113
24.885836
25.796362
25.497871
24.81182
24.457462
24.921087
25.098478
25.7628
25.168844
25.359095
25.360807
25.863642
25.554747
25.392277
25.920238
25.219137
25.009018
25.011942
25.439283
24.858988
25.461744
25.267937
24.784676
25.134127
25.542715
25.154133
25.331043
25.197762
25.299076
25.277851
24.928297
25.62026
25.139671
25.5774
25.179794
25.553556
25.820606
24.548336
25.490253
25.725405
25.187729
25.167843
24.952942
25.013128
24.815268
25.250727
25.45805
25.039688
25.255016
25.173271
25.42586
25.324074
25.321861
24.627209
24.398748
24.60958
24.868212
25.265053
25.036472
25.19411
25.208963
24.696606
24.859299
25.699495
25.022484
24.766232
24.737143
25.333727
24.829275
25.009457
25.605162
25.253855
24.447075
24.976116
23.59439
24.961452
25.078917
25.19228
24.414583
25.128052
25.088345
24.746983
24.751104
25.344492
25.238377
24.43783
24.606688
25.094961
25.398476
24.839617
25.104776
24.60852
24.915525
25.201408
24.364864
24.883615
25.908937
24.719728
25.180557
23.759504
24.6466
25.382998
24.00925
24.797817
23.401106
24.385664
24.442753
23.786276
24.150972
24.191408
23.649303
23.796677
23.914936
23.167393
23.303528
22.622135
22.46592
22.365788
22.271517
21.372078
20.721436
19.401564
17.259472
17.181835
17.668776
17.272823
17.048944
18.106367
18.477392
18.873125
18.790462
18.994442
18.536274
18.897615
18.16582
17.384163
16.307392
17.196619
17.477255
16.978075
17.530401
17.592884
17.7496
17.051533
17.515923
16.997732
16.87928
16.26452
16.493483
16.372917
17.374235
16.936975
16.913664
16.293976
16.74321
16.66487
16.268122
16.122702
15.756139
16.008444
15.737835
16.086151
16.124193
16.131687
16.275885
15.527365
16.612062
14.738053
16.226555
16.512466
16.052977
16.791267
15.981953
15.846645
15.911232
15.929882
16.038893
16.030207
15.868452
15.427932
15.194568
15.721968
16.085833
15.817512
15.252714
16.223043
15.641185
16.298742
15.830182
15.749548
16.322603
16.111298
15.388947
15.981944
15.822834
16.184938
16.359419
16.250807
15.244066
15.017271
16.068878
15.757688
16.245686
15.815404
15.994941
15.883474
15.441079
15.501603
15.771128
15.474315
15.569544
15.182662
15.648282
15.612442
15.279066
15.422672
16.771633
15.517654
15.745224
15.973663
15.6016035
15.503715
15.617058
15.742589
15.579398
15.70576
15.44538
15.138828
15.337349
15.430764
15.144633
15.21049
15.337475
15.753012
15.456855
15.6666
15.394408
15.525827
15.556236
15.579473
15.654601
15.707684
15.741594
15.202892
15.152006
15.253218
15.03995
16.44015
15.52991
15.563854
15.2449045
15.724844
15.317545
16.447544
15.265218
14.704699
15.365628
15.25041
15.156946
15.103448
14.674086
14.917446
15.123385
15.399334
15.28936
15.601893
16.112398
15.496398
15.640184
15.591633
16.44626
15.614564
15.243263
15.080904
15.299464
14.838757
14.800132
15.942546
15.231718
14.8561735
15.625894
15.21783
14.831815
15.398679
15.303662
15.479788
15.078404
15.005112
15.105387
15.593913
15.220373
14.88229
14.643764
15.063428
15.130832
15.111901
14.81454
15.115098
14.999448
14.682262
14.879228
14.771824
15.081713
14.983709
15.239166
15.513269
14.962103
14.780253
15.136404
14.974574
15.248432
15.595028
15.9114275
14.741824
14.953906
15.267766
14.55605
14.873428
15.436948
15.058568
15.210456
15.286891
15.231441
15.00213
14.792961
15.146098
14.889447
14.883277
14.890353
14.95335
15.500149
15.276498
14.859318
15.16829
15.383812
14.569224
15.165306
15.317498
15.642107
15.465435
14.527064
14.950616
14.651119
15.003964
15.146666
14.856778
14.90699
14.480774
14.828876
15.085369
15.058453
14.353348
14.561014
15.164394
15.053713
14.378207
14.389152
15.404628
14.427205
15.399664
14.959099
14.302641
14.630247
15.183469
15.100805
14.670468
15.311786
14.725298
14.640062
14.5148
14.888534
14.74072
14.667247
14.600528
14.719628
14.364665
14.454272
14.512745
14.526017
14.01987
15.051582
14.457714
14.386739
14.505962
14.663002
14.621052
14.80673
14.62967
14.320627
14.552777
14.732192
14.05098
14.423134
15.1112995
14.40409
14.58506
14.519152
14.813634
14.557403
14.71329
14.306692
14.577848
14.789158
14.38835
15.145484
14.021496
14.114818
15.031998
14.369332
14.12834
14.148464
14.596987
14.299728
14.317159
14.396888
13.940832
14.746982
13.818948
14.708384
14.385858
13.885315
14.775705
14.189241
14.866164
14.5747
14.497626
13.86183
14.348062
14.460095
14.037049
14.022788
14.349766
14.4463625
14.84711
13.876126
14.47552
14.343403
13.881392
14.076181
14.250434
15.076076
14.524059
14.094784
14.30216
14.723184
14.595293
14.190143
14.135365
14.389529
14.253196
14.44479
14.178972
13.991231
14.125993
14.387268
14.762691
13.956834
14.324326
14.694685
14.102926
14.457288
14.19615
14.194562
14.056328
14.148765
14.175297
14.220586
14.501236
14.526498
13.963855
14.682291
14.163372
14.732124
13.689732
13.8827715
14.153339
14.312156
14.334168
14.13917
14.414262
13.717207
14.196202
13.856738
13.665765
14.296114
14.10789
14.46501
13.828166
14.386882
14.37767
14.175168
13.790232
14.111457
14.323252
13.955288
14.183176
14.209366
14.485272
14.463652
13.811187
14.279288
13.73824
14.303272
13.919413
13.741917
13.508864
14.224497
14.67685
13.921367
13.86428
13.917122
14.035768
14.200924
14.025003
14.460672
13.91719
14.323349
14.154325
14.542818
14.068767
14.088129
13.507226
13.299522
13.572038
14.073746
14.340142
13.657766
14.202516
14.38777
14.299692
14.229633
14.522658
14.111512
14.306752
14.302586
13.556583
14.087768
13.703982
13.838954
13.632743
13.520039
13.993583
14.029849
14.005262
13.859208
13.974694
14.005043
14.357232
13.726508
13.773968
13.968014
13.734858
13.839267
13.946927
13.63872
14.447642
14.224508
13.502577
13.754971
13.37074
13.47315
13.77237
13.704214
13.689435
14.749183
13.84256
13.516162
13.945878
13.696268
14.088681
14.130315
13.548122
13.9746275
13.842638
14.112181
14.2369995
14.263348
13.95172
14.020168
14.763932
13.759516
13.591302
13.895008
13.450084
13.938866
13.639881
14.006582
13.310341
13.986876
13.812727
13.919486
13.669236
14.0195
13.415388
13.379019
13.791465
13.83132
14.054352
13.906654
14.198012
13.417408
13.674222
14.450428
13.582334
13.523348
14.134602
13.424316
13.738948
14.271592
13.925996
13.9486
14.056814
14.491766
13.710348
13.939294
14.044688
13.87611
13.779073
14.016684
13.754114
13.593565
13.718654
13.681722
13.688071
13.843567
13.831754
14.155374
14.070785
14.346754
13.661962
13.441375
14.354902
14.165002
13.669772
13.737022
14.250622
13.546883
14.305112
13.767833
13.383733
14.203426
13.690812
12.627622
13.822196
13.985088
14.322476
13.712138
13.809434
13.728906
13.488123
13.410515
13.733294
13.530362
14.055858
13.76463
13.237093
13.730312
13.536294
13.79392
14.012535
13.29487
13.778993
13.959043
13.550758
13.903875
13.474264
13.199168
13.504811
13.995642
14.054375
13.892196
13.225596
13.545105
13.463244
14.13153
14.161064
13.615792
13.13691
13.64125
13.446262
13.139274
13.500222
13.79167
13.676346
13.760534
13.531221
13.924149
13.949128
13.22287
13.697486
13.6185875
13.664416
13.631098
13.68886
13.300462
13.14854
13.514574
13.995139
13.657399
13.460958
13.991108
13.741292
13.93841
13.392667
13.865988
13.902913
13.731034
13.507836
13.378671
13.504254
13.47509
13.78116
14.259842
14.005905
13.67401
13.694374
13.99042
13.89272
13.479738
13.676064
13.50665
13.201768
13.230907
13.4807
14.005472
13.711283
13.369293
13.894744
13.746982
14.023643
13.293841
13.422114
13.614818
13.3664255
14.008337
13.872885
13.853962
13.762974
13.457242
13.220982
14.0859375
13.346291
14.053592
13.757341
13.969588
13.484569
14.092079
13.764062
13.1306095
13.536046
13.453408
13.166503
13.988562
12.877303
13.57475
13.863575
14.461207
13.639252
14.267765
13.4321575
13.593674
12.777116
13.351641
12.880226
13.657576
13.087902
13.729782
14.245702
14.434962
13.42871
13.477216
13.444184
13.34603
13.33361
13.459024
13.227988
13.737004
13.4158945
13.341511
13.468438
13.27851
13.743568
13.766546
13.544232
13.73925
13.842057
13.075962
13.563169
13.333806
13.285116
13.472585
13.538908
14.047304
13.542644
13.099256
13.78087
13.187529
13.411132
13.623286
13.790071
13.7027855
13.561144
14.2488575
13.731768
13.828477
14.272486
14.197892
13.268008
13.1892805
12.934309
13.529752
13.844374
13.602306
14.388832
13.322366
13.64159
13.722959
13.866873
14.463396
13.261447
13.414869
13.459416
13.830444
13.506704
13.59073
13.674787
13.725648
13.982295
13.6556015
13.5601
13.749532
13.525117
13.486455
14.224012
13.762962
13.506487
14.04387
13.332655
13.66879
13.207475
13.728302
13.724742
13.837785
13.47968
13.81244
13.248185
13.845186
13.8214855
13.705098
13.585908
13.263166
13.367134
13.641132
13.03338
13.646842
13.509105
13.635741
13.87005
13.726158
13.056696
13.890394
13.315464
13.596926
13.870339
13.630868
13.768479
13.451298
13.570958
13.603164
14.260308
13.708353
13.597201
13.731925
13.990741
13.051277
13.55824
13.162024
13.843318
13.425181
13.808072
13.548522
13.596306
13.629858
13.821756
13.784154
13.74561
13.676264
13.100824
13.858874
13.519535
14.035018
13.9013815
13.25194
13.344088
13.582477
13.815186
13.653037
13.165805
13.00371
13.648264
13.086951
13.628595
13.170132
13.63055
13.684134
14.041263
13.258918
13.516416
13.65645
13.456972
13.459143
13.433828
13.233552
13.720235
13.689712
13.796569
13.455627
13.939771
13.94754
13.424104
13.214238
13.727368
13.522636
13.61597
13.847506
13.153911
13.5398035
13.733554
13.738582
13.443304
13.422974
13.248463
13.545668
13.7037115
13.983668
13.150438
13.038944
13.550938
13.273572
13.375125
13.451086
13.366883
13.426724
13.717275
13.21053
13.530946
13.13783
13.778298
13.709428
14.197876
13.551446
13.89097
13.712444
13.601578
13.401594
13.42964
13.676464
13.738909
13.421848
14.145794
14.070788
13.713198
13.285998
13.501862
13.473191
13.813058
13.886488
13.515604
13.62417
13.15893
13.379354
13.552123
13.809378
13.650715
13.463979
13.704186
13.992322
13.363244
13.95633
13.165437
13.364923
13.484092
13.79622
13.912467
13.680266
14.065081
13.769286
13.697294
13.53066
13.558462
13.808816
13.528172
13.219464
13.38509
13.472944
13.278602
13.290474
13.834559
13.13091
13.752282
13.799896
13.74572
13.692928
13.226289
12.90917
13.546603
13.638855
13.79057
13.342132
13.244804
13.394679
13.539184
13.7917595
13.798914
13.522262
14.225813
13.89246
13.264866
13.658799
13.612924
13.508942
13.763036
13.499922
13.641016
13.211386
13.36801
13.809738
13.250157
13.261766
13.515635
13.63963
13.7595
13.469962
13.419188
13.360349
13.420108
13.469888
13.20734
13.308042
13.018329
13.203676
13.110604
13.39652
13.136466
13.691514
13.209281
13.297276
13.42986
13.377949
13.457144
13.413208
13.266576
13.809635
13.352552
13.324975
13.449304
12.898974
13.509716
13.328939
13.165902
13.281648
13.066508
13.446774
13.52747
13.555813
13.343736
13.521998
13.534648
13.3291235
13.235666
13.375226
14.103753
13.431852
13.361545
13.486996
13.789484
13.605111
13.588394
13.568618
13.515323
13.209782
13.593378
13.5465355
13.467538
13.791782
13.602174
13.403839
13.444148
13.537681
13.427414
13.51396
13.562182
13.49633
13.590874
13.573609
13.719156
13.403999
13.1741495
13.563414
13.136412
14.062752
13.389858
14.197242
13.348167
13.35596
13.468972
13.640649
13.735108
13.6441345
13.31848
14.017314
13.4475975
13.061997
13.479366
13.728134
13.315104
14.0588255
13.038243
13.808379
13.296892
13.270759
13.211674
13.384646
14.137533
13.99398
13.501248
13.330938
13.490924
13.355952
13.295745
13.617598
13.32068
14.009951
13.482836
13.068096
14.14457
13.636926
13.327876
13.766804
13.776184
13.457354
12.830104
13.546994
13.26929
13.972822
13.8164425
13.506313
13.708415
13.180804
13.221534
13.088815
13.70996
13.315731
13.82638
13.288962
13.813873
13.906127
13.559208
13.148518
13.062158
13.371918
13.400614
13.503905
13.0340805
13.401446
13.805605
12.955656
13.388299
13.15632
12.957817
13.46054
13.53549
12.953719
13.30122
13.47799
13.139198
13.012475
12.991143
13.273989
12.915415
13.297578
13.172843
13.7778015
13.304074
13.410889
13.207004
13.506096
13.482676
13.241954
13.241707
13.66076
13.125835
14.036632
13.728668
13.10331
13.216757
13.678466
13.47247
13.7724495
13.341834
13.277655
13.842497
13.354388
13.513758
13.241978
13.452945
13.852828
13.43561
13.531272
13.199414
13.653467
13.255694
13.6987915
13.857532
13.430484
13.585984
13.276551
12.961871
13.170193
13.363346
13.56688
13.17208
13.410706
13.564093
13.862034
13.70376
13.817912
13.390784
13.204267
13.563957
13.080163
13.388211
13.074812
13.303096
13.247762
13.63463
13.496012
13.81007
13.115078
13.828138
13.51104
13.421494
13.360796
13.241976
13.30472
13.40644
13.346433
13.60378
13.155382
13.36846
13.738291
13.424738
13.94323
13.23902
13.588171
13.24526
13.601984
13.755705
13.617622
13.437452
13.196388
12.990628
13.691771
13.914152
13.369014
13.6797695
13.455983
13.618414
12.997802
13.181834
13.325145
13.191712
13.217192
13.089066
12.816136
12.825692
13.665564
13.67883
13.577964
13.649063
13.302076
13.238306
13.293424
12.942102
13.49329
13.893987
13.300496
13.503888
13.648153
13.559162
13.330983
13.925981
13.714852
13.624546
13.100894
13.214218
13.742616
13.037892
13.249132
13.511962
13.239575
12.99707
13.426143
13.773008
13.359619
13.404764
13.360954
13.431306
13.6568575
13.35202
13.470636
12.911256
13.417726
13.879682
13.527358
13.18636
13.118916
13.435914
12.427428
13.2886715
13.463754
13.619122
13.159601
13.335619
13.396251
13.603631
12.898557
13.793687
13.388532
13.598412
13.758253
13.452158
13.169808
14.043301
13.624975
13.152456
13.626824
13.983334
13.493793
13.149384
13.885232
13.397208
13.414818
13.6834955
13.632976
13.820258
13.64208
13.5000515
13.487789
13.707734
13.2136135
13.63149
14.098705
13.436466
13.424194
13.660363
13.877043
13.691276
13.175204
13.386364
13.746039
13.196264
13.972494
13.621661
13.368705
13.959288
13.314561
13.602134
13.613205
13.509674
13.51987
13.219423
13.420714
13.824586
13.612036
13.028682
13.60427
13.232602
13.596768
13.255944
13.1098
13.461547
13.878754
13.320118
13.288032
14.193214
13.60308
14.004043
13.524964
13.617012
13.272877
13.71326
13.534348
13.194684
13.9582615
13.52819
13.006917
13.443661
13.136291
13.85935
13.489208
13.699476
14.156719
13.575194
13.471791
13.55357
13.691652
13.37731
13.837176
13.387323
13.352012
12.830626
13.432222
13.213584
13.328896
13.630232
13.10587
13.6421
13.860597
13.176962
13.154227
13.327878
13.5279255
13.563942
13.512792
13.562128
13.314074
13.544182
13.503367
13.385636
13.730576
13.881178
13.270688
13.430946
13.44153
13.686806
13.845651
12.885732
13.553452
13.594678
13.568303
13.311679
13.479538
13.998434
13.654986
13.462938
13.735322
13.422349
12.842339
14.07605
13.653772
13.700538
12.667696
13.732179
13.352076
13.218001
13.446377
13.831342
13.743996
13.327492
13.280885
13.711612
13.573488
13.484952
13.554419
13.627976
13.383309
12.662768
12.870606
13.826026
13.438878
13.615525
13.358786
13.367532
13.588028
13.289383
13.601725
13.474106
13.390152
13.681106
13.731414
13.54068
13.47686
13.183776
13.923046
13.789459
13.529588
13.443794
13.12797
13.73047
13.860494
13.499248
13.043966
12.931496
13.771146
13.574128
13.471055
13.187196
13.819968
13.217045
13.443023
13.481702
13.237604
14.100582
13.317394
13.479818
13.473862
13.028872
13.468406
13.349442
13.570466
13.246156
13.140232
13.282718
13.652855
13.394986
13.453612
13.42389
13.427074
13.488399
13.131251
14.003283
13.595463
13.783004
13.08277
13.7786665
13.78642
13.205842
13.627292
13.45443
13.4621315
13.237707
14.078148
13.853374
13.124406
13.25094
13.635337
13.157986
13.835462
13.858195
13.258202
13.343245
13.305227
13.908797
13.788603
13.491394
13.96919
13.159262
13.495583
13.713165
13.364126
13.54722
13.365214
13.748716
13.716635
13.577791
12.976747
13.343573
13.850568
13.333713
13.23253
13.096385
13.250953
13.650736
13.592549
13.763752
13.747315
13.666466
13.671338
12.934974
13.569135
13.50879
13.376187
13.546589
13.677172
13.850649
13.434062
13.116315
13.782996
13.500624
13.82448
12.997666
13.141298
14.110556
13.726578
13.222238
13.437635
13.455859
13.083876
13.312042
13.46236
13.201656
13.823762
13.261064
13.577686
13.480776
13.32467
13.531472
13.185886
13.284362
13.822542
13.038583
13.703499
13.396786
13.676996
13.2593975
13.145156
13.298128
13.212299
13.084475
12.995983
13.925484
13.99651
13.6749115
13.498022
13.862621
14.061608
13.608246
13.103612
13.814618
13.571187
13.133695
13.418925
13.894376
13.497162
13.79559
13.434173
13.2942295
13.339487
13.471024
13.54439
13.334498
13.583506
13.971132
13.441323
13.497488
13.380357
13.587858
13.452278
13.609338
13.78806
13.213246
14.29735
13.694124
13.638834
13.119968
13.351862
13.592915
13.575984
13.977913
13.20394
13.607598
13.813844
13.372579
13.495042
13.116644
13.7323265
13.985419
12.981507
13.55061
14.086242
13.410008
13.432602
13.53445
13.720106
13.845988
13.519656
13.31882
13.671195
13.66292
13.067474
13.984405
13.560108
13.332029
13.418652
13.208346
13.353828
13.359945
13.760775
13.34827
13.377668
13.490701
13.477
13.427218
13.660031
12.964676
13.351373
13.530736
13.524621
13.897706
13.60372
13.350552
13.222832
13.457965
13.289564
13.186454
13.226194
13.749858
12.969561
13.814808
13.586793
13.310444
13.135594
12.973851
12.869448
13.602772
13.66423
13.453093
13.721235
13.7516
13.276445
13.470328
13.941886
13.815426
13.899216
13.510762
13.273921
13.52092
13.288388
13.44572
13.346186
13.673287
13.578543
14.138769
13.382276
13.32747
13.751178
13.849464
13.681332
13.103422
13.23238
13.010259
13.695922
13.375154
13.806776
13.361956
13.678229
13.75129
13.218393
13.413602
13.311432
13.204774
13.712269
13.190188
13.409111
13.385496
13.263346
13.039146
13.400399
13.54445
13.178826
13.494534
13.337738
13.271357
13.604808
13.678142
13.246155
13.82479
13.21962
13.60067
13.38733
13.682422
13.703643
13.755416
14.065289
13.624553
13.582186
13.73656
13.627558
13.467552
13.528936
12.9743
13.547552
13.00776
13.790041
13.812934
13.159393
13.495202
13.518935
13.3597
13.344856
12.942
13.000022
13.4044
13.671182
13.735574
13.584434
13.158306
13.887919
13.082436
13.408354
13.168391
13.192997
13.065912
13.513626
13.981778
13.370632
13.968976
13.993698
13.616726
12.948615
13.516321
13.165788
13.732871
13.885146
13.51141
13.258496
13.879218
12.975974
13.498254
13.335964
13.58499
13.298452
13.16747
13.38262
13.479568
13.106811
13.271634
13.276939
13.438159
13.271298
13.780236
13.601296
13.0390215
13.345684
13.50967
13.633866
13.9375515
13.550272
14.08188
13.767544
13.788212
14.031888
13.201906
13.3581915
13.596254
13.370882
13.392802
13.469336
14.072447
13.884872
13.489181
13.612982
14.206367
13.629626
13.503124
13.155126
13.107174
13.742084
13.373953
13.589862
13.743583
13.678843
13.60308
13.153618
13.888928
13.33849
13.132706
13.454228
14.144191
13.428351
13.857344
13.209876
13.083664
13.789997
13.360968
13.289224
13.402306
13.746596
13.438038
13.837425
13.774398
13.394112
13.868628
13.777186
13.404362
13.645545
13.83457
13.504774
13.550758
13.407984
13.209478
13.985962
13.75053
13.632449
14.367698
13.662503
13.087014
13.359531
13.379446
13.26306
13.853326
13.238745
12.821218
13.453536
13.440862
13.880627
13.866269
13.938526
13.273504
13.272616
13.687004
13.317095
13.557036
13.266975
13.9758415
13.541777
13.821559
13.665997
13.046907
13.32566
13.232384
13.111796
13.673212
13.754118
13.43061
13.419214
13.655616
13.451336
13.647196
13.983354
13.620197
13.58107
13.076188
13.224532
13.24451
13.332756
12.998071
13.430363
13.727255
13.268834
13.28537
13.725776
13.611346
13.416321
13.245051
13.396192
13.533445
12.911274
13.305558
12.810406
13.324987
13.111584
13.40292
13.822993
12.928186
13.963461
13.539723
13.926223
13.745726
13.4061985
13.815274
14.194014
13.69657
12.978453
13.806019
13.507147
13.489344
13.242241
13.591351
13.664073
13.572725
13.784097
13.714037
13.999459
13.569768
13.659441
13.495206
12.681606
13.425242
13.1980295
13.842341
13.633526
13.5398035
13.654196
13.679474
13.557684
13.640403
13.708812
13.199538
13.26492
13.75812
12.956296
13.111204
13.489152
14.100646
13.263636
13.722522
13.306388
13.697546
13.63979
13.06664
13.675562
13.236349
13.421924
13.827054
13.411594
13.689584
13.47273
13.977178
13.460643
13.19151
13.482113
12.864498
13.303632
13.033719
13.177831
13.363072
13.323697
14.032788
13.239435
13.373966
14.081194
13.007708
13.238099
13.798926
13.556464
12.838648
13.128372
13.66906
12.977978
13.654237
13.264273
13.366456
13.691682
13.563734
13.300067
13.821846
13.482004
13.812488
13.738831
12.735252
13.592816
13.54779
13.396244
13.462876
13.54957
13.33415
13.155114
13.524387
13.498538
13.833202
13.263438
13.7842455
13.843751
13.489157
13.323668
13.484478
13.544386
13.647227
13.576243
13.025056
14.105369
13.388868
13.90541
13.802
14.085361
13.3982315
13.697326
13.873844
13.51946
13.66661
13.608379
13.513792
14.076332
13.416392
13.600076
14.134557
13.460924
13.911418
13.781272
13.8579235
13.563404
13.178658
13.386985
13.388506
13.38536
13.444828
13.208954
13.262607
14.0293
13.407562
13.41506
13.416696
13.440324
13.437652
13.676478
13.411712
13.323812
13.612335
13.372506
13.972224
13.652257
13.201406
13.227071
13.248338
13.412434
13.541844
13.195462
13.35088
13.129057
13.472232
13.178336
13.074762
13.926178
13.5318775
13.5017185
13.593652
13.162786
13.746981
13.661292
14.056593
13.748585
13.818194
13.267436
13.352237
12.963046
13.595342
13.533783
13.527632
13.321646
13.578245
13.466293
13.468462
13.725346
13.2259245
13.167702
13.420414
13.238076
13.53286
12.951516
13.72968
13.238742
13.491308
13.649228
13.515782
13.163112
13.452045
13.306192
13.506974
13.3412695
13.52258
13.9888525
13.518274
13.696995
13.244529
13.208818
13.593192
13.659701
13.103446
13.306258
13.000269
13.783517
13.551101
13.343968
13.3671255
13.74428
14.030782
13.865341
13.935538
13.083073
13.359784
13.910507
13.310875
13.732663
13.47403
13.88996
13.322644
13.87795
13.150044
13.413453
13.853038
13.5721855
14.009062
13.506958
13.450966
13.31867
13.83977
13.585468
13.567119
13.758223
13.76832
14.281382
13.573502
13.281674
13.144514
14.025947
13.496656
13.314976
13.203914
13.551014
12.80421
13.628112
13.064331
13.374022
13.703632
13.38675
13.343484
12.827574
13.066345
13.462224
12.385822
13.734065
13.17338
13.740531
13.041362
13.620669
13.804368
13.670656
13.793958
13.573934
13.57916
13.265446
13.531571
13.498255
13.667078
13.561634
13.513849
13.384827
13.2310505
13.11463
13.294762
13.619928
13.311139
13.237746
13.513047
13.938917
13.228762
13.770383
13.604726
13.424921
13.308364
13.480946
13.677659
13.776602
13.089577
13.175386
13.332817
12.995186
13.649442
13.127516
13.23651
12.86941
13.336224
13.3942995
13.2039995
13.602074
12.911225
13.556032
13.753485
13.693454
13.400117
13.331157
13.61379
13.54284
13.462065
13.446146
13.815658
13.1806135
13.25045
13.54307
13.34272
13.570669
13.486028
13.943814
13.243734
13.844576
13.589099
13.819272
13.557944
13.339861
13.276386
13.418166
13.404546
13.349062
13.871514
13.449622
13.790956
13.242222
14.271199
13.294362
13.6467495
13.786373
13.30044
13.1575775
13.404134
13.472904
13.35072
13.100972
14.070074
13.161516
13.771168
13.31524
13.80258
12.745876
13.329479
13.749302
13.8341255
13.661136
13.512572
13.728708
13.564994
13.799979
13.294651
12.547217
13.324983
13.095302
13.802195
13.456448
13.031311
13.960787
13.641002
13.616896
13.683362
13.788661
13.322082
12.891382
13.604176
13.43135
14.069764
13.497387
13.193406
13.027593
13.388888
13.348704
13.68341
13.32489
13.46986
13.505566
13.173144
13.099192
13.183687
13.297444
13.3575735
13.800548
13.608419
13.474928
13.773592
13.55287
13.26171
13.480637
13.63712
13.126616
13.071004
13.633975
13.512683
12.871663
13.086499
13.218402
13.880197
13.646372
13.15358
13.316058
13.676473
13.7626915
13.657572
13.492363
13.64811
13.584266
13.693678
14.021736
13.440872
13.389266
12.903106
13.773218
13.640052
14.018148
13.428088
14.003264
13.535718
12.826861
13.414292
13.410162
13.013064
13.572521
13.348596
13.66609
13.522274
13.145148
13.73578
13.623904
12.88556
13.35873
13.147534
13.245726
13.806294
13.456414
13.516954
12.997141
13.287637
14.286986
13.712201
13.773752
13.371586
13.580961
13.061936
13.6475525
13.416182
13.78514
13.647194
13.810423
13.4904785
13.358712
13.279661
13.426924
13.814301
13.380545
13.52614
13.443732
13.903596
13.495398
13.358262
13.463314
13.563203
12.840374
13.123427
13.765267
13.423196
13.777954
13.319256
13.438018
13.78336
13.873923
13.214556
13.402934
13.2313795
13.291794
13.673158
13.570968
13.257412
13.534553
13.617233
13.5315485
13.309507
13.436906
13.711234
13.384784
13.024256
13.08156
13.736914
13.42197
13.9593
13.598732
13.342242
13.901101
13.35414
13.451141
13.33344
13.5678835
13.2780695
13.184519
13.227936
13.269376
13.607578
12.982349
13.582
13.819691
13.676964
13.624383
13.6817875
13.789249
13.867944
12.794999
13.884342
13.358436
14.072462
14.0295925
13.554525
13.68492
13.628282
13.787629
13.093968
13.691389
13.531322
13.475936
13.360423
13.456268
13.915644
13.290995
12.90521
13.232034
13.330729
12.992722
12.799878
14.2857275
13.530301
13.494028
13.205967
13.457674
14.265877
13.320479
14.127338
13.945412
13.345532
13.469122
13.721482
13.22709
13.414459
13.335139
13.133928
13.665482
13.067987
14.22158
13.66866
13.55038
13.427996
13.533526
12.939306
13.157316
12.884734
13.568406
12.947209
13.544107
13.640413
13.396968
13.25872
13.194726
13.128044
13.106947
12.989742
13.518105
13.11183
13.479582
13.522814
13.473409
13.565406
13.814351
13.368675
13.137957
13.47698
13.363273
13.741243
13.293114
13.290635
13.777884
13.2031355
13.4883
13.171768
13.055886
13.43703
13.285759
13.683646
13.412868
13.8492155
13.32492
13.279039
13.386801
13.478522
13.279682
13.425448
12.991827
13.835582
13.373312
13.522736
13.218614
13.3833
13.535921
13.271196
13.555315
13.30143
13.401397
13.315394
13.242387
13.474061
13.427918
13.339128
13.654741
13.595858
14.06678
13.556674
13.442727
13.590414
14.152536
13.600046
13.382606
13.529072
13.264212
13.667014
13.417598
13.674856
14.384466
13.67791
12.910436
13.483638
12.802331
13.872292
14.008526
13.661064
13.0354395
13.662455
13.691416
13.775383
13.790859
13.527287
13.38409
13.75868
13.287679
13.61921
13.529935
13.492748
13.516454
13.326448
13.696488
13.177446
13.530333
13.296372
13.395923
13.169154
13.894748
13.566638
13.09052
13.632076
13.517346
13.751616
12.846395
13.706142
13.702842
13.629111
13.246027
13.283712
13.005168
13.460249
13.04898
13.535292
13.524116
13.59052
13.52452
14.002227
13.600793
13.355925
13.162687
13.383829
13.071252
13.17154
13.64764
13.148428
13.788974
13.325809
13.622391
13.731319
13.316516
13.741674
13.097658
13.217419
13.34954
13.538127
13.49232
14.169242
13.89506
13.992662
13.974044
13.645152
13.176352
13.224981
13.583778
14.022551
13.60397
13.94347
14.107425
13.689586
13.900177
13.469158
13.404754
13.748795
13.519968
13.335692
13.23089
13.721404
13.014508
13.2365
13.723889
13.530836
13.786396
13.878831
13.582382
13.58377
13.24413
13.407833
13.406961
13.535229
13.157759
13.4552
13.4449415
13.419784
13.650583
13.44516
13.288251
13.622896
12.955573
13.519516
13.06455
13.235254
13.8470335
13.277558
13.30078
12.908336
12.910374
13.163544
13.13233
13.933526
13.39727
13.656017
13.12488
13.424506
13.630079
13.435448
13.673596
13.435487
13.093728
14.267535
13.422967
13.886736
13.806068
13.701067
13.264827
13.475458
13.236718
13.336422
13.488458
13.476894
13.545686
13.737011
12.89498
13.884526
13.378385
13.2802515
13.419696
13.642484
13.211582
13.313996
13.971233
13.8676195
13.437312
13.346656
13.59131
13.492887
13.690644
13.254184
13.251892
13.157922
13.453184
13.274814
13.722383
13.314751
13.318918
13.099162
13.762547
13.635414
13.07329
13.288428
13.65711
13.343938
13.205884
13.725514
13.376904
13.965089
13.819698
13.340569
13.457011
13.506226
13.518452
13.391372
13.153444
13.473195
13.263111
13.486675
13.657897
13.659808
13.376706
13.321712
13.630225
12.941504
13.639362
13.291086
13.629909
13.21391
13.041867
13.279132
13.64576
13.399732
13.355324
13.928443
13.713629
13.203368
13.374428
13.787536
14.029785
13.458811
13.438292
13.468543
13.685795
13.320758
13.663945
13.643305
13.256535
13.362102
13.85717
13.41131
14.07733
13.51911
13.371084
13.384252
13.052302
13.39408
13.423558
13.396471
13.429646
13.068738
12.956365
13.498863
13.830276
13.326836
13.41879
13.55651
13.242918
14.06715
13.673163
13.931459
13.715062
13.098406
13.937872
13.438088
13.853768
13.605974
13.265136
13.036888
13.686437
14.129808
13.536547
13.074939
13.354496
13.144807
12.901168
13.603953
12.962466
13.210836
13.298996
13.531524
13.737108
13.570278
12.879545
13.68003
13.372006
13.28711
13.774398
13.149623
13.529172
13.529172
13.387353
13.175576
13.506332
13.785038
13.518622
13.360212
13.758614
13.421836
13.5404825
13.814894
13.548196
12.889189
13.645164
13.077813
13.127803
13.3039875
13.289567
13.27093
13.330638
12.827002
13.418886
13.28012
13.243236
13.063322
13.239125
13.584722
14.155888
12.9066925
13.50241
13.766476
13.137168
14.123312
13.081428
13.624371
13.183117
13.224436
12.901006
13.441145
13.381766
12.987341
13.40471
13.870218
13.073278
13.404045
13.635754
14.012999
13.454084
13.334424
13.229882
13.695288
13.438646
13.463986
13.416502
14.014541
13.011304
13.220437
13.291228
13.520836
12.974526
13.247406
13.617824
13.16693
13.160606
13.55649
13.661929
13.622964
13.020672
13.088295
13.504238
13.56003
12.987131
13.263405
13.346055
13.658661
13.677168
13.06186
13.925928
13.7202835
13.384108
12.915127
13.517987
13.60932
12.875415
13.619674
13.390302
13.096034
13.908095
13.175872
13.268509
14.024018
13.733107
13.194138
13.4844675
14.017673
13.589959
13.476591
13.32063
13.788133
13.312098
13.703094
13.882341
13.378609
13.459676
13.324856
13.284
13.750858
13.5852375
13.839606
13.525028
13.567002
12.92661
13.585086
13.828498
13.80419
13.300398
13.231124
13.43398
13.653496
13.41156
13.439235
13.785311
13.442782
13.614264
13.151974
13.1227455
13.168726
13.783092
13.772828
13.453645
13.075947
14.051438
13.698652
13.487216
13.598266
13.115698
13.826964
13.589342
13.647827
13.443499
13.738796
13.503249
13.511675
13.657117
13.64611
13.180392
13.517154
13.56001
13.804644
13.122205
12.952144
13.201534
13.246344
13.397508
13.673414
12.944467
13.253749
13.707058
13.297728
13.571699
13.248254
13.296048
13.518618
13.062747
13.23061
13.684159
14.116532
13.055255
13.909926
12.867624
13.576141
13.490824
13.334643
13.034792
13.608494
13.349433
13.305152
13.309462
13.056852
13.369849
13.293484
13.436706
13.051496
13.802678
13.052202
12.893138
14.179077
13.274019
12.958146
13.35732
13.5538
13.30893
13.1912365
13.630105
13.46353
13.317821
13.263188
13.374192
13.479104
13.584964
13.578762
13.185822
13.367862
12.863096
13.464306
13.474823
14.071554
13.055478
13.6955595
13.392708
13.433467
13.58419
13.920741
13.332473
13.097976
14.196365
13.490153
12.955156
13.23084
13.2327795
13.502262
13.637837
13.154375
13.351582
13.348233
13.453065
13.222765
13.588323
13.408112
13.657134
13.55095
13.324981
13.613912
13.781046
13.310841
13.6205635
13.493696
13.242978
13.487674
13.95175
13.33609
13.538064
14.206288
13.761157
13.646732
13.81859
13.100398
13.22055
13.129963
13.0712595
13.171944
13.597564
13.328088
13.148072
13.426449
13.240393
13.5334
13.2187605
13.588657
13.545682
13.707
13.219316
13.450113
13.763022
13.77721
13.410981
13.303843
13.651696
13.033954
13.589025
13.629268
13.575694
13.802751
13.07612
13.821882
13.565585
13.303312
13.258384
12.877788
13.355818
13.134284
13.61292
13.151226
13.333152
13.505887
13.85226
13.18691
13.250037
13.213762
13.17247
13.605971
13.75188
13.3445015
13.0402565
13.316336
12.999343
13.5380945
13.581302
13.351795
13.381441
14.197286
13.937303
13.0483265
13.189256
13.385174
13.717548
13.179376
13.40857
13.670908
13.159908
14.273601
13.438235
13.706826
13.14498
13.633699
14.213454
13.02221
13.398546
13.125992
13.560244
13.425332
13.705363
13.63494
13.408351
13.370168
13.48316
13.152696
13.237492
12.890117
13.548988
12.889615
13.150968
13.59146
13.563294
14.007892
12.965556
13.494502
13.09903
13.5438795
13.732758
13.346154
13.341786
13.526546
13.5310955
13.709741
13.440764
13.449896
13.252289
13.622424
14.01923
14.198374
13.404426
14.018402
13.240435
13.0622
13.346722
13.664038
13.838423
13.662533
13.282542
13.48359
13.9746
13.597808
13.19658
13.154162
13.120193
13.43977
13.329524
13.698795
13.903655
13.793928
13.529893
13.658598
13.802228
13.375148
13.908124
13.213016
13.329825
13.632036
13.3092
13.209061
13.508242
13.503372
13.527039
13.923222
13.705592
13.539278
13.8433485
13.364582
13.827394
13.017024
13.025468
13.503064
13.823034
13.7399845
13.430605
13.62986
13.464957
13.03689
13.367206
13.062224
13.483025
12.883
13.113876
13.097761
13.452054
13.610118
13.588478
13.176238
13.592875
13.498112
13.229465
13.433291
13.509148
13.568833
13.314959
13.674308
13.157499
13.198178
13.616849
13.22762
13.272672
13.665284
13.627634
13.172504
13.064838
13.748455
13.453288
13.370062
13.51797
13.888832
13.541901
13.451356
13.321565
13.2028
13.227841
13.375746
13.906848
12.993294
13.61505
13.517678
13.198939
13.680389
12.875603
13.281376
13.508689
13.487075
13.605456
13.717037
13.378656
13.12671
13.439968
12.736612
13.429025
13.089877
13.806946
13.522652
13.203988
13.265242
13.795839
13.535328
13.570526
12.917614
13.610687
13.80172
13.654308
13.42587
12.92257
13.471192
13.946378
13.544746
13.218693
13.823087
13.197982
13.191085
13.672832
13.254714
13.6423235
13.452671
13.3454895
12.807083
13.509413
13.289642
12.992224
13.653364
12.866414
13.500394
13.344226
13.60899
13.593611
13.475931
13.149315
13.431524
13.600062
13.835338
13.006328
12.857024
12.962484
13.588214
13.316526
13.16724
13.690431
13.362164
13.330898
12.7031
13.380654
13.127451
13.39004
13.35903
13.6157255
13.426786
13.155962
13.283457
13.435178
13.733778
13.545796
13.146298
13.821254
13.891002
13.331564
13.096845
13.842602
14.192397
13.252806
13.059651
13.077826
13.450874
13.27386
13.295004
13.558747
13.538113
13.388553
13.476948
13.805862
13.197631
13.816393
13.865806
14.531224
13.92656
13.194898
12.570296
12.914552
13.646879
13.075656
13.421097
13.4091425
13.148489
13.15311
13.634021
13.320957
13.814354
13.573026
13.31131
13.398521
12.945569
13.138686
13.34681
13.327546
13.146862
13.400279
13.655436
13.217212
13.358305
13.164277
13.519668
13.355524
14.046742
13.247858
13.274903
14.019092
13.040049
13.35522
13.48599
13.589399
13.782247
13.476184
13.284227
12.99002
13.68092
13.220942
13.701496
13.954823
13.9087305
13.248408
13.429463
13.372898
13.723032
13.448487
13.376376
13.54551
13.501655
13.513914
12.89345
12.809886
13.027509
13.189321
13.508884
13.375409
13.55464
13.357885
13.37658
13.946431
13.505452
13.756822
13.230338
13.653216
13.54905
13.199681
13.722866
13.77827
13.166864
13.875764
12.766067
13.637426
13.667094
13.53801
13.282078
13.184519
13.071514
13.610236
13.533206
13.435941
13.334978
13.67953
12.969767
13.207028
13.472605
13.188974
13.457837
13.546552
13.380233
13.146871
13.484912
13.871652
13.109462
13.430112
13.603682
12.959984
13.225501
12.979576
13.151982
13.143713
13.544757
13.27778
13.890446
13.036526
13.057051
13.450784
13.190646
13.461685
13.325022
13.682605
13.206433
13.107436
13.376734
13.502206
13.857676
13.54003
13.5200615
13.546383
13.189909
13.506306
12.989846
12.826402
13.174857
13.492452
13.28748
13.694453
13.216076
12.87519
13.0231695
13.319812
13.534082
13.555718
13.374897
13.230482
13.478815
13.063614
12.98255
13.32222
13.733954
14.08503
13.668749
13.535869
13.676695
13.478007
13.49343
12.960624
13.417976
12.674188
13.405698
13.176844
13.402353
13.043143
14.043837
12.89524
13.361064
13.549921
13.304236
13.372545
12.968002
13.074254
13.102792
13.454878
13.289259
12.772746
12.753576
13.372742
13.127668
14.011009
13.637336
13.79649
13.07352
13.615151
13.30199
13.172623
12.589004
13.246042
13.216326
13.315103
13.46754
14.067999
13.046014
13.807356
14.101014
13.34797
13.3421135
14.203139
13.109804
13.602513
13.7177515
13.236428
13.430582
12.92321
13.526306
13.745628
13.541359
12.857357
12.876028
13.826999
13.1062355
13.372544
14.034588
13.413326
13.654198
13.627005
13.214762
13.75375
13.491704
13.275528
13.361028
13.760712
13.288812
13.129084
13.44602
13.531246
13.942043
13.49766
13.601518
13.432809
13.526308
12.956522
13.592548
13.204294
13.494587
13.788521
13.486948
12.822184
13.261318
13.229738
13.117316
13.944074
13.697747
13.621364
13.54839
12.842684
13.726732
13.264608
12.989992
13.514892
13.28726
13.110506
13.039976
12.86793
13.53658
13.047909
13.788794
13.572671
13.260623
13.472706
13.639844
13.125697
13.703782
13.248518
13.517936
13.542216
13.289656
13.14362
13.529203
13.744456
13.595422
13.690559
13.299917
13.644969
13.526388
13.361762
13.415582
13.881826
13.446366
13.185773
13.971626
13.538203
13.264284
13.177566
13.645847
13.612433
13.69703
13.647736
13.463948
13.262894
13.422566
13.495249
13.367502
13.150532
13.733606
13.681504
12.929086
13.439514
13.375356
12.995993
13.197908
13.4314
13.669986
13.81918
13.491836
13.571218
13.044236
13.3593025
13.1070175
13.417842
13.721173
13.075572
13.182748
13.72698
13.433318
13.805827
13.316215
13.79273
13.315262
13.272115
13.152274
13.23795
13.35069
13.365528
13.409776
12.876457
13.444849
13.350246
13.436482
13.500267
13.750076
13.73231
13.062304
13.420116
13.64838
13.101594
13.867786
13.274193
13.90996
13.305682
13.735985
13.792445
13.289586
13.2448845
13.121842
13.163222
13.093475
13.560972
13.243108
13.805943
13.306805
13.184753
13.590137
13.513804
13.346465
13.28725
13.043838
13.600485
13.2063675
13.401163
12.756806
12.847886
13.873999
13.503252
13.173858
13.221044
13.7929735
13.274469
13.861902
13.3225765
12.980732
12.93441
13.140266
13.258372
13.443189
13.309186
13.619202
13.776881
13.086324
13.099864
12.953588
13.177914
13.120365
12.694864
13.306329
13.415926
13.436806
13.983828
13.178216
13.293172
13.706732
13.586678
13.476597
13.352442
13.292558
12.638779
12.904315
12.780508
13.250664
13.503161
13.482192
12.868012
13.539686
13.595908
12.932904
13.994485
13.169158
13.484593
13.086444
13.1170435
13.020921
13.120149
12.871886
13.522881
13.601504
13.281675
14.03384
13.645207
13.43141
13.391633
13.246726
13.589627
13.740208
13.293072
13.388456
13.514278
13.2755
13.418979
13.506168
13.450864
12.695852
13.285064
13.255504
13.547532
13.58238
13.391327
13.433291
13.739726
13.6937475
13.50385
13.361758
13.4433155
13.605362
13.77909
12.987047
14.047628
13.3589115
13.551172
13.356982
13.727518
12.919188
13.206919
13.757626
13.22619
13.353546
13.429045
13.353318
13.346193
13.300936
13.460854
13.22409
13.209772
13.03789
13.696534
13.631538
13.580776
13.001216
12.882758
13.560601
13.293635
13.406152
13.511982
13.403608
13.441888
13.027895
13.661722
13.150316
13.138756
13.301871
13.374454
12.90057
13.520052
12.740405
13.035122
13.02805
13.502332
13.505372
12.8237
13.518786
13.395719
13.390138
13.60165
13.32948
13.341228
13.530138
13.398412
13.177477
13.15287
13.783538
13.559585
13.310026
13.188795
13.310422
13.272643
13.590276
13.02076
13.3747835
13.192152
13.183929
13.602503
13.124034
13.309117
13.870222
13.337706
13.301293
13.332523
13.662694
13.941932
13.144742
13.478556
13.72206
13.723167
13.031554
13.353077
12.926213
13.89609
13.114259
13.164167
13.341748
13.314292
13.349976
13.433054
13.36294
13.621831
13.031781
12.928376
13.147497
13.39442
13.480302
13.231403
13.660488
13.126432
13.59861
13.063804
13.575403
13.151776
13.044007
12.942984
13.998668
13.178701
13.35642
13.001497
13.530758
13.616031
13.323142
13.519158
13.294958
13.5160675
13.389678
13.52977
13.17617
13.856348
13.06744
13.137848
13.561044
13.855923
13.402438
14.04518
13.365609
12.834095
13.238717
13.1678295
13.046204
13.511143
13.1156435
13.229332
13.110184
13.777856
13.709596
12.955644
12.876259
13.194052
13.213103
13.32597
13.166874
12.932887
12.880538
13.538918
13.221204
13.377942
13.06918
13.488012
13.561558
13.408776
13.698521
13.899082
13.051672
13.440324
12.885022
12.874017
13.471354
13.334864
13.49741
14.024956
13.372002
13.459505
13.606265
13.309734
13.22297
12.807588
13.362664
13.86494
13.6054735
13.743584
13.33213
13.582894
13.962354
13.514887
13.233434
13.211488
13.140332
12.867236
13.134122
13.225492
13.403841
12.921521
13.153382
13.289004
13.023938
13.536104
13.67365
13.523568
13.058298
13.722664
13.440863
13.6740465
13.3872175
13.28005
12.858755
13.568739
13.238334
13.537775
13.027166
13.637126
13.468644
13.5811205
13.192361
13.171168
12.690972
13.172946
13.519625
13.481905
13.084684
13.057708
13.259964
12.935182
13.189507
13.604619
13.504214
13.445966
13.119354
12.897634
13.438446
13.821986
13.539676
13.310154
12.85477
13.604707
13.487366
13.011026
13.345664
13.297594
13.421772
13.421668
13.371015
12.908765
13.764227
12.85807
13.498288
13.457054
13.112792
13.306242
12.942908
12.568289
13.7286825
13.489159
12.972636
13.26816
13.186084
13.747865
13.270502
14.066564
13.198181
12.788382
13.409801
13.753632
13.127758
13.58507
13.380503
13.58827
13.434425
13.189309
13.317927
13.4465
13.116588
13.400999
12.83784
12.946436
13.748274
13.580306
13.197506
13.394405
13.361381
13.2222595
13.280316
13.286332
13.539186
13.369752
13.218696
13.67539
12.805212
13.616118
13.117898
12.928998
13.1170435
13.187823
13.56075
13.027019
13.493668
13.10614
13.090862
13.5371475
13.8319435
13.57928
13.453486
13.199403
13.78667
13.439522
12.938467
13.393097
13.607375
13.854384
13.575714
13.622224
13.269203
13.724096
13.840544
13.557091
13.551488
13.163491
13.294094
13.440446
13.4466505
13.194528
13.534172
12.886976
12.934555
13.26593
13.543001
13.085283
13.197844
13.025344
12.78338
13.197434
13.31095
13.730102
13.298458
12.988638
13.419552
12.848508
13.174932
13.420972
13.398009
13.454207
13.214975
12.7285
13.268053
12.555304
13.101786
13.682459
13.216808
13.667267
13.436173
13.2010355
13.715786
13.337966
13.332749
13.193606
13.116028
13.068526
13.699944
13.36187
13.484368
13.401688
13.181858
12.967692
13.115326
13.160912
13.312668
13.477387
13.084479
13.492419
13.367545
13.281067
13.271321
13.610348
12.923172
13.307056
13.156206
13.098416
13.45319
12.936542
13.543639
13.111232
13.422176
12.974508
12.858078
13.240084
13.356162
13.38173
13.59213
13.402407
13.402592
13.437946
13.585783
13.027935
13.30426
13.678634
13.244121
13.440736
13.550062
13.243609
12.8861
13.186572
13.34746
13.240202
13.081502
13.191362
13.537474
13.30963
13.86792
13.635458
13.585749
12.851916
13.202499
13.260359
13.210868
13.457329
13.128685
13.938484
13.24449
12.785885
13.579166
13.1547165
12.817079
13.1963
13.270662
13.575798
13.799265
13.852149
13.366932
13.590888
13.600425
13.307942
13.450666
13.905445
13.35452
13.285558
13.537346
12.915646
13.091048
13.409949
13.688004
13.645065
13.492317
12.754512
13.296005
13.41094
13.090854
13.063847
13.650275
13.284174
13.535996
13.295844
12.873678
12.893578
13.167948
13.223298
13.763344
13.468854
13.453914
13.39215
13.114218
12.992558
12.798514
13.079694
12.991109
13.260402
13.13786
12.961499
13.849698
13.801399
13.412598
13.676081
13.397476
13.454981
13.235928
13.2923355
13.434306
13.31125
13.618452
13.223674
13.000394
13.489418
13.242028
13.319335
13.228228
13.049758
13.855578
12.641861
13.201619
13.6780815
13.776028
13.111246
13.4562845
13.16407
13.804394
13.140058
13.048984
13.792948
13.382053
13.257593
13.082546
12.876912
13.457577
13.247242
13.107528
13.848538
13.358681
13.147942
13.838088
13.837844
13.427693
13.588266
13.779932
13.163772
12.831521
12.515296
13.172493
12.945234
13.60303
13.224714
13.860573
13.082949
13.221578
13.701812
13.689498
13.372371
13.066756
13.382011
13.1360235
13.448322
12.550456
13.226747
12.767898
13.337389
13.18856
13.110111
13.70831
13.081419
13.081524
13.401039
13.242484
13.472887
13.222089
13.137545
13.239461
13.330901
13.048006
13.301968
13.253908
13.370142
12.767278
12.970684
12.6781
13.180752
13.95665
13.308321
13.170656
13.329282
13.232095
13.789314
13.305004
13.681146
13.146329
12.975486
13.525354
13.490648
13.851191
12.98248
13.377714
12.935292
13.355838
13.225653
13.583716
14.125865
12.848594
13.64811
13.589934
12.909796
13.216926
13.498269
12.861843
13.759696
13.274373
12.992751
12.911896
13.479425
13.525206
13.712145
13.162284
13.52271
13.210246
13.027108
13.311939
13.482376
13.611118
13.012876
13.73171
13.586792
13.4029255
13.30669
13.818355
12.731984
12.968651
13.2266655
13.791008
13.524096
13.077237
12.869718
13.472836
13.260658
13.263471
13.244621
13.091953
13.400108
13.411097
13.279081
12.703554
13.685174
12.838462
13.056168
13.977428
13.920501
13.225852
13.57929
13.711836
13.7293415
13.343828
13.217634
13.261534
13.168454
13.206819
13.109288
13.025942
12.945552
13.25634
13.616222
13.422823
13.263062
13.529812
13.4548235
13.34258
12.844401
13.046831
13.23091
13.645874
13.126376
12.523379
13.192802
12.880826
12.781461
13.238858
13.267448
13.136615
12.760653
13.275135
12.911482
13.192348
13.757276
13.11728
13.429119
13.331773
12.938389
13.058298
13.399781
13.569954
13.095036
13.832009
13.451568
12.852203
13.798816
13.41402
13.191229
12.98923
13.16075
13.872171
13.069356
12.946998
13.35507
12.981928
13.038834
13.370537
13.101382
13.173696
13.027706
13.424042
13.362506
13.106292
13.445366
13.150454
13.460713
12.978611
13.445974
13.297729
12.975998
13.027096
13.711697
12.70168
13.691479
13.639396
13.066608
13.428072
13.456307
13.222574
13.478029
12.6387
13.01054
12.847704
13.466729
13.487384
13.838695
13.396601
13.3551855
13.318282
13.437964
13.115982
13.698912
12.943454
13.071419
13.206422
13.812397
12.896594
13.856865
13.49315
12.6764
13.698542
13.471667
13.370554
13.606016
12.91272
12.569722
13.41869
13.673666
12.900482
13.417349
13.1274395
13.675346
13.335455
12.944589
13.372568
13.179381
13.589059
13.107829
13.329756
13.5018
12.799242
13.648943
13.398881
13.47076
12.81138
13.457179
13.414422
13.828623
13.297091
13.125352
12.90423
13.175858
13.594715
13.132877
13.503698
13.29732
13.352861
13.484566
12.998737
13.07202
12.7854
13.293599
13.671193
13.00315
13.459638
13.461962
13.321964
12.82983
13.062865
13.019832
13.470237
14.049293
13.464882
13.004813
13.664792
12.795643
12.989018
12.40007
13.638773
13.296286
13.63367
13.774872
13.746192
13.314304
13.59632
13.584252
13.59045
12.557194
13.307731
13.265454
13.194803
13.326791
13.060041
13.524142
13.437874
13.375556
13.210227
12.892664
13.632902
13.3362255
13.239454
13.388621
13.326644
13.551774
12.8876915
13.416435
13.24381
12.99355
13.438409
13.692136
12.6837
13.587013
12.979782
13.111212
13.644328
13.399626
13.766661
13.658387
13.592264
13.171246
13.226268
13.484762
12.904524
13.56247
13.759548
13.191207
13.407886
13.128832
13.317607
13.395892
13.468541
13.426102
12.992087
13.868696
13.093254
13.225378
13.248642
13.668343
13.20788
12.911198
13.389947
13.015452
12.653184
13.193826
13.080682
13.98324
13.396233
12.535285
13.327933
13.065064
13.218077
12.781014
12.77736
13.159426
13.65352
13.878233
13.79196
13.323212
13.272338
13.647698
13.607394
12.61648
13.363004
12.5277
13.027828
13.265355
13.081091
13.445686
13.062805
13.311364
12.770542
13.181699
13.095905
13.370033
12.928016
13.06103
13.328582
13.436768
13.478073
13.658023
13.292623
13.303383
12.799184
13.483556
13.175529
13.153387
13.040529
13.838205
13.097304
13.329366
12.948234
13.33496
13.253758
13.544244
12.849258
13.760818
13.138756
13.276969
13.099484
13.003378
12.972632
13.29085
13.243014
13.23351
13.631496
13.519502
13.703351
13.234193
13.27607
13.330761
13.100629
12.94316
13.120711
13.23112
12.857446
13.796829
12.99606
13.214213
12.947278
13.0634365
13.160082
13.587846
13.012873
12.659846
13.342187
13.03261
13.6238365
13.496435
13.349488
12.909525
13.13192
13.100449
13.21608
13.093672
13.161154
13.591613
13.311956
13.410612
13.204842
13.699586
14.166358
13.617806
13.250701
13.465778
13.114908
13.533614
13.178901
13.258034
13.1628475
13.280832
13.494626
13.513861
13.355257
13.522855
13.066198
13.446464
13.053319
12.949529
12.993292
13.355909
13.075986
12.78956
13.060638
13.305312
13.263318
13.902644
13.58725
13.715991
13.467708
12.715824
13.58543
13.023407
13.268971
13.122487
12.842598
13.1602745
13.36169
13.744588
13.174796
13.20273
13.544567
13.602731
13.352855
13.168031
13.685206
13.772177
13.209822
13.697432
13.20596
13.524896
14.027582
13.1433
12.854824
13.782726
13.4641
12.944858
13.371824
13.467248
13.330518
13.204522
13.483814
13.16622
13.2402315
13.776854
13.114863
13.194138
13.103139
13.324936
13.584912
13.90114
13.214796
13.236632
13.49029
13.784681
13.605776
13.311092
13.426436
13.673096
13.236358
13.563241
13.220574
12.779814
13.363406
13.306691
13.2551155
13.370172
12.739074
13.111524
13.027332
13.372617
13.442814
13.453029
13.40599
13.369216
13.226029
13.142162
12.840962
13.4946
13.013727
13.24777
13.585436
13.274944
12.814924
13.32942
13.340362
13.468086
13.764922
13.142604
13.531284
13.342202
13.6289835
13.13374
12.830291
13.317714
13.06974
13.103338
13.252072
13.3496
