25.852634
26.311785
25.146032
24.858606
24.698517
23.950827
24.4563
24.240408
23.673792
23.645529
23.710094
23.596424
22.402533
22.024403
21.169165
19.719765
19.685366
18.65244
18.387918
16.614323
14.8765955
14.350414
14.159535
13.444214
12.208382
10.752369
9.564272
9.550477
9.540149
10.520996
10.201306
9.220312
8.313031
8.330916
8.703494
7.967568
7.818611
7.506305
7.260473
7.112373
7.0936575
6.5196905
6.135551
6.1151247
5.9879465
6.0380464
5.9725633
6.576902
6.277568
6.2630477
6.0518894
6.131145
5.8165
5.587041
5.244507
5.1658773
5.184022
4.9938984
5.460131
5.496725
5.6196413
5.7827554
5.899111
5.470339
5.6926217
5.5279613
5.258509
5.142661
4.811321
5.130964
5.038561
5.1244054
5.0018435
5.505054
5.134823
5.552874
5.136875
5.050236
4.8746805
5.085067
4.868164
4.853578
4.895687
4.9749093
4.975378
5.001849
5.0661125
5.063576
5.155834
5.049598
5.197423
4.999703
4.927251
4.882242
4.621997
4.97997
4.709951
4.7801
4.654328
4.8113155
4.910114
5.0703645
5.304652
5.002594
4.6367
4.373615
4.3456798
4.292165
4.2282
4.4428563
4.343011
4.440114
4.690738
4.665065
4.5938587
4.56833
4.2063117
4.251971
4.2413445
4.332378
4.1651044
4.494953
4.8533998
4.572167
4.702583
4.5672665
4.278523
4.36577
4.351371
4.1887093
4.109023
4.326721
4.4767947
4.5443816
4.830321
4.704109
4.7382526
4.6266146
4.456092
4.0175495
4.189846
4.359703
4.250412
4.265217
4.300363
4.273811
4.5617504
4.3781075
4.238701
4.42519
4.5356345
4.3087554
4.191079
4.419679
4.48312
4.2912836
4.435371
4.7077017
4.36445
4.3686457
4.115429
4.3465233
4.274514
4.344272
4.4181423
4.5582595
4.579785
4.853697
4.722293
4.451339
5.760667
5.138214
4.498646
5.142173
4.788914
4.327393
4.5638747
5.0698557
4.4452844
4.0875406
4.96403
4.4472876
4.586671
4.6760206
4.4249773
4.074409
4.616327
4.300505
4.144786
4.448332
4.329777
4.22821
4.4963613
4.0980387
4.241194
4.145888
4.022786
3.919962
4.065759
3.9490693
4.1068544
4.1212487
4.359182
4.028508
4.2059646
4.439302
4.166072
4.2224636
4.348062
4.015416
4.0780883
4.209727
4.1238875
4.16174
4.344393
4.75556
4.298898
4.728872
4.2419696
4.0746574
4.290893
4.2579784
4.166548
3.90157
4.1974697
4.173594
3.935046
4.0704336
4.425674
3.9707375
3.8054795
4.172049
4.2200003
3.9948692
4.46695
4.179677
4.109417
4.2145467
3.8554845
3.918523
4.042207
4.371632
3.9766068
4.206094
4.2945857
4.1086135
4.629803
4.0394883
4.0665402
4.1374984
3.769924
3.911511
4.1765976
4.293403
4.250097
4.0387535
4.441767
4.1859436
4.2278156
4.1295786
3.97328
3.9635744
3.8498394
3.884307
3.989727
3.8466206
4.083441
4.1092005
3.9181607
3.9445376
3.7996814
3.63475
3.869552
3.7953303
4.0450068
3.9988735
4.2232704
3.831876
3.9366205
3.7477884
3.9046814
3.7951474
3.849773
3.8247838
4.0624404
3.867999
4.037994
3.705512
3.6097379
3.9333167
3.7319355
3.8931189
3.6826415
4.1089897
3.7918096
3.8963783
4.1336246
3.753831
3.5903552
3.7000103
3.6144204
3.408277
3.8101315
4.1331296
3.932192
4.784608
4.115945
3.9102483
3.9288564
3.5376785
3.822764
3.6638455
3.679086
4.1891613
3.688783
3.5229266
3.3632
3.500045
3.5619156
3.8558276
3.8430862
4.028905
4.1122155
3.753985
3.77854
3.5462787
3.6139646
3.611831
3.5045452
3.901047
3.8147376
3.9492958
3.6643593
3.5511863
3.570197
3.4009945
3.4846964
3.5106375
3.8311074
3.6188705
3.8172662
3.4178839
3.9432645
3.5224686
3.803663
3.7951913
3.735147
3.525544
3.4760444
3.4823685
3.5825033
3.31879
3.6492069
3.791278
3.637055
3.4236248
3.686379
3.482384
3.3663197
3.333779
3.6132574
3.5190475
3.6924965
3.3908355
3.2919552
3.4281495
3.3931904
3.4200711
3.3569005
3.413267
3.4104562
3.317025
3.3881252
3.19971
3.218806
3.3917665
3.337589
3.449155
3.4178724
3.6292856
3.3586195
3.2276027
3.2170925
3.1284523
3.2257102
2.983715
3.16721
3.154082
3.2553556
3.136332
3.4628766
3.4611268
3.4385173
3.2355804
3.188708
3.1386511
3.2963161
3.3969183
3.6024618
3.580813
3.2327805
3.2762315
3.2690957
3.134965
3.139522
3.161558
3.427818
3.5074406
3.294323
3.1367686
3.1878564
3.1578436
3.211062
3.1379094
3.2527044
3.3583105
3.1836238
3.244392
3.1640716
2.952233
2.9365902
3.225363
3.0897365
3.2190044
3.4611144
3.2236207
3.059655
3.2592804
3.027092
3.1354635
3.1799693
3.2252972
3.1791372
3.1607609
3.442243
3.2671945
3.277243
3.267977
3.2377903
3.124224
2.9532099
3.025626
3.2621818
3.208896
3.0743809
2.796358
3.2619977
3.1065354
3.3103328
3.31651
3.1574957
3.41803
2.9562416
2.9512384
3.3088484
2.9828174
3.047335
3.3049831
3.0445805
3.0098658
3.2044327
3.3966856
3.055719
3.2053466
3.18783
2.936253
2.8588095
3.0910394
2.9317734
2.8257916
2.852649
2.935441
3.0459783
3.146175
3.0055857
2.91507
3.0332675
3.0192719
3.1742682
3.0332844
3.1498868
3.1576507
3.0049264
2.8484986
2.8155446
3.033825
3.034891
2.9642375
3.0969074
2.853448
2.6922874
3.0315783
2.9452627
2.8925276
3.1501775
3.2855072
2.8420165
2.9961529
2.9911087
2.916788
3.1069329
3.5612195
3.1633058
3.250145
3.1517005
2.9295104
3.062752
3.104311
3.065554
3.380011
2.8045423
3.0833626
2.785787
2.811608
2.7568774
2.7433822
2.6841178
3.081333
2.9148974
2.8742466
2.742124
2.733707
2.56805
2.7504165
2.962968
2.7378795
3.1474328
2.7944865
2.7151074
2.8758574
2.673944
2.8461745
3.2248588
2.840903
3.070062
2.9195993
2.7316844
2.8522353
3.073548
2.6844656
2.68614
2.9912384
2.8342195
2.7555463
3.137041
2.62462
2.6554587
2.777914
3.0849266
3.0932357
3.0780733
2.7901902
2.974088
2.9551876
2.730413
2.780567
3.260271
2.7662692
2.7897317
2.749363
2.9769475
2.6840668
2.808853
3.0183012
2.894229
2.7085273
2.8243415
2.676959
2.5973792
2.6567647
2.6673553
2.749511
2.487493
2.6363454
2.5655124
2.5393095
2.675144
2.614296
2.6528082
2.600303
2.602213
2.715939
2.6148672
2.6157427
2.50995
2.611488
2.5964859
2.89765
2.7814825
2.6888058
2.844648
2.5770214
2.8772874
2.6673474
2.545116
2.646214
2.6470625
2.5267732
2.8666778
2.9082165
2.6269903
2.531425
2.652492
2.5682511
2.478021
2.6341038
2.813127
2.546359
2.4190109
2.709269
2.5221405
2.655391
2.57251
2.691213
2.552798
2.552276
2.5743012
2.481699
2.7869892
2.727429
2.8492196
2.7123334
2.4190018
2.8658068
2.681808
2.7708602
3.0596724
2.850747
2.652289
2.9148896
2.6535215
2.6199317
3.1222124
3.1842155
2.552662
3.001343
2.8526566
2.468634
2.8630064
3.0134058
2.5312297
2.5976245
2.758661
2.562093
2.389697
2.4479043
2.8415885
2.7273889
2.6565816
2.5190804
2.4637444
2.5392604
2.613221
2.4570708
2.5668554
2.5832477
2.4630187
2.442595
2.3992288
2.4387946
2.580614
2.507613
2.5031605
2.573412
2.3862371
2.3726223
2.458346
2.3907244
2.5011363
2.3521054
2.5493953
2.4461205
2.629826
2.4001815
2.276152
2.7079015
2.3376586
2.382638
2.3694615
2.4803486
2.3431156
2.2985456
2.4865572
2.5291383
2.4148598
2.3114624
2.3714545
2.444312
2.2917552
2.2801714
2.2162821
2.402369
2.5044005
2.2979205
2.4594162
2.2667584
2.5135822
2.451853
2.3113854
2.3759873
2.260363
2.4889605
2.3140628
2.4018939
2.468097
2.3093295
2.536843
2.418172
2.3791814
2.401557
2.3123784
2.621384
2.3512425
2.314654
2.4387007
2.2796376
2.492016
2.360709
2.435195
2.3947341
2.504769
2.3640094
2.349893
2.353249
2.305585
2.31616
2.2894542
2.2919257
2.220358
2.167468
2.1730523
2.410003
2.259199
2.232233
2.1320817
2.2031853
2.1995065
2.2452676
2.2280035
2.418451
2.237372
2.3926082
2.407491
2.2353554
2.3699236
2.49791
2.3044615
2.4963307
2.31371
2.300142
2.3590395
2.336374
2.241769
2.6264567
2.2538428
2.3261454
2.3302875
2.2713106
2.2445555
2.287275
2.1735055
2.2414112
2.2254853
2.181504
2.2356303
2.2013974
2.2323575
2.348283
2.21254
2.351344
2.2027385
2.1332126
2.3217466
2.267122
2.271711
2.5532577
2.4082453
2.3667955
2.317406
2.3114984
2.4532514
2.354018
2.4098704
2.3139348
2.4050035
2.1547706
2.5309858
2.3516896
2.2617323
2.521827
2.1956124
2.2414496
2.2314577
2.114482
2.347072
2.2700796
2.247328
2.243163
2.3065288
2.2946048
2.437772
2.0674284
2.320037
2.5139625
2.1031804
2.351236
2.3553827
2.0413122
2.1528914
2.170082
2.2629886
2.261384
2.1676593
2.0497704
2.129779
2.0943942
2.2780704
2.024476
2.1081257
2.274493
2.1537876
2.136268
2.2530668
2.301423
2.1199417
2.087102
2.091951
2.2828007
2.2321274
2.2934725
2.2127986
2.210361
2.2418852
2.2827003
2.1545534
2.176905
2.432603
2.142553
2.336325
2.2163074
2.1799326
2.0427136
2.227472
2.33081
2.0822432
2.2457287
2.1313486
2.186677
2.0530708
2.1102924
2.205921
2.0971615
2.184189
2.0115595
2.0225613
2.090218
2.03869
2.2677832
2.0608926
2.0290725
2.1274016
2.0840662
2.06736
2.0126247
2.0813954
2.0054166
2.239433
2.3077831
2.068482
2.1812732
2.127234
2.1445665
2.122564
2.1215897
2.0724492
2.1759925
2.0866904
2.0478518
2.0987115
2.083752
2.021999
2.0840483
2.1267185
2.1349964
2.0585132
2.0174167
2.1839128
1.9731789
1.985428
2.169029
2.2042165
1.8909215
2.0611186
2.1230197
2.1034875
2.0629444
2.1299045
2.1642973
2.0176976
2.0664935
2.1119468
2.0012662
2.0167744
1.972547
2.0708442
2.0013902
2.088416
2.0744643
2.094401
1.9578912
1.9765618
2.0774782
2.0368972
2.060727
2.0953367
2.0942247
2.0585616
2.087138
2.070631
2.0126708
2.115087
2.0829868
2.0640745
2.0227263
2.0109124
1.9828619
1.9642732
2.083583
1.9966167
1.9868942
2.0600815
2.0951674
2.0983808
2.0172522
2.1007304
2.066917
2.0508237
2.1092362
2.0321805
2.0499043
2.151983
2.034117
2.122514
2.1335132
2.0039165
1.9041038
2.1646814
2.113128
2.101811
2.0863328
2.0383818
2.0065093
2.0040572
1.9889143
1.9093977
2.3415043
2.0076284
1.9531881
2.2080112
2.0872848
2.0630841
2.0245826
1.9276028
1.9855012
2.0919826
1.997491
2.0121021
2.1560202
2.0667384
2.0540338
1.9809338
2.011791
2.0401292
2.08818
2.0315042
2.025728
2.082336
2.0262122
1.9255259
1.9591677
2.0638466
1.9590738
1.9373767
2.0751073
2.0636568
1.9101647
1.9431093
2.058871
1.9690621
2.0823612
2.1503696
1.9870073
1.9787432
2.0113597
2.1104875
2.0192842
1.9579922
2.013486
1.9569844
2.148208
1.9412884
2.1134665
2.3295188
1.9706883
2.1960552
2.2965715
1.9757593
1.9616926
1.929728
1.9242407
1.9718603
1.8539327
1.9581672
1.862777
2.043408
1.9954913
1.9787501
1.8998443
1.9831582
1.9950534
1.9327836
2.1546385
1.8997688
2.052367
2.1840258
1.969661
1.9864898
2.153244
2.051288
1.989684
2.0244684
2.019272
1.9122066
1.9824158
1.9056147
1.9483595
1.9354256
1.8857213
1.9277147
1.816741
1.9620475
1.8724091
2.0271263
1.8995452
1.9244193
2.0658033
1.9681482
1.9162407
2.0630622
1.9437962
2.0121093
2.0275679
1.9702183
1.9472927
2.118465
2.0168872
2.0764983
1.9116222
1.8855863
1.8295603
1.9092612
1.95572
1.860866
1.9482646
1.9181453
1.8977896
1.8574752
1.9131651
1.9268444
1.9595284
1.8574302
1.9026283
1.9378742
1.8885869
2.0803847
1.9599483
1.9796367
2.0300593
1.9316193
1.914642
2.1887105
1.9420598
1.9620799
1.7990961
1.994043
1.8765358
1.8360957
1.8798774
1.8891841
1.967427
2.1163938
1.8269706
1.9578747
1.965798
1.8447288
1.8180739
2.0449536
1.8951148
1.9729322
1.8727187
1.923318
1.9330431
2.0960143
1.9649576
1.9861647
2.0352411
1.9304342
1.895579
1.8622613
1.8594853
1.8775092
1.807758
1.852291
1.8286058
1.8823707
1.914252
1.8522762
2.0039546
1.8062358
1.8070351
1.883027
2.0682461
1.8676357
1.9202367
1.9361057
2.0040112
1.8904811
1.8979559
1.88921
1.7894281
1.850921
1.8602757
1.8847293
1.887915
1.8828915
1.8342303
1.9123425
2.0645015
1.9415523
1.8662245
1.8145739
1.9159883
2.0874963
1.7982328
2.2405415
1.930994
1.910837
2.064593
1.9479579
1.8497517
1.834902
1.9476358
1.8204565
1.8656007
1.8605452
1.7985213
1.7777333
1.8076041
1.8185705
1.7055471
2.0355473
1.916343
1.921469
1.887382
1.9077395
1.9980165
1.889063
2.0305285
1.9017465
1.9941872
2.127476
1.9514058
2.1794262
1.9331768
1.8051548
2.0471146
2.0375118
1.7608702
1.8933487
2.0934546
1.88583
1.8512849
1.8487595
2.2175236
1.7829505
1.7416978
1.7522826
1.847879
1.8116108
1.8037933
1.7438338
1.8874873
1.8917748
1.7747624
1.8726257
1.8682575
2.0380335
1.8428638
1.765404
2.0808446
1.9147773
1.7601562
1.7804842
1.8217583
2.452641
2.5859258
1.8577267
2.2984173
2.2026086
2.083089
1.8405634
1.8726125
2.0328388
2.0560236
1.788233
1.8598927
1.7866822
1.8754102
1.9038463
1.8735094
1.8479892
1.9742768
1.850009
1.8807142
1.9016281
1.8405993
2.0007322
2.0239308
1.8007715
2.0787194
1.8104321
1.9347037
1.8970321
1.9031652
1.7681947
1.8733295
1.8627222
1.8812659
1.854888
1.8997632
1.8525947
1.716294
1.7976238
1.8856997
1.8788418
1.7549608
1.869768
1.8762794
1.8597227
1.9603937
1.7543977
1.912407
1.8448526
1.849358
1.8476388
1.882897
1.8398998
1.9517132
1.7929546
1.7806051
1.9314402
1.8511491
1.8008765
2.0161564
1.7839518
1.8380744
1.85157
1.9174105
1.797554
1.8246444
1.7902066
1.9331317
1.7335895
1.8433148
1.8108022
1.8455992
1.9374156
1.7744387
1.8446038
1.7259885
1.7846478
1.7590582
1.8172243
1.7361747
1.8003124
1.8407105
1.6691849
1.7689593
1.7989422
1.8443364
1.6981184
1.8377467
1.7658283
1.7923281
1.8554299
1.8100117
1.7761788
1.7409947
1.7453322
1.8386045
1.7659364
1.8522538
1.8749152
1.7545811
1.72422
1.7965275
1.8926777
1.8199682
1.8137215
1.7645869
1.7268888
1.7355303
1.7505797
1.7277946
1.7227407
1.7360725
1.8667268
1.7579715
1.6609325
1.8919476
1.8281701
1.7951612
1.7735914
1.9753948
1.7601848
1.8503072
1.7238277
1.9354013
1.9083753
1.7609853
1.8894583
1.7838415
1.8390135
1.8834538
1.7578357
1.8615438
1.708832
2.195918
1.8606191
1.8522707
1.9376594
1.7984005
1.9630053
1.8851832
1.9301468
1.7578913
1.7556726
1.8055707
1.7484075
1.7614752
1.7200675
1.8832312
1.8351243
1.7083048
1.7607323
1.8342048
1.7755835
1.6671323
1.7592075
1.8457642
1.8513565
1.7414707
1.6808103
1.755929
1.7081238
1.7243507
1.6595973
1.7227062
1.6487682
1.7258532
1.7185463
1.715919
1.748171
1.7093264
1.7252783
1.7192359
1.7676947
1.941838
1.8467863
1.776686
1.9775722
1.765235
2.087503
1.7347742
1.8711253
1.9040238
1.8177251
1.7498542
1.8474685
1.8190597
1.7380725
1.7729257
1.7644018
1.9503328
1.8247517
1.6936939
1.7435324
1.7570591
1.7414287
1.8132397
1.8701543
1.7672073
2.0059686
1.8100996
1.7039906
1.7413479
1.7527905
1.796785
1.7319098
1.9996368
1.9773756
1.7578168
1.7654779
1.8284115
1.6779904
1.7210896
1.7019144
1.768026
1.762677
1.836879
1.7282656
1.7562737
11.554454
16.694849
18.573448
19.870417
20.261284
21.08924
21.02221
21.519596
21.283829
21.964546
22.294096
22.474226
21.3602
22.501608
21.896273
22.231264
21.366327
21.325012
21.592983
21.338598
21.328447
21.397718
21.251488
21.795532
20.729967
20.60586
21.34536
20.488836
20.621086
20.647938
20.50733
20.175116
19.54822
19.877563
19.723568
20.290712
19.59459
19.790419
20.331047
19.720676
19.68436
19.185316
18.462477
19.169598
19.046598
18.679512
18.51741
18.763048
17.989653
17.742971
18.152967
18.05709
18.211916
17.645369
17.370796
16.130157
16.050606
16.289846
16.001596
15.544144
14.571388
15.052494
13.89737
13.9558115
13.216668
12.273754
12.796173
11.728819
12.025214
12.090748
11.578101
11.083114
11.200526
10.566364
10.024554
10.435436
10.415152
10.003004
9.969426
9.955587
10.380413
9.582966
9.399791
9.80569
9.68884
9.387062
9.47979
8.949489
9.556601
9.098882
8.601871
8.530544
8.826161
8.583072
8.370777
8.161681
8.220464
8.083597
8.018518
8.024283
7.638055
7.9122353
7.0677624
7.578453
6.679008
6.9002233
6.8922048
6.671778
6.615428
6.4522038
6.152386
5.9366984
5.72036
6.086719
5.7360344
5.385097
5.876607
5.178331
4.8093896
4.846124
4.723237
4.466223
4.335332
4.2918596
4.226083
4.05987
3.9388034
4.0186405
3.827095
3.8459923
3.6158698
3.629305
3.4581232
3.4622126
3.2888784
3.036282
3.1070914
3.2896464
3.3013568
3.032773
2.8639107
2.8350627
2.957967
2.9303524
2.6947873
2.6271126
2.629014
2.676094
2.58144
2.676266
2.5503285
2.4656756
2.5672824
2.5233026
2.358133
2.4503307
2.465102
2.4503458
2.4867945
2.4292963
2.2466435
2.288184
2.4360318
2.3824403
2.2711258
2.4866805
2.2585502
2.3385117
2.4143212
2.1625946
2.3572514
2.299876
2.2766795
2.3407555
2.3007622
2.1790836
2.3492475
2.2770197
2.3710177
2.214161
2.1187391
2.1834586
2.253121
2.2291615
2.3282351
2.1214368
2.1688871
2.1844015
2.0822153
2.1532385
2.163134
2.1655707
2.241998
2.1713765
2.0545897
2.163624
2.152166
2.257697
2.0556762
2.109334
2.181154
2.1647756
2.1668506
2.1148226
2.2071712
2.151385
2.159868
2.1306713
2.1854026
2.0348854
2.236367
2.2578356
2.155204
2.1140015
2.1212125
2.050202
2.1365201
2.0578084
2.1122065
2.1129615
2.1435256
2.0342405
2.0685632
2.0522506
2.1820734
2.0617065
2.0557702
2.0782213
2.2209492
2.1478944
2.0739017
2.0416124
2.0476756
2.16614
1.9931931
1.971756
2.1541152
2.0715456
2.0776608
2.1120555
1.9862511
2.2096539
2.0978167
2.1347425
2.0279977
2.0002675
2.0696208
2.101568
2.0183065
2.0988498
2.100923
1.8920215
2.0363133
2.0526948
2.049065
2.0661912
2.1409473
2.0352466
1.9972615
2.0716627
2.0208554
2.0905154
2.1389155
2.0798283
2.0929806
2.1359868
2.09701
2.1210544
1.9963584
2.1192656
2.1275983
2.0546467
2.0576754
2.1139855
2.166279
2.041797
1.9992242
2.0724962
2.1066098
2.1078365
2.0155303
2.2346706
1.9836714
2.0123334
1.993449
2.067138
2.1175075
2.1600444
1.9030519
2.0822237
2.0111544
2.139672
2.0343266
1.9882025
1.9764308
2.0496883
1.9843923
2.0331113
1.997575
2.039314
1.9460998
1.9109594
1.9721992
2.0166817
2.064749
1.9896705
2.0180295
2.0017018
2.0092747
1.9589708
2.091843
1.9401288
1.9172238
1.9791112
1.951573
2.0119839
2.152363
1.9897579
2.0833468
2.1270187
1.9146432
2.0102472
2.0617867
2.0506802
2.0976727
2.1307304
1.9089661
1.9762733
2.1078856
2.1234634
2.0640302
2.0345736
2.069478
2.0054913
1.9571173
1.9769423
1.9732782
2.0505886
1.9569298
2.170005
1.9833287
2.0502124
2.1760545
2.0948334
2.0778258
2.019319
2.0494926
1.979018
1.985384
2.0740602
1.9554772
2.017915
1.9409462
1.9562608
2.0284824
2.0177178
2.0209227
2.0228179
1.8829255
1.9899523
1.8962083
1.961772
1.9426061
1.996652
1.9815775
1.865443
1.9295748
2.0037332
1.9577537
1.9177237
2.0914705
1.9489411
2.0779288
1.9160565
2.029156
1.9356883
1.932161
2.0153885
1.983032
1.9430611
1.9567947
2.0715046
1.9894737
2.0848985
1.929576
1.9600242
1.9402263
1.9253167
1.9141506
1.8702708
1.8759518
1.9902191
1.9523017
1.8889987
1.9111632
2.0791094
1.8909171
1.9901859
1.984035
2.0931406
1.9839334
1.9511951
1.8911588
1.9659617
1.9512697
1.896039
2.014297
2.046846
1.8895352
1.8491393
1.8290048
1.8353226
1.9600555
2.1120896
1.8928907
1.847915
1.9193578
1.9308442
1.9871308
1.9723909
2.0742157
2.016786
1.891691
1.954403
1.9179386
2.014138
1.9696199
1.9416902
2.07163
2.0023508
1.9976639
1.8699034
1.9318056
1.9790655
1.8391545
2.0375085
1.9298806
1.8759502
1.9492289
1.9194355
1.9591416
2.0135558
1.849468
1.9892583
1.9049778
1.858672
2.0213819
1.9015932
1.9577018
1.9118164
1.9314826
1.998422
1.8650911
1.8684301
1.9312307
1.8949667
1.8386643
1.8362018
1.8853209
1.93376
1.8874347
1.9160713
1.9354322
1.9323667
1.8708075
1.9738853
1.9833366
1.883795
1.877571
1.848157
1.9087462
1.9293865
1.8254762
1.9659972
1.8828797
1.9870435
1.9418281
2.1652675
1.9666682
1.9390419
1.8473116
1.971736
1.8511261
1.9466299
1.810277
1.9042827
2.0715327
2.0981832
1.996859
1.910249
1.989089
1.8785157
1.8734736
2.1041336
1.9610622
1.9010006
2.0647802
1.8861243
1.907346
1.8764098
1.8932796
1.9409622
1.9664454
1.8625729
1.850446
1.9316678
2.0081098
1.9546082
1.8394792
1.8807821
1.9423174
1.8696133
1.8903947
1.9904013
1.9084923
1.8463109
1.905004
1.876097
1.9120167
1.9048204
1.9050295
1.9281558
1.9671035
1.8979785
1.9464202
1.9247959
1.979954
1.9496233
2.0039861
2.0319355
1.872389
2.043767
1.887038
1.8323742
1.7941691
1.8627574
1.916014
1.9118584
1.9246455
1.908711
1.864688
1.8398769
1.851646
1.8079381
1.9202818
2.0017033
1.9167552
2.0522223
1.8581408
1.8429142
1.920764
1.8789618
1.821327
1.977427
1.89943
1.9103903
1.8111062
1.9031733
1.8590578
1.876598
1.9284402
2.0099902
1.8959166
1.8633268
1.8773721
1.9096495
1.792045
1.8507715
1.8818058
1.9273175
1.8526806
1.9006755
1.9079219
1.8967073
1.8972734
1.7998712
1.754376
1.9229177
1.8509451
1.878141
1.9979901
1.8274263
1.8463722
1.9099913
1.8395623
1.7920182
1.8288683
1.8757647
1.8254681
1.869226
1.8570668
1.7962741
1.8642052
1.8658878
1.8223833
1.9680059
1.9842935
1.850313
1.8050573
1.926103
1.8472377
1.8565606
1.8795094
1.845651
1.8661485
1.9323723
1.7904878
1.920224
1.8340601
1.9190743
1.8438315
1.8456637
1.938686
2.001722
1.9241363
2.0151267
2.0159292
1.8153943
1.7737088
1.941592
1.7741884
1.8872173
1.7805506
1.8500938
1.8984202
1.8895527
1.8446448
2.0227346
1.9774284
1.8526965
1.9012725
1.947482
1.808354
1.874059
1.847095
1.804828
1.8357825
1.9043972
1.9460093
1.9321645
1.8806285
1.892182
1.880532
1.8376936
1.8132764
1.8192258
1.9069923
1.793558
1.888116
1.8591683
1.9855458
1.8454294
1.8964305
1.905469
1.9695317
1.8548168
1.9623555
1.9845172
2.0075543
1.8405038
1.8557105
1.8529925
1.9181604
1.7958885
1.8569636
1.846727
1.8155695
1.9591975
1.8729326
1.8481919
1.9682914
1.909691
1.8420107
1.8395886
1.9245536
1.8686342
1.8169042
1.891151
1.9565067
1.8149525
1.8812768
1.8520112
1.9036645
1.9339255
1.8795441
1.7856485
1.9031999
1.902103
1.952437
1.810955
1.9487689
1.8424132
1.896118
1.8226914
1.8969892
1.8771567
1.7718472
1.8548428
1.8156145
1.8007703
1.9574591
1.9596705
1.8043774
1.8867276
1.9409465
1.8253294
1.8951964
1.9449997
1.8738365
1.889815
1.9384506
1.8926108
1.836341
1.8836855
1.85451
1.7353644
1.8346657
1.8333282
1.9055644
1.8727312
1.8762218
1.869557
1.8668772
1.7683593
1.9260968
1.7467623
1.9095198
1.8384719
1.869187
1.9491299
1.8164473
1.9264095
1.9523523
1.8103317
1.9868478
1.8677068
1.7682828
1.8071395
1.8648943
1.950545
1.8717817
1.867831
1.8536623
1.9496107
1.794261
1.8898051
1.8538964
1.8683375
1.8462579
1.799355
1.8852396
1.8531628
1.8617142
1.9918063
1.838316
1.8649935
1.8802758
1.7519526
1.9674808
1.7656921
1.7603409
1.8254844
1.892844
1.8057561
1.8201288
1.8655143
1.9118996
1.8014442
1.90725
1.8778796
1.8167802
1.8966397
1.7725732
1.8734637
1.8406547
1.803421
1.8304927
1.8897362
1.7309933
1.7541772
1.902275
1.8424505
1.8396705
1.836104
1.8596692
1.785252
1.8489652
1.9008747
1.8490165
1.7540393
1.7779125
1.8135914
1.9548926
1.9556572
1.790844
1.8259505
1.8909262
1.878504
1.8853939
1.9546018
1.8621284
1.9549565
1.8476133
1.8937128
1.7733195
1.85614
1.8671682
1.858287
1.8366235
1.793114
1.8186685
1.8636203
1.8394843
1.8351622
1.7881837
1.7647648
1.9668611
1.8047385
1.7976154
1.8173896
1.7787045
1.808388
1.7548963
1.800519
1.869092
1.8178965
1.8611243
1.8454273
1.845668
1.7676193
1.7874476
1.7512302
1.7649634
1.713321
1.7944585
1.9397057
1.9092882
1.7844181
1.7761172
1.868898
1.7944691
1.876334
1.7625353
1.8942592
1.8214025
1.7842405
1.7667717
1.8672857
1.7691729
1.8853557
1.7015935
1.7326539
1.7641749
1.7820733
1.8089658
1.7765158
1.8421571
1.84033
1.753615
1.7548399
1.7323303
1.7427855
1.8197402
1.8548405
1.8640548
1.7572157
1.8113742
1.7455972
1.7681326
1.8322561
1.8415018
1.8094457
1.8145193
1.8690636
1.8043259
1.717011
1.7945995
1.8820697
1.824814
1.8395792
1.7609063
1.799001
1.818534
1.7522225
1.8169135
1.8420522
1.7977527
1.7575034
1.8035845
1.849046
1.9049535
1.7388458
1.8024807
1.7814454
1.793434
1.7432917
1.7828729
1.8243637
1.687795
1.7762446
1.8535639
1.8062478
1.8267372
1.7309971
1.7452453
1.9465712
1.789422
1.749925
1.7672353
1.8039167
1.765944
1.8507712
1.7358285
1.7157117
1.9426975
1.7406893
1.838885
1.7711896
1.8377845
1.7448232
1.7874182
1.7756784
1.8086895
1.8237072
1.8882859
1.8157233
1.7581347
1.8773438
1.817184
1.8263037
1.8432451
1.7610747
1.7757348
1.8956791
1.864081
1.8206229
1.9838217
1.8538482
1.8355563
1.7636905
1.8208871
1.8559533
1.8427155
1.8269178
1.7338338
1.8523741
1.809332
1.7205768
1.8254652
1.768783
1.8648621
1.8848875
1.8557571
1.7587698
1.7617068
1.7973934
1.7760247
1.7884183
1.8418568
1.7424283
1.8020269
1.7513101
1.7962024
1.8741797
1.8318516
1.7940505
1.7916375
1.8334321
1.8223482
1.8258905
1.803596
1.811479
1.823014
1.7691605
1.74985
1.7650456
1.7530885
1.8276463
1.6705803
1.7377642
1.6710795
1.859692
1.7930855
1.7737887
1.773045
1.7525141
1.8515418
1.7954441
1.8343468
1.7589185
1.7087171
1.8418432
1.6716545
1.7537566
1.7679116
1.7835729
1.8018783
1.7589635
1.771484
1.7445507
1.8177211
1.750023
1.6772038
1.721577
1.8600658
1.7163998
1.8323927
1.755632
1.7442927
1.7898089
1.6842836
1.6977882
1.8075913
1.7319033
1.7706316
1.7134651
1.763975
1.8728957
1.7243545
1.7672795
1.7584841
1.773611
1.7585284
1.7228057
1.7562445
1.7433593
1.7074533
1.7402612
1.7985927
1.6991056
1.7295889
1.7251394
1.7124015
1.7731699
1.8521845
1.8745327
1.738711
1.7248992
1.8904992
1.7885882
1.7656102
1.7231922
1.7979759
1.8305867
1.7100545
1.749915
1.739407
1.8121113
1.7162472
1.6935245
1.7084092
1.7797452
1.7523501
1.6987165
1.7070935
1.7148952
1.7046757
1.7931937
1.8292238
1.7442936
1.6702777
1.7765985
1.747908
1.7426753
1.7504052
1.7841892
1.7175248
1.7840654
1.7429588
1.8094496
1.7812557
1.7727535
1.809547
1.7570872
1.7732545
1.7315954
1.768415
1.7213491
1.7988827
1.8264908
1.9019365
1.7918025
1.795387
1.7140281
1.7120717
1.7024972
1.7126036
1.7508726
1.8664981
1.727597
1.7860607
1.731995
1.742491
1.6882007
1.8162326
1.7262428
1.7717005
1.7755848
1.7090632
1.7744554
1.745598
1.7180396
1.6853927
1.7218809
1.7523502
1.7437255
1.7542902
1.7565395
1.6923965
1.7359612
1.7377214
1.7533747
1.725608
1.6975722
1.7582108
1.787258
1.781864
1.7921513
1.7520583
1.6915395
1.7043598
1.7351161
1.7167051
1.7586802
1.8902695
1.7934344
1.70421
1.7215959
1.8058559
1.7592723
1.754386
1.7529522
1.714033
1.8752203
1.7168672
1.7955227
1.8892102
1.7066487
1.727383
1.73061
1.7017815
1.7652208
1.7117683
1.8152913
1.808288
1.7519965
1.7821027
1.8045845
1.6775315
1.7253644
1.734055
1.7516721
1.6957431
1.7340561
1.82401
1.6367915
1.872223
1.7348119
1.7266425
1.6988298
1.7742075
1.6996695
1.826466
1.6284064
1.7582121
1.8346562
1.8298725
1.771083
1.7853128
1.708171
1.7498877
1.7658621
1.7850671
1.7095841
1.7781907
1.7588208
1.7569412
1.7038628
1.8411655
1.8250573
1.7456461
1.7217473
1.6996665
1.859205
1.778236
1.7569108
1.687486
1.7328137
1.7409513
1.7882335
1.7422493
1.774381
1.874419
1.7273344
1.8010143
1.8112837
1.795651
1.6939152
1.7319692
1.7553098
1.6580957
1.7429426
1.7689995
1.7746062
1.6762521
1.8197212
1.7155187
1.7456514
1.7606765
1.7510703
1.694227
1.7155335
1.6853893
1.7173423
1.7341202
1.7608719
1.7513473
1.9188292
1.6961321
1.6393901
1.6776832
1.7473518
1.7192408
1.7078396
1.7920574
1.6931835
1.6838537
1.6886
1.818132
1.684561
1.7196721
1.7717088
1.7641587
1.763535
1.9006293
1.7194316
1.7012315
1.7379111
1.7465912
1.7565506
1.8640635
1.6414683
1.7187246
1.7485033
1.7033905
1.7472495
1.7724695
1.8324838
1.8015833
1.6403117
1.8166467
1.675777
1.6856775
1.7067795
1.6883441
1.7015184
1.7212105
1.6829288
1.6547776
1.7120799
1.7507572
1.6758223
1.6872599
1.6928327
1.7103063
1.7680875
1.7052392
1.681419
1.710753
1.7352284
1.6848365
1.6534778
1.6270735
1.6173944
1.650537
1.6752492
1.7692112
1.6874866
1.6500988
1.6837672
1.7487336
1.7370737
1.6880113
1.6457264
1.7225511
1.7074678
1.7228333
1.8913689
1.6584867
1.7049487
1.6413013
1.6848283
1.7351786
1.7134477
1.7203583
1.8257095
1.6492916
1.7799072
1.7407715
1.8303455
1.665751
1.6860508
1.8260245
1.820891
1.7120322
1.6379857
1.6646287
1.657481
1.7979599
1.7649735
1.6833979
1.7811211
1.6952575
1.690243
1.6298455
1.6431308
1.6324543
1.7888806
1.8352114
1.6710978
1.6689095
1.648081
1.746395
1.7405629
1.7290252
1.72667
1.6524333
1.636878
1.811368
1.7108562
1.732572
1.6880435
1.7418038
1.6823075
1.6828979
1.6978687
1.6910485
1.6678015
1.7223095
1.6809564
1.7451651
1.670579
1.7189386
1.6486802
1.65992
1.6696956
1.6794943
1.6409868
1.6475457
1.6653304
1.6886528
1.7163466
1.6469604
1.6522119
1.6573311
1.658601
1.7332168
1.7664672
1.7375559
1.6611197
1.7420369
1.697538
1.6623397
1.6658477
1.8181424
1.6951325
1.6812645
1.6651857
1.7928238
1.7394023
1.6967473
1.6496085
1.7124335
1.674437
1.644941
1.6666453
1.780842
1.8752258
1.6937653
1.6593827
1.6938138
1.7829722
1.8152568
1.7267159
1.698738
1.6624287
1.6967833
1.7353168
1.7520151
1.7357624
1.7262666
1.7273889
1.988371
1.6705122
1.6444877
1.732569
1.726545
1.7028735
1.7730074
1.7499403
1.612979
1.77303
1.6300352
1.7593304
1.7122452
1.827077
1.776697
1.7016312
1.6947579
1.7068665
1.7178416
1.6820767
1.7057868
1.7079539
1.6189468
1.7112057
1.7089624
1.7803785
1.685563
1.6483305
1.7582772
1.6925122
1.790716
1.7668338
1.7941293
1.6661413
1.6891695
1.733038
1.6941975
1.7026682
1.7443576
1.6269761
1.644224
1.70274
1.7956795
1.7309247
1.7778897
1.698363
1.6577109
1.7121862
1.7007276
1.68178
1.7447951
1.6315337
1.6275147
1.7060214
1.6533109
1.7082145
1.6875895
1.7753367
1.7016243
1.7068952
1.766447
1.7865003
1.7057097
1.632424
1.722245
1.743261
1.6696378
1.6655453
1.7088608
1.725958
1.7084427
1.7583536
1.6364135
1.702861
1.6536255
1.7047715
1.7017711
1.6274605
1.6808604
1.628411
1.6827317
1.664135
1.6246862
1.6112629
1.59231
1.746286
1.6169603
1.6613634
1.6014543
1.6509387
1.6882675
1.6615707
1.7105707
1.6562155
1.7212421
1.6493835
1.6806525
1.6255518
1.618592
1.703408
1.8815917
1.6174382
1.7399968
1.7541553
1.6868762
1.7925606
1.7131715
1.6312758
1.73697
1.8509147
1.8319371
1.6928467
1.5998472
1.7603976
1.6811973
1.7053345
1.5993308
1.6874784
1.640806
1.6921006
1.8084669
1.7435365
1.6395468
1.596797
1.6534516
1.6353396
1.6778421
1.6482054
1.8037243
1.6382352
1.6913507
1.6964592
1.691249
1.6240706
1.6299057
1.672704
2.223238
1.9116198
1.7412221
1.8495971
1.7796212
2.0148067
1.8576614
1.8566238
1.7300059
1.7273303
1.733279
1.7478278
1.8778954
1.62489
1.6955464
1.644423
1.6776363
1.6131229
1.7553728
1.6469401
1.6868765
1.7398915
1.6634222
1.6726842
1.7206868
1.7591026
1.6987642
1.6506042
1.6386918
1.680783
1.6053617
1.645029
1.7546697
1.676946
1.6512525
1.6608387
1.6948814
1.6510522
1.6083392
1.6826003
1.7341515
1.6514372
1.6606865
1.6862485
1.6789949
1.614162
1.7343563
1.7598993
1.6454715
1.7030267
1.7034737
1.5863837
1.6234466
1.6919622
1.661127
1.664341
1.6244875
1.6982875
1.6896672
1.7216791
1.7844247
1.6109208
1.5846997
1.6922728
1.6574215
1.6894273
1.6766866
1.6342396
1.7253295
1.6327313
1.6328664
1.63369
1.7548517
1.6358721
1.6732855
1.6952877
1.6467593
1.742188
1.7161305
1.6759053
1.719802
1.7566447
1.6935053
1.7307242
1.6755835
1.7371424
1.6050633
1.7042253
1.7464916
1.736823
1.6400785
1.710638
1.5943147
1.6211222
1.6821424
1.6175712
1.6324058
1.6990103
1.6149353
1.6389931
1.666099
1.7226617
1.6176544
1.6305693
1.6199744
1.7034024
1.6645787
1.6250993
1.6748155
1.6569328
1.6580024
1.62331
1.6764033
1.7052894
1.6301183
1.6192391
1.667326
1.6721841
1.6710087
1.6407526
1.6726067
1.634024
1.6580057
1.6634208
1.651372
1.5949848
1.730967
1.6626041
1.5911148
1.6579134
1.664074
1.5889887
1.6128293
1.6590295
1.6261656
1.6665014
1.6942055
1.6166985
1.5773394
1.6408253
1.6117979
1.5923873
1.6146047
1.6926349
1.6605418
1.6266837
1.7012513
1.6094615
1.6341327
1.6499515
1.6142786
1.6308795
1.6458164
1.6518221
1.6439518
1.6853411
1.5926466
1.6337723
1.6515143
1.6025952
1.6127744
1.6518463
1.6601064
1.631719
1.6313186
1.6942579
1.6941078
1.6302563
1.5905472
1.6567504
1.6704233
1.622509
1.6524792
1.6227638
1.7356979
1.6710299
1.630089
1.6976207
1.7333148
1.6364975
1.5708383
1.6430981
1.637924
1.6221823
1.6425552
1.6261005
1.7463162
1.6686673
1.5878869
1.6601732
1.6788555
1.6117569
1.6186118
1.6243039
1.5712488
1.6556283
1.6382465
1.5867591
1.6156355
1.606739
1.6442857
1.572098
1.5982922
1.583705
1.6007828
1.645521
1.6115793
1.6162992
1.6910754
1.6633718
1.6381913
1.695359
1.672608
1.7114693
1.61222
1.714193
1.5793812
1.6508147
1.6528215
1.6783004
1.6753979
1.6395586
1.6987168
1.6601583
1.5893232
1.6434749
1.6348748
1.6052448
1.6871837
1.5696456
1.5842932
1.6559627
1.6883805
1.6173122
1.5836968
1.6852952
1.7547933
1.8462105
1.5874788
1.5780892
1.7075654
1.7713623
1.7124025
1.6212116
1.6118381
1.6051962
1.6490942
1.8273627
1.8006186
1.6698762
1.6006395
1.611433
1.7703439
1.7362221
1.6801423
1.785536
1.7194761
1.6379957
1.7001833
1.6125787
1.6023344
1.7087346
1.6322385
1.7204653
1.8160135
1.591
1.6834222
1.6660113
1.7590282
1.7674739
1.6638737
1.6422914
1.7382913
1.6649591
1.6752064
1.6877335
1.6059589
1.6638262
1.7188888
1.5938267
1.6304694
1.6919467
1.5778675
1.6474625
1.6832501
1.6302266
1.6521478
1.684529
1.6424623
1.6389133
1.6501648
1.7523429
1.6929235
1.6770849
1.5875936
1.7660438
1.6882715
1.7790191
1.6569711
1.5992885
1.6673417
1.6156508
1.5759338
1.6772947
1.7053888
1.6641796
1.678423
1.5913894
1.6630503
1.6752187
1.6979734
1.7345637
1.5670787
1.6302933
1.5943699
1.8054265
1.6730329
1.7113105
1.6063812
1.639342
1.6388873
1.6444337
1.8070565
1.7152612
1.6369487
1.5822227
1.7444443
1.7470123
1.6971823
1.663179
1.7099828
1.6053942
1.6184425
1.7584063
1.7451705
1.6196359
1.6497493
1.660357
1.6052305
1.7211988
1.6624305
1.6590165
1.672658
1.6201098
1.6225626
1.598356
1.6146036
1.6074368
1.6983663
1.6248953
1.5884613
1.6532832
1.61821
1.6172928
1.6049964
1.589429
1.6298109
1.599735
1.582958
1.6130515
1.6515665
1.5990615
1.6243956
1.6082531
1.6522288
1.6190195
1.6239954
1.6259196
1.7075933
1.6400412
1.6651508
1.5768155
1.6351455
1.662886
1.6366055
1.8014956
1.5899212
1.6575905
1.8558172
1.6078463
1.7017068
1.654288
1.642938
1.776536
1.7654432
1.646952
1.7393876
1.644894
1.7718412
1.711937
1.629527
1.6513104
1.645965
2.003278
1.7407677
1.6824704
1.688789
1.7065245
1.7603036
1.6228193
1.6207681
1.6701307
1.7210492
1.7681025
1.712354
1.6319833
1.5536138
1.6337775
1.805167
1.8540945
1.8073877
1.5913885
1.5926316
1.8222088
2.1412728
1.6496447
1.6341873
1.6393285
1.824868
1.8492362
1.7019142
1.6976411
1.6807301
1.701098
1.7758594
1.8598698
1.851585
1.7133725
1.628684
1.6442051
1.6869372
1.7842968
1.7585547
1.6269183
1.6491787
1.652309
1.637856
1.637035
1.7481887
1.6029167
1.6261972
1.6353962
1.7321243
1.7997925
1.6914474
1.6729065
1.6583899
1.6802375
1.7247268
1.6439372
1.6705678
1.6037155
1.602784
1.6727598
1.6466206
1.623212
1.6452378
1.6567142
1.6756535
1.6951419
1.5855365
1.6093953
1.6435541
1.6615658
1.6707095
1.7690881
1.6774465
1.6346463
1.6046963
1.6244485
1.5890837
1.647986
1.6143818
1.6753346
1.5869969
1.570555
1.6444777
1.6535759
1.5733037
1.6250798
1.6133467
1.6687303
1.5803084
1.6185097
1.7714212
1.6945467
1.6226753
1.6888815
1.6958972
1.6266532
1.5951205
1.6011858
1.7589543
1.6009899
1.6445471
1.6511902
1.584859
1.5841358
1.6117578
1.6833107
1.6925292
1.6366928
1.6916867
1.6542332
1.6053405
1.6120797
1.6050406
1.5703367
1.630453
1.6293514
1.6313716
1.7160553
1.6800225
1.6036896
1.6581275
1.6602445
1.5757937
1.6330267
1.5892055
1.5902493
1.6179619
1.603869
1.6580327
1.5851152
1.6205195
1.624564
1.696151
1.5969145
1.5759292
1.6670777
1.6186007
1.6275615
1.7654347
1.6545645
1.6862347
1.5614449
1.6727152
1.6701959
1.6623399
1.684658
1.633504
1.6592653
1.7123892
1.6978388
1.633564
1.6085404
1.6157476
1.5931427
1.6574004
1.6617126
1.5659254
1.5877523
1.5699855
1.6402485
1.6889368
1.5600299
1.570193
1.6083935
1.6015476
1.6890438
1.6617818
1.649957
1.643857
1.6116452
1.6396939
1.6153817
1.6454872
1.6139516
1.6252632
1.672135
1.647968
1.6194297
1.7480363
1.7323946
1.7156854
1.6372285
1.719598
1.6237185
1.7101749
1.6978171
1.6023566
1.6576099
1.6377196
1.6510272
1.6647314
1.6724123
1.5806911
1.569367
1.6592276
1.668172
1.6302358
1.5899442
1.6139535
1.6147888
1.6154822
1.5969038
1.6191036
1.7058028
1.6141151
1.6229377
1.6070815
1.629832
1.6229057
1.6511046
1.6406475
1.6093174
1.6600112
1.5748835
1.6134683
1.6236827
1.6375753
1.6946832
1.6016765
1.5974753
1.614834
1.5820848
1.6131245
1.5974708
1.6477298
1.7005591
1.6516777
1.6947212
1.672748
1.6746434
1.6094494
1.6119343
1.6191931
1.6741018
1.5966204
1.6101102
1.6011845
1.5882576
1.6814551
1.5624621
1.6099672
1.6189054
1.6419537
1.7119592
1.5983639
1.6154618
1.654576
1.620084
1.6419057
1.6598833
1.6879146
1.6260054
1.6128153
1.6179514
1.694349
1.6608822
1.5873272
1.618681
1.6560059
1.7024941
1.6487098
1.6635897
1.6291299
1.6221606
1.6403501
1.5935625
1.6320734
1.5812768
1.5649557
1.8384452
1.6874902
1.5694755
1.6569699
1.6256953
1.6488807
1.6362222
1.6519997
1.6050195
1.6315045
1.62962
1.6650246
1.7674783
1.661414
1.6285902
1.5806875
1.6538167
1.6735818
1.6721162
1.6920023
1.6608697
1.6134626
1.6635283
1.633078
1.6078488
1.6834718
1.6491139
1.5826948
1.7765384
1.6152915
1.7923123
1.6868112
1.6365408
1.6398237
1.574415
1.6883414
1.717732
1.6964015
1.581631
1.6822927
1.6926993
1.5660175
1.603972
1.6078575
1.629912
1.6015333
1.6988659
1.5934802
1.665416
1.6420605
1.5708399
1.6687274
1.6279167
1.6105859
1.6237788
1.6497941
1.6454102
1.6567645
1.6081195
1.6656605
1.6024151
1.6076875
1.5776483
1.5658847
1.6707407
1.664461
1.6540544
1.6670442
1.5937635
1.6925652
1.6696333
1.6975666
1.7131487
1.6182717
1.6344957
1.6129905
1.6537968
1.6247526
1.5874683
1.6484928
1.6375982
1.6043968
1.6077198
1.7531344
1.646605
1.62239
1.6669627
1.5665071
1.707831
1.5962635
1.5758595
1.6126697
1.5836172
1.6079094
1.6123799
1.5559617
1.6110718
1.6256016
1.6103922
1.6299196
1.5795351
1.6141113
1.5989105
1.6357127
1.6053858
1.6096803
1.6879182
1.6128162
1.700976
1.6779824
1.7140597
1.6668047
1.67101
1.6955702
1.6059935
1.6193533
1.6799555
1.6609435
1.6408247
1.7212565
1.5902652
1.6526774
1.6682233
1.5954202
1.5886333
1.5777075
1.6860555
1.6678437
1.5679238
1.5765455
1.7474853
1.6230996
1.579046
1.6360373
1.6918294
1.5931355
1.5690033
1.6045235
1.6305802
1.5968572
1.636816
1.6331801
1.5485871
1.609162
1.6639645
1.5938083
1.5829067
1.6014183
1.7498459
1.552028
1.5784888
1.5873789
1.7064656
1.6057957
1.6113615
1.580332
1.581818
1.7172569
1.5730813
1.6877285
1.5916784
1.6434981
1.6121963
1.6999389
1.6683898
1.6150142
1.6171182
1.6213785
1.606074
1.5610697
1.6169518
1.6123343
1.6346235
1.6209203
1.6364341
1.7702973
1.5846941
1.638553
1.7840967
1.6118805
1.5947735
1.66089
1.5614107
1.626432
1.558785
1.7245075
1.5660901
1.581164
1.655904
1.6663204
1.6172299
1.612132
1.5786277
1.713854
1.663641
1.6948771
1.5944741
1.604581
1.6230373
1.6907152
1.5957224
1.575011
1.5950235
1.5847343
1.6317798
1.5875248
1.6661862
1.5656465
1.5704025
1.576336
1.5645311
1.5723972
1.5798272
1.5687122
1.5519356
1.5986109
1.5924203
1.6152303
1.5428607
1.6193122
1.6358805
1.618916
1.6069502
1.5961447
1.6758211
1.6536491
1.7095512
1.6238672
1.5786088
1.7045267
1.5779244
1.6009394
1.5858895
1.5833868
1.58103
1.5869523
1.6844457
1.683136
1.6441697
1.6252218
1.6518295
1.6461337
1.8523784
1.7746937
1.603546
1.6103514
1.7939487
1.789177
1.7229532
1.5904502
1.5991361
1.8532367
1.7133715
1.6989288
1.6176533
1.6585791
1.6654707
1.7998272
1.6839018
1.6560655
1.6132131
1.6206993
1.646031
1.7059039
1.5829686
1.5701847
1.5838695
1.6044458
1.5964493
1.6416501
1.608183
1.7220038
1.6066222
1.5583665
1.6383066
1.623702
1.6198804
1.6580225
1.6293627
1.6416117
1.5398297
1.6249143
1.620611
1.6569265
1.5827993
1.5585432
1.5811164
1.5640982
1.5775175
1.5900593
1.5836072
1.6945943
1.5677273
1.5696868
1.6015588
1.7135323
1.733551
1.6339777
1.601724
1.6682802
1.6504668
1.6279447
1.6635828
1.5870272
1.7071861
1.7857009
1.7103381
1.5584561
1.5665591
1.7425042
1.6728455
1.6587185
1.5724638
1.7039254
1.6290425
1.621592
1.6646014
1.61487
1.5781374
1.6221433
1.6939495
1.6207012
1.7000815
1.6482062
1.6077076
1.5901515
1.5808905
1.7440243
1.605657
1.590858
1.646873
1.7166257
1.6896503
1.5962417
1.6604723
1.6973317
1.6628207
1.5829332
1.5685912
1.5924739
1.6292807
1.7791607
1.633638
1.5805565
1.6461915
1.6331568
1.6562485
1.7098022
1.6168997
1.8914688
1.6635656
1.6259997
1.6297675
1.6778514
1.950492
1.5480758
1.5486499
1.6785815
1.7879064
1.6181904
1.655389
1.5965687
1.578276
1.6031026
1.6830957
1.5959022
1.5738908
1.5607241
1.638677
1.56971
1.6344229
1.6705453
1.580315
1.6071125
1.6448609
1.6925727
1.5730045
1.6307418
1.631382
1.567411
1.6326098
1.6089915
1.6976625
1.552737
1.5861998
1.5422
1.5996475
1.5764985
1.5786325
1.5914183
1.6468836
1.6607043
1.5726517
1.6359385
1.5781813
1.6445491
1.7058105
1.6270367
1.6251028
1.6831924
1.5810127
1.7096642
1.642408
1.5963132
1.6877838
1.7106173
1.8110559
1.702248
1.6674037
1.613309
1.5753555
1.653302
1.6338083
1.6043396
1.6265376
1.6489847
1.5744532
1.6112694
1.6215066
1.6496658
1.6529835
1.6076533
1.6192319
1.6486354
1.5943781
1.6452698
1.6409391
1.5883057
1.6111487
1.688612
1.5888491
1.6049315
1.6369321
1.587808
1.606007
1.6093876
1.6302472
1.6355118
1.6634122
1.6309098
1.5764115
1.7043453
1.5900685
1.581499
1.5504688
1.5678102
1.5885301
1.6374412
1.601561
1.5691249
1.6370441
1.5833884
1.6205232
1.5997653
1.5823658
1.6237216
1.584248
1.5735468
1.6947548
1.59779
1.582577
1.6532122
1.6219178
1.6603773
1.6308148
1.6008261
1.652674
1.6162133
1.5855719
1.6162925
1.5914098
1.5585365
1.5758833
1.5882194
1.6360418
1.5492502
1.5631193
1.7071885
1.6558907
1.5856016
1.6179147
1.5872445
1.7785827
1.5819888
1.7035185
1.5944188
1.5898975
1.6356661
1.710202
1.6098964
1.5472355
1.5996749
1.6908649
1.687732
1.6567723
1.5760996
1.5826216
1.6932884
1.585848
1.6301218
1.595048
1.6413113
1.5878612
1.6385514
1.6256199
1.5861076
1.5716063
1.5975448
1.6065894
1.6198391
1.61998
1.6773767
1.5676725
1.5978748
1.7053077
1.548605
1.5858907
1.6290635
1.6267134
1.5986357
1.6129415
1.5700381
1.5733558
1.6753219
1.636495
1.5593745
1.601971
1.7040445
1.5932735
1.6522549
1.5580406
1.607452
1.6900928
1.5801486
1.5674
1.5620846
1.5460231
1.6008973
1.597537
1.5905128
1.5672657
1.6104286
1.6304435
1.5856117
1.6139005
1.5849831
1.6000545
1.6153587
1.6098685
1.5633104
1.5915406
1.6826524
1.627949
1.6073221
1.6913987
1.6212931
1.6745634
1.6612083
1.557683
1.6033533
1.7869483
1.6613383
1.594323
1.629895
1.5900635
1.6251175
1.746514
1.6173488
1.5370811
1.6862674
1.6344465
1.6044236
1.6069628
1.6922581
1.6119683
1.6150542
1.6062922
1.6186898
1.7436725
1.5899237
1.655091
1.5467377
1.5879368
1.5563732
1.5457008
1.6178792
1.5708753
1.6412783
1.6186458
1.5674103
1.5718435
1.5755296
1.5727165
1.6212775
1.6143312
1.626928
1.7211932
1.6351318
1.639443
1.6279652
1.594361
1.6224717
1.6025797
1.6832801
1.6745517
1.5784996
1.628596
1.635455
1.578518
1.5636004
1.6041197
1.5627635
1.575192
1.5717483
1.5847697
1.5660604
1.5906129
1.5663977
1.6280603
1.5446889
1.6093765
1.5677263
1.5997373
1.6295702
1.5675683
1.624273
1.6088953
1.682119
1.5742093
1.6261494
1.5588435
1.5701375
1.6849767
1.5996658
1.6378288
1.5879117
1.5979359
1.7409191
1.6677771
1.6007313
1.584766
1.6049312
1.6208745
1.5936309
1.5748602
1.5817763
1.6232337
1.595845
1.6984676
1.5686564
1.5602485
1.6813072
1.6303872
1.6474117
1.5855156
1.583617
1.5576634
1.5890253
1.6398757
1.5421085
1.562007
1.5671111
1.5920289
1.5709218
1.5996282
1.5641664
1.5673019
1.5818912
1.5734802
1.5862615
1.562627
1.6379243
1.6420767
1.567761
1.5733556
1.5933449
1.6623205
1.569554
1.584271
1.5821302
1.5863192
1.6887627
1.6536556
1.5987775
1.6193702
1.5554616
1.6050668
1.6603391
1.548162
1.5694952
1.5574538
1.5501548
1.6037959
1.6066985
1.5778532
1.5702895
1.6100703
1.567205
1.551518
1.6025839
1.5545135
1.5628295
1.6251643
1.5462565
1.582483
1.569909
1.6619725
1.6552455
1.5558951
1.6214325
1.6262307
1.6175808
1.5677493
1.5545487
1.6904572
1.6344823
1.5551088
1.5835266
1.5982965
1.670067
1.5997777
1.5499569
1.560056
1.6110859
1.6377167
1.6344023
1.5630312
1.566452
1.5434277
1.564278
1.6669749
1.5960919
1.6322153
1.5720711
1.5822953
1.594631
1.6277804
1.5591204
1.538455
1.5887442
1.6178137
1.5426129
1.5615159
1.5730628
1.5904337
1.5983897
1.5754858
1.5497969
1.5961535
1.5536468
1.6091467
1.5664313
1.5796895
1.6470985
1.6524788
1.5562935
1.5790954
1.5927192
1.579995
1.5800864
1.5761346
1.5746431
1.5640148
1.6572325
1.6189634
1.6612666
1.581401
1.590254
1.5961437
1.6153455
1.6164885
1.6101989
1.5748985
1.5840317
1.6133845
1.5616739
1.6034743
1.5818853
1.5971732
1.601458
1.5722415
1.55357
1.5997788
1.5695726
1.5580803
1.6240685
1.6278384
1.5550288
1.643883
1.6930501
1.5708913
1.5600092
1.6826754
1.7049825
1.6070068
1.6511377
1.5893679
1.6241518
1.615967
1.567992
1.74474
1.654831
1.606634
1.5501608
1.61794
1.5736445
1.6382133
1.6021442
1.5548826
1.6181895
1.5741606
1.6623843
1.6166353
1.6229748
1.6154516
1.5897497
1.6235923
1.5573369
1.6214877
1.5842955
1.5522145
1.6058186
1.6380403
1.56065
1.5776826
1.6106898
1.5793319
1.6059765
1.6141772
1.5957506
1.5582975
1.5741049
1.5765716
1.6623977
1.5582905
1.6243898
1.6498669
1.5619648
1.5959321
1.628563
1.5857095
1.5915395
1.585109
1.5451853
1.5685967
1.5966479
1.6303557
1.6648124
1.5807782
1.583225
1.6647497
1.5745319
1.5727813
1.604553
1.5943472
1.6228805
1.6058477
1.6966228
1.6406854
1.554751
1.7283748
1.5998187
1.5818893
1.5552754
1.60771
1.5891492
1.5777535
1.5664299
1.6187589
1.5847205
1.5462222
1.6435323
1.594663
1.6059481
1.594047
1.6245873
1.5885748
1.5912405
1.6021595
1.5578027
1.6119311
1.6085258
1.6155375
1.5909598
1.673276
1.5802689
1.5563389
1.600971
1.5731295
1.5621535
1.5538862
1.5702858
1.5514578
1.572566
1.6025254
1.5773411
1.6164819
1.579254
1.6351103
1.5986197
1.5593005
1.601194
1.6243461
1.5565503
1.6648965
1.5619991
1.6126137
1.5845737
1.5581234
1.5921712
1.6419352
1.5834656
1.582482
1.6098258
1.6348306
1.5635794
1.6075255
1.6220305
1.6638898
1.6095974
1.5313221
1.6949803
1.6904533
1.5848374
1.5494442
1.562765
1.6547441
1.6606473
1.5752008
1.5703218
1.6354824
1.5803473
1.6092906
1.5795561
1.561163
1.6925541
1.654391
1.5797068
1.8346055
1.6149868
1.6376817
1.5871799
1.5764742
1.6283742
1.6642883
1.717382
1.5656813
1.5916911
1.5466385
1.5678507
1.5767925
1.5842335
1.6547301
1.6073703
1.5360508
1.5458704
1.5755475
1.597952
1.638188
1.608994
1.6006715
1.6297414
1.571851
1.6296117
1.5641918
1.5498133
1.6436476
1.6031526
1.636757
1.59003
1.6350884
1.5837263
1.5705067
1.6486212
1.5416018
1.6208912
1.5941802
1.6426772
1.60182
1.6104764
1.6344278
1.578609
1.6043495
1.545429
1.5562872
1.6444024
1.6133578
1.6146077
1.5874786
1.6159457
1.6687077
1.572784
1.5303682
1.5770215
1.6314512
1.6493691
1.5554609
1.6484936
1.5795919
1.584002
1.568951
1.6385492
1.7895929
1.5888053
1.5841688
1.6074755
1.6351572
1.6138189
1.6182414
1.5817086
1.5624595
1.6152222
1.619579
1.5876939
1.60825
1.5559486
1.5673515
1.5859896
1.6425468
1.5709654
1.539785
1.5575804
1.5569082
1.6153105
1.6276555
1.5919378
1.637856
1.5768132
1.5377322
1.588433
1.6213733
1.5919445
1.5843668
1.6536536
1.6443427
1.6237583
1.581265
1.61448
1.693372
1.5643127
1.536902
1.5873978
1.5841751
1.6188343
1.6306301
1.5589595
1.6050967
1.6113198
1.6363777
1.600464
1.5772368
1.5629675
1.5533675
1.5391904
1.5577015
1.762571
1.6029266
1.5855598
1.5842378
1.6871562
1.6516153
1.5540333
1.6022937
1.7206756
1.6349995
1.6889559
1.58672
1.6474566
1.607152
1.5855002
1.6285787
1.7262166
1.7459755
1.55926
1.593827
1.5906508
1.6441816
1.6445932
1.6071869
1.5867095
1.5553473
1.6095523
1.6110152
1.5763518
1.734786
1.9107723
1.933571
1.7034494
1.731811
1.5919222
1.735688
1.847157
1.9433713
1.8046765
1.764894
1.6231128
1.72385
1.6006364
1.7738732
1.7024649
1.550095
1.6449498
1.7739328
1.7004799
1.5645154
1.5931122
1.5644357
1.5563165
1.6438162
1.635554
1.5668633
1.7033173
1.6523442
1.6283649
1.6735867
1.665054
1.5586458
1.627888
1.6626453
1.6073468
1.5855995
1.545109
1.5795184
1.6011211
1.5461208
1.63299
1.5505567
1.551392
1.5720057
1.6789137
1.5565675
1.533772
1.5949508
1.5719345
1.5771197
1.5803559
1.6197455
1.5518992
1.6763963
1.6016343
1.5878458
1.6651468
1.5946187
1.6659355
1.6045922
1.5559794
1.6719756
1.61898
1.5997567
1.6407032
1.5730159
1.5978959
1.636114
1.6409593
1.6237202
1.6402082
1.695878
1.6438419
1.6822238
1.5874431
1.541794
1.6110882
1.5978106
1.6147703
1.6335307
1.6464617
1.6518555
1.5550427
1.590476
1.5672433
1.642274
1.6186118
1.5724323
1.6160995
1.5980954
1.5448601
1.5687122
1.6327616
1.674856
1.590338
1.582914
1.6376582
1.6244217
1.5989534
1.5870467
1.7122657
1.5792385
1.5577017
1.6085162
1.6219565
1.5916872
1.5916486
1.6145306
1.5772941
1.6109904
1.5395602
1.5410513
1.6137836
1.7091422
1.5661104
1.5766774
1.5872823
1.6099517
1.5707432
1.5727092
1.5482438
1.5617366
1.5702202
1.5695907
1.5498097
1.6076535
1.5476785
1.5839013
1.5519785
1.6567082
1.6265492
1.5564591
1.635962
1.618889
1.598676
1.619137
1.644481
1.566681
1.5595624
1.5794401
1.5851997
1.5593487
1.609198
1.5719513
1.5959527
1.5839165
1.613568
1.5674365
1.5308492
1.5892773
1.5524168
1.655391
1.5822155
1.6030318
1.5528617
1.5997425
1.6414783
1.6302122
1.568006
1.6040345
1.6518056
1.6037325
1.5465875
1.5525625
1.5573696
1.6383283
1.5527439
1.5865507
1.5780107
1.6959295
1.6115702
1.5553787
1.5623354
1.6490355
1.6408465
1.596096
1.5865636
1.5718445
1.6098727
1.5811962
1.7051717
1.5646766
1.5702533
1.551592
1.5685234
1.6167504
1.6528145
1.550265
1.5754404
1.6051662
1.5822529
1.5767746
1.558868
1.5815192
1.6631775
1.5839235
1.5829009
1.573434
1.6326375
1.6541528
1.5844908
1.5662704
1.5628303
1.5920177
1.5817809
1.6494647
1.5926813
1.54465
1.5852535
1.6532577
1.589054
1.5703315
1.5438625
1.5619315
1.5523171
1.537784
1.5901185
1.6606299
1.5653082
1.5543714
1.564906
1.6443157
1.5734847
1.6275647
1.633561
1.584654
1.5876535
1.5748571
1.6635731
1.6575931
1.5588717
1.5373155
1.6063937
1.6234783
1.748605
1.6258959
1.5842466
1.6641505
1.5891945
1.6015447
1.5741472
1.5951197
1.543113
1.5451505
1.5432615
1.5687641
1.539618
1.644749
1.6162446
1.5985637
1.581702
1.5617445
1.6976538
1.6862831
1.6077743
1.5723423
1.6417212
1.6836735
1.6975145
1.5939543
1.5837923
1.6589876
1.685977
1.568126
1.5789847
1.5918068
1.6928473
1.7429862
1.5663167
1.5583136
1.582406
1.626928
1.6755264
1.546302
1.5685972
1.5403115
1.7030542
1.6554568
1.560626
1.6031269
1.5465356
1.60857
1.5736644
1.6061594
1.5425406
1.6164198
1.5649856
1.5802177
1.6530151
1.5495498
1.62921
1.645719
1.570537
1.6157002
1.6705623
1.6257416
1.5453615
1.807865
1.5884597
1.5753597
1.6366317
1.6388144
