25.621088
25.653675
25.469528
25.152452
25.134748
24.709452
24.916605
24.679861
24.715343
24.636913
24.350939
25.188688
24.499666
24.487885
24.65498
24.158792
24.435295
23.906832
23.76143
23.870197
23.625317
23.83256
23.484684
22.714756
23.069141
22.858826
22.259277
22.155493
22.095997
21.966705
22.329771
21.653496
21.499496
21.564148
21.23656
21.65622
20.652815
19.939247
20.464111
20.607615
20.087456
20.192513
19.209347
19.270864
18.978449
18.810438
17.868307
18.58836
18.135868
16.936909
16.396444
15.852032
14.197436
14.745472
13.478232
12.885425
12.775721
12.587018
12.229036
11.383814
11.032266
10.767098
10.832144
10.452738
10.241362
10.621626
10.5151
10.525914
10.2204275
9.999178
9.230695
9.03966
8.227688
8.222007
8.036775
8.223724
7.868992
7.8108726
7.933861
8.033614
7.695466
7.0819416
7.355734
7.11374
7.280956
7.049901
6.984359
6.9597807
6.900284
6.561842
6.3623624
6.256807
6.4548388
6.3099375
6.349664
6.6287107
6.4488544
6.7074976
6.5048203
6.6069994
6.2314534
6.389872
6.6528525
6.514774
6.4016848
6.383343
6.293951
6.479332
6.2471423
6.151742
5.607046
5.7067866
5.816332
5.5058074
5.726334
6.0147233
5.7045918
6.1354
5.866846
6.183954
6.198186
5.7553787
5.8930783
5.5457287
5.73877
5.6193657
5.592561
5.635578
5.5431094
5.6347814
5.514329
5.6387386
5.9503856
5.6677575
5.734332
5.695252
5.7354183
5.477624
5.4108005
5.2167225
5.1448827
5.433599
5.727003
5.680258
5.855403
5.767473
5.8578005
5.432168
5.249072
5.496572
4.998228
5.059154
5.134185
5.1406765
5.423163
5.194183
5.18777
5.5493956
5.4104958
5.476113
5.588042
5.664815
5.723968
5.470455
5.4360476
5.312498
5.3527203
5.159293
5.216798
5.070693
5.203168
5.145931
5.1213937
5.4517713
5.1177444
4.973072
5.082173
5.207144
4.9821715
4.5633698
5.0884557
4.7126555
4.9513736
4.631504
5.09781
4.5827703
4.92658
5.020448
4.756242
4.9436026
4.7998605
4.8805766
4.9741735
4.7372804
4.9359703
4.9649363
4.84709
4.912716
4.916346
5.187677
5.202725
5.161872
5.233858
4.637168
5.0839105
4.790675
4.74838
4.839007
4.8231783
4.678034
4.6121163
4.6675963
4.75767
4.7727866
4.897904
4.970341
4.7669277
4.92778
4.563773
4.485981
4.567841
4.5874925
4.729942
4.57811
4.630701
4.7286077
4.4207563
4.729837
4.917314
4.9632926
4.724738
4.858444
4.724166
4.526628
4.4676695
4.476225
4.527728
4.462424
4.3331075
4.5486517
4.5011334
4.56359
4.587902
4.518159
4.42428
4.221854
4.1823864
4.307592
4.1104927
4.214231
4.324689
4.224209
4.4605527
4.615074
4.6090126
4.605253
4.840902
4.752615
4.512997
4.3586707
4.304367
4.1851063
4.100458
4.1469383
4.256813
4.202285
4.4646206
4.267389
4.300865
4.395692
4.601009
4.488369
4.441706
4.1574497
4.447463
4.174129
4.0517025
4.1244025
4.23544
4.309119
4.2819934
4.226173
4.315344
4.211636
4.3794208
4.357488
4.217647
3.9585757
3.8905785
3.9783301
4.175772
4.0104365
4.0242677
4.0952344
4.2059474
4.202575
4.227786
4.072833
4.185414
4.1535563
4.340591
3.9708085
4.07113
4.1426997
4.1177535
4.412166
4.18104
4.164928
4.0868173
4.228835
4.1631184
4.257985
3.8827045
4.175877
4.144288
4.1324515
4.104528
4.1030507
4.0087094
4.172273
3.958873
4.020377
3.8187587
3.837661
4.018914
3.7776208
3.779175
3.8065312
3.7823246
3.9000676
3.9131079
3.9412534
3.8637486
3.8619814
3.9081395
3.7138536
3.7301686
3.71571
3.9709454
3.825332
4.0947685
4.094623
4.000337
3.890073
4.0701933
4.021762
3.6780956
3.5834196
3.823049
3.6022744
3.7843115
3.4423194
3.6672945
3.9476902
3.6624277
3.61361
3.933104
3.8917613
3.7950804
3.800041
3.5831285
3.4327846
3.5998409
3.5336592
3.730597
3.4984462
3.470099
3.4917953
3.549453
3.540199
3.6190836
3.5049758
3.5049646
3.565688
3.640883
3.510401
3.5739834
3.4747055
3.3435152
3.550731
3.6049874
3.2444365
3.3705285
3.300067
3.546233
3.5316718
3.6091714
3.268566
3.859579
3.4627054
3.8614523
3.581786
3.4574556
3.5076325
3.2976334
3.2093165
3.3582067
3.4325385
3.1859283
3.342963
3.1654305
3.5158834
3.339857
3.322474
3.516459
3.3832712
3.3461826
3.5128007
3.4866595
3.4863367
3.4426036
3.2694705
3.3084776
3.5395694
3.425962
3.3801105
3.4464502
3.3662755
3.285932
3.4669
3.2201347
3.2320063
3.666788
3.470244
3.5838485
3.3556669
3.4064093
3.196515
3.383796
3.257416
3.1483455
3.084829
3.0293155
2.973255
3.3831635
3.1703064
3.0688689
3.1285808
3.458167
3.3205545
3.5220215
3.4617784
3.5328374
3.4124756
3.4091847
3.2868505
3.2951453
3.3138561
3.1149836
3.431326
3.1362529
3.253682
3.2922196
3.1426187
3.2783372
3.0363505
3.2340114
3.279269
3.12795
3.1440675
3.0600238
3.4475596
2.9032235
3.2104661
3.145262
3.152319
3.2389028
3.3234465
3.1791527
2.9545329
3.149777
3.0775118
3.139291
3.0629675
2.978907
3.1173468
2.9219594
2.8932624
2.9826732
2.775184
2.9285245
2.9384134
2.8922718
2.9498105
3.0143025
3.24062
3.2262366
3.0939775
3.1766546
3.1648283
3.00819
3.0975144
3.0572624
3.173444
3.2170095
3.1521306
3.275721
3.3189006
3.1276474
3.0262609
3.012098
3.0751648
2.85625
2.8154986
2.9693952
3.114015
2.87929
2.6919816
2.8724718
2.9559
2.886263
3.087124
2.8889954
2.8484116
2.8935275
2.906067
2.8755875
2.983745
2.9254105
2.8732615
2.992893
2.9186716
3.0163455
2.8726914
2.968218
2.7990265
2.9761295
2.787306
2.8711834
2.794098
2.743742
2.9078872
2.660648
2.8778808
2.961476
2.9996312
2.815802
2.76228
2.8036191
2.9034235
2.7070255
2.7109675
2.7190936
2.8199606
2.5847223
2.6970625
2.5572038
2.7551205
2.7018437
2.8003705
2.5800104
2.6008787
2.7867906
2.712449
2.5329065
2.5951455
2.710158
2.6588087
2.679291
2.6963134
2.722388
2.8062074
2.7448747
2.9145637
2.7803507
2.818653
2.9753382
2.9317944
2.7642558
2.8595548
2.8963408
2.7834182
2.7858832
2.9525928
2.820331
2.4924443
2.5521848
2.7357814
2.821771
2.665434
2.739452
2.647815
2.607698
2.5483894
2.6078758
2.6389563
2.5002763
2.710168
2.8109643
2.6783886
2.5150166
2.5819485
2.673451
2.5972974
2.558723
2.6059663
2.4133599
2.716115
2.6816554
2.5541868
2.5094242
2.7251222
2.5174952
2.3864753
2.5140502
2.6386006
2.630681
2.49004
2.5479207
2.5110624
2.424998
2.7171865
2.365518
2.366518
2.471086
2.545256
2.51221
2.3897107
2.641198
2.45881
2.7341301
2.6289434
2.5989947
2.443552
2.4380536
2.6682346
2.492416
2.409796
2.5136142
2.4438467
2.501781
2.5234892
2.45474
2.5097075
2.5964634
2.6345675
2.3447106
2.5442386
2.517186
2.4998126
2.4233296
2.7080355
2.4190886
2.633692
2.5037513
2.4772153
2.5660048
2.5529234
2.7124975
2.6204305
2.49476
2.510673
2.5884066
2.305672
2.495423
2.454408
2.3567753
2.4004395
2.4623067
2.333376
2.4750798
2.4858785
2.3669546
2.3315516
2.268474
2.4355505
2.5799663
2.3228734
2.3304768
2.343093
2.3086805
2.37943
2.4201224
2.2120035
2.3217165
2.6288304
2.254345
2.211117
2.2782116
2.3129888
2.151255
2.3272352
2.3789294
2.2066078
2.3469646
2.29128
2.3455205
2.4291594
2.473509
2.275686
2.296225
2.304282
2.393775
2.3094156
2.3859792
2.327843
2.2614336
2.3551695
2.4543636
2.5029936
2.3153536
2.4142656
2.3259876
2.3132956
2.1267552
2.3139663
2.2660577
2.3667808
2.2151499
2.1645098
2.221947
2.4363656
2.3428557
2.216246
2.2606235
2.3081858
2.1340773
2.160973
2.2286432
2.3139942
2.2822673
2.1750345
2.2672377
2.388917
2.063807
2.181
2.189496
2.3117373
2.3436782
2.342882
2.1335776
2.3019805
2.4207087
2.2723145
2.3098452
2.2930856
2.3113244
2.3214087
2.1674492
2.3931608
2.200437
2.2580414
2.1110837
2.2864423
2.2418654
2.2530346
2.1743913
2.142914
2.1850212
2.1735935
2.1572037
2.1106164
2.1178465
2.305028
2.1157525
2.2076788
2.137706
2.177839
2.2463965
2.1274436
2.234265
2.4022396
2.2956057
2.3112485
2.265734
2.2272737
2.1451507
2.197545
2.0603063
2.11933
2.23452
2.021542
2.096752
2.0099413
2.1944127
2.1589775
2.1594698
2.1258726
2.1025105
2.1518903
2.6621284
2.442745
2.238964
2.314179
2.3291845
2.1233835
2.1200109
2.080316
2.138499
2.201083
1.9618336
2.1845982
2.1843214
2.060585
2.1087244
2.201585
2.2252364
2.2288377
2.136518
2.203281
2.2299824
2.2406394
2.039735
2.196631
2.1143217
2.103513
1.9626882
2.046153
2.037156
2.122825
2.090427
2.0436306
2.0369723
2.0524032
2.150346
2.10899
2.0914395
2.0905051
2.002418
2.1961675
1.9562833
2.0052183
2.0367503
2.1649327
2.1094725
2.0878065
2.0487444
2.0340915
1.9935724
2.1210544
2.060096
2.1031084
2.0966635
2.1638186
2.1033905
2.1664941
2.2835674
2.0618773
2.200484
2.0713975
2.2804987
2.0419412
2.045503
2.069751
2.2199605
2.1501276
2.0260272
2.0850065
2.1587794
1.9385532
2.0662272
2.099086
2.0630176
1.9197899
2.0217404
2.007285
1.9437988
2.110185
2.029228
1.9956193
1.9286839
2.0829368
1.9259553
2.0034297
2.0258644
1.9616145
1.9419347
2.054134
2.0580657
1.9751076
1.9430947
1.9888781
1.9950887
2.052948
2.0744271
1.983741
1.9892178
1.9399058
1.9773945
2.00698
1.9390602
2.0034344
1.9067941
1.8841996
1.9439926
2.0122418
1.8384554
2.059886
1.9882334
1.958968
2.0251615
2.101171
2.1645474
2.2160735
2.0322008
2.088572
2.0584788
2.0062068
1.935551
1.9057175
1.870358
1.9463103
1.9259999
1.9035635
1.8608338
1.8571846
1.8777542
2.0558012
1.8582733
1.9552872
1.9571795
2.0065992
1.9506258
2.0351417
2.0203872
1.9548423
1.8818341
1.9398643
2.001815
1.9635923
1.9610475
1.9078587
1.9211885
2.0171294
2.000519
1.8064376
1.980112
1.970659
1.9442755
2.0802736
2.0664308
2.0772116
2.1100414
2.0321982
2.1277313
2.0326324
1.9230505
1.9242858
1.8622515
1.8974733
2.192646
1.9942253
2.0379653
2.124787
1.9490759
1.9542919
2.085207
2.0138187
2.0403867
2.007865
1.9527255
2.1616142
1.8730294
2.0225663
1.9967185
2.0303915
2.0858307
1.8077242
1.9727613
2.004586
1.923655
1.9261082
1.994268
1.9647439
1.9170548
2.0002048
2.005769
1.7700847
1.9409072
1.9019399
1.9863843
2.0105581
1.930268
1.8976177
2.0487723
1.9267921
1.8639715
1.9378939
1.8811339
1.870076
1.9591465
1.9496145
1.9381244
1.9498211
1.8579723
1.8348936
2.076519
2.0312757
1.971184
1.862482
1.8675117
1.9123849
1.9311912
1.9708042
1.9132161
1.8532475
1.9723773
1.8417222
1.925558
1.924442
1.8904142
1.9267405
2.0284026
1.900559
1.8804955
1.9349511
1.9599091
1.872874
1.8035352
1.8119094
1.824573
1.8847762
1.9623197
1.7918049
1.8578571
1.9107162
1.9489464
1.8929439
1.9647957
1.95281
2.074375
2.0163271
1.931832
2.0258856
1.8179649
1.920052
1.801084
1.8741238
1.9708397
1.7924694
1.8352877
1.8728572
1.7562721
1.8656417
1.9238427
1.8017817
1.8280427
1.7928833
1.9183904
1.9021665
1.8739336
1.8568666
1.9070183
1.9347292
1.9030162
1.9254335
1.814528
1.8238449
1.9102522
1.9523017
1.7850789
1.9035023
1.9036263
1.8845454
1.8086991
1.9120121
2.069122
1.8555952
1.9296076
1.8252695
2.0398211
2.0549963
1.905667
1.877275
1.8940053
1.9357997
1.7973458
1.9641618
1.8840407
1.8856729
1.8188884
1.7657024
1.8392037
1.77365
1.8099008
1.9123276
1.9552742
1.8581684
1.7419672
1.8354743
1.9934382
1.8529731
1.9194125
1.9237028
2.1302595
1.907535
1.9924012
2.0411944
1.952294
1.8445493
1.9328088
1.8063265
1.9357128
1.8698106
1.8641253
1.89544
1.8689717
1.9350487
1.8133622
1.7774142
1.9920505
1.916413
1.8954387
1.9804132
1.879858
1.9310464
1.9320862
1.8581802
1.8142138
1.8037694
1.9035177
1.9592857
1.8956865
1.8050338
1.8569697
1.788366
1.812948
1.9260056
1.8423969
1.7648779
1.836219
1.937234
1.8777362
1.8088297
1.9131682
1.9048324
2.0490112
1.7969365
2.0914402
1.9198482
1.9037716
1.8578497
1.7524107
1.7842633
1.9389902
1.8861275
1.9610175
1.7407784
1.7981598
1.762698
1.8754452
1.9364908
2.1043954
1.8469898
1.9698359
2.1084259
1.8974305
1.8623319
1.8729157
1.9926798
1.9149326
1.954547
1.867945
1.8010235
1.9504973
1.7796338
1.7600417
1.7349207
1.8553349
1.7312043
1.9394902
1.9222107
1.8243673
1.7941821
1.7429477
1.8445436
1.8020205
1.8123072
1.8317859
1.8135526
1.8510402
1.894831
1.8179944
1.9477062
1.7871263
1.870086
1.8567318
1.7638732
1.8921156
1.9213612
1.8813818
1.8428308
1.8627017
1.8118562
1.7483466
1.8098422
1.872632
1.7289733
1.8235885
1.8756279
1.8828228
1.7404842
1.8603605
1.8258543
1.7539064
1.7387213
1.794423
1.715952
1.7210642
1.8389004
1.7474574
1.8039694
1.7061199
1.7886567
1.7866236
1.788271
1.7956163
1.9826678
1.8622358
1.8323464
1.8467805
1.9695063
1.8064673
1.831907
1.7962431
1.8024176
1.7947397
1.7988503
1.7715415
1.919202
1.7761518
1.9036173
1.7763922
1.7609677
1.8020402
1.7568837
1.698573
1.7872118
1.8330207
1.7343786
1.7758559
1.7259011
1.7950106
1.8737773
1.7438921
1.9156238
1.8105595
1.801435
1.9780138
1.9100769
1.9616107
1.958365
1.7547475
1.855726
1.853257
1.7650807
1.8680912
1.829404
1.7078942
1.8839397
1.757632
1.7615072
1.7504908
1.761743
1.7604625
1.822409
1.7701845
1.9498461
1.7964662
1.8009645
2.006116
1.8949914
1.8515326
1.7822442
1.7575715
1.7804502
1.7961144
1.8344012
1.8395712
1.790732
1.766091
1.8613367
1.7560732
1.8271652
1.7811347
1.8943765
1.7592494
1.7706517
1.7933627
1.7762418
1.9350687
1.7519723
1.7692215
1.7526331
1.6843892
1.9680395
1.7827526
1.8960425
1.6977566
1.7833108
1.8436878
1.885542
1.9435557
1.8318243
1.8431227
1.7493926
1.7383298
1.7775855
1.7857442
1.7898778
1.8171332
1.769755
1.8543081
1.745953
1.6911445
1.7004967
1.7862762
1.7521018
1.8412873
1.6956698
1.7761596
1.8213263
1.8096164
1.8611745
1.8065469
1.8255832
1.76122
1.8247765
1.8441015
1.828729
1.761372
1.7596706
1.8130001
1.8755975
1.7270379
1.746966
1.7627753
1.8450707
1.800124
1.7286744
1.7697476
1.7519946
1.856729
1.755896
1.7026951
1.7794528
1.769578
1.7558694
1.7455198
1.7133498
1.7938975
1.7496696
1.8036257
1.6961387
1.7779894
1.7611623
1.8346415
1.7910384
1.6734401
1.7003323
1.744333
1.8291306
1.872023
1.7514137
1.7469691
1.787198
1.6740575
1.8079199
1.7943373
1.7357928
1.7900703
1.646429
1.8340683
1.7904117
1.8263212
1.7811964
1.8417349
1.7795925
1.8264183
1.8465452
1.8354732
1.7486902
1.7720624
1.7243912
1.7725971
1.7988083
1.7013158
1.7602147
1.7363187
1.765135
1.7762929
1.6736783
1.6662565
1.6621045
1.740778
1.7409981
1.7198131
1.7256545
1.709122
1.7813557
1.8550242
1.7790527
1.7843277
1.7856004
1.8570153
1.9430662
1.8011445
1.7854682
1.8571372
1.8510811
1.781524
1.7685093
1.8539935
1.779433
1.8634747
1.7406118
1.7055069
1.8100313
1.8022927
1.7762867
1.8769718
1.7389946
1.8310977
1.814616
1.8231727
1.899436
1.9382981
1.9664763
1.7910558
1.8064134
1.7522142
1.769437
1.7258593
1.7943573
1.8061777
1.8047688
1.6737608
1.9222486
1.6569068
1.8500488
1.7714617
1.7966282
1.881035
1.7994817
1.802322
1.8576295
1.8725371
1.8146834
1.8593212
1.8323909
1.7078004
1.6811618
1.7966497
1.7946751
1.8623959
1.7417071
1.6826385
1.7077005
1.6904409
1.7802488
1.7316042
1.8268409
1.8825028
1.8012022
1.870576
1.9015266
1.718717
1.7306125
1.7929513
1.8256376
1.7984746
1.7121966
1.7786216
1.692824
1.660903
1.8271853
1.710901
1.7949779
1.686667
1.7513704
1.7371997
1.7364665
1.7617748
1.712318
1.7651073
1.8481706
1.8400639
1.8453301
1.7381685
1.7968153
1.7794617
1.7547808
1.8434855
1.6398443
1.7143658
1.7357982
1.7700207
1.7575003
1.7687858
1.6872313
1.7290273
1.7911915
1.801004
1.811892
1.759531
1.9359298
1.8458153
1.8864429
1.8075137
1.8023183
1.730678
1.958301
1.840022
1.8310664
1.8450665
1.8993993
1.7957083
1.7907325
1.7537755
1.6479437
1.8311975
1.6879158
1.7943145
1.826551
1.7670532
1.6623132
1.7824918
1.7374928
1.7388206
1.7875253
1.8124017
1.8076175
1.749274
1.8202467
1.8788012
1.7720721
1.7169207
1.8790605
1.8066548
1.7719091
1.7995794
1.6868591
1.8472803
1.7914333
1.8273301
1.7838097
1.7508568
1.7583097
1.8308622
1.840624
1.668862
1.853079
1.7991455
1.8972957
1.7853462
1.7974701
1.8689717
1.850432
1.8170055
1.800688
1.9078724
1.8874172
1.726897
1.7766793
1.6870162
1.7033536
1.7847165
1.7435002
1.8458775
1.7352974
1.7173915
1.7786278
1.7265186
1.778692
1.7534935
1.7643251
1.8259104
1.8158648
1.7716731
1.7410364
1.728013
1.7899843
1.7174168
1.7134804
1.7148265
1.7827663
1.7716798
1.7022703
1.7069396
1.7632782
1.7867842
1.6829765
1.7661939
1.6434548
1.6878017
1.6744245
1.7208798
1.7700938
1.7520448
1.7478622
1.6745672
1.7501948
1.7281812
1.680653
1.7662605
1.7156839
1.7201339
1.731353
1.750844
1.7225845
1.772447
1.7058972
1.7156613
1.6881135
1.7622223
1.7431155
1.8340638
1.7383296
1.6923659
1.8619175
1.756501
1.9049705
1.6746597
1.7957655
1.7766974
1.8028549
1.7409302
1.8463178
1.6932487
1.6478544
1.6493052
1.7468905
1.7209373
1.7305663
1.7870407
1.8848579
1.7104605
1.905299
2.039436
1.7758293
1.957171
1.727833
1.689959
1.6899235
1.7655013
1.7506329
1.6929165
1.782553
1.7773467
1.7187792
1.6487085
1.6638513
1.8069853
1.7794801
1.7795517
1.6484797
1.7214998
1.7106205
1.7215261
1.768374
1.68068
1.6718405
1.7309242
1.649276
1.6990701
1.7552271
1.7272283
1.7516407
1.7609192
1.6280595
1.733954
1.6294694
1.6910414
1.7954335
1.7057849
1.6408052
1.6814234
1.7146809
1.6493452
1.661268
1.7118652
1.7087617
1.9385878
1.7886466
1.7075979
1.744938
1.8730212
1.6979816
1.769112
1.756437
1.7715529
1.6855977
1.7835975
1.6696985
1.7407488
1.7229122
1.7304449
1.702535
1.7056715
1.7017874
1.7070961
1.7657189
1.7098781
1.7078668
1.691428
1.7645732
1.7428882
1.8394945
1.6399602
1.6314878
1.8435977
1.8029276
1.7246507
1.7010121
1.6938524
1.7139877
1.7033823
1.6924932
1.7689354
1.6506238
1.7819432
1.6510818
1.699449
1.6802099
1.6471498
1.630324
1.7494707
1.7325125
1.6962563
1.7074516
1.6716002
1.7486693
1.6957452
1.6539028
1.7253726
1.8301858
1.6785063
1.7619737
1.7193933
1.7920887
1.689004
1.6795957
1.8319918
1.7181426
1.6866127
1.7841527
1.6205019
1.7411716
1.6602855
1.7622342
1.7477982
1.7085057
1.6536657
1.7306656
1.7952914
1.7488132
1.6672717
1.7085006
1.7215087
1.7263054
1.7391055
1.7187105
1.6496418
1.6423123
1.7197185
1.6729246
1.6327019
1.668151
1.6460227
1.6242387
1.6415405
1.757272
1.7127948
1.6965951
1.6633953
1.7053035
1.8132663
1.7402108
1.7662717
1.6588472
1.6718998
1.786691
1.7287669
1.7258543
1.6781656
1.7252924
1.7798339
1.6840845
1.6486633
1.6761521
1.7117935
1.6456842
1.5873445
1.6771015
1.7766628
1.6756606
1.665461
1.6630749
1.7713113
1.6644808
1.6477122
1.6546025
1.8116086
1.6962615
1.7296616
1.6710502
1.7347332
1.6319022
1.6215559
1.734801
1.7370027
1.667817
1.6985129
1.6853973
1.7668047
1.7020772
1.7586714
1.6889683
1.6085602
1.6542975
1.5947428
1.6857126
1.6973095
1.6702878
1.7067437
1.6250038
1.7308518
1.6315963
1.664358
1.6731863
1.7349565
1.6849622
1.674653
1.7063278
1.6587118
1.667707
1.764869
1.7207547
1.7264256
1.7044164
1.7742465
1.652133
1.696707
1.619584
1.702082
1.6792032
1.6850208
1.69304
1.6212752
1.6871263
1.6840014
1.647397
1.6604887
1.6831807
1.634145
1.6045165
1.6198478
1.635848
1.5970702
1.6684604
1.7094705
1.6724507
1.6418626
1.6747674
1.6369867
1.744051
1.6363099
1.6555274
1.6600915
1.7563709
1.6635535
1.6744592
1.7694383
1.7246245
1.6770692
1.6996597
1.6958992
1.6736418
1.6854635
1.7019615
1.8794224
1.773012
1.6389709
1.7623107
1.7076569
1.7773085
1.7953225
1.746457
1.622672
1.60318
1.628901
1.748606
1.7397008
1.652504
1.6499285
1.696518
1.7226261
1.689325
1.7251188
1.636727
1.6669079
1.8901654
1.6415983
1.7760512
1.6995195
1.7241465
1.744525
1.775791
1.8619794
1.730901
1.7091272
1.7640485
1.7189008
1.8247486
1.8145928
1.8234572
1.7748908
1.7248876
1.7221465
1.7560195
1.6987326
1.6885748
1.9667993
1.6375117
1.6660994
1.7219623
1.8017622
1.846678
1.846834
1.7900178
1.7169695
1.6788689
1.659505
1.6569887
1.766977
1.7859164
1.7011265
1.7067779
1.7268429
1.6902994
1.8061583
1.8230326
1.7281398
1.6509447
1.649532
1.8072692
1.6583029
1.6925375
1.6433053
1.7138753
1.6521313
1.6034275
1.6946265
1.6910392
1.6938795
1.6665177
1.6383635
1.6357036
1.8291235
1.6927538
1.6648518
1.7099557
1.713694
1.690794
1.7181773
1.670631
1.772344
1.6651407
1.7059425
1.709519
1.698295
1.6562436
1.6968825
1.6802363
1.6864878
1.7085606
1.7326622
1.6070818
1.6029078
1.6470927
1.6521118
1.6706861
1.7201664
1.7414644
1.6095327
1.6962367
1.681017
1.6985958
1.6288555
1.7187316
1.7130665
1.6607363
1.7103282
1.790697
1.691152
1.6702322
1.6445874
1.7240287
1.6631645
1.6702354
1.6333537
1.7816795
1.6504167
1.6735786
1.6102686
1.7474815
1.6362431
1.7072356
1.7769507
1.7911422
1.6517416
1.7421062
1.7569382
1.7240037
1.6568842
1.745094
1.5888326
1.6129857
1.6804342
1.6522323
1.6506554
1.6963197
1.7002355
1.6417495
1.6751639
1.656135
1.7083505
1.733333
1.6711471
1.6239241
1.6345537
1.7519037
1.657675
1.7130305
1.6921445
1.658133
1.7308565
1.6239122
1.7915658
1.7055383
1.6766754
1.6297115
1.6458596
1.6756167
1.8080705
1.69939
1.7234722
1.6551887
1.6751904
1.7065462
1.7873713
1.6872957
1.6396183
1.7918149
1.7024266
1.6974218
1.7004274
1.629371
1.6600769
1.6865275
1.7940471
1.6629311
1.6312797
1.6255449
1.754621
1.6614635
1.7368993
1.6496267
1.6486061
1.6274548
1.7099668
1.7233133
1.6631321
1.7074319
1.6221998
1.6870836
1.625043
1.6763505
1.6669103
1.6493059
1.7269315
1.690072
1.7502413
1.6253623
1.6067774
1.8597388
1.665007
1.6815845
1.6821407
1.728429
1.8073252
1.726903
1.6146111
1.754444
1.7796806
1.7447172
1.8057808
1.611081
1.741985
1.78362
1.7661012
1.819284
1.6533111
1.7454545
1.6490532
1.762306
1.6817472
1.6317526
1.6849966
1.6161625
1.6245185
1.6846464
1.7088034
1.6518097
1.7095692
1.6577135
1.6032352
1.6152527
1.6117017
1.8862062
1.8158283
1.745268
1.6964388
1.7186184
1.6308217
1.7824957
1.6995022
1.824416
1.6672987
1.6830375
1.8478419
1.7258962
1.6908281
1.6860378
1.6774945
1.8490692
1.7036964
1.6173604
1.6439097
1.7176863
1.7784878
1.7340035
1.768561
1.8256547
1.6351115
1.6518753
1.6278965
1.636938
1.6843864
1.7096863
1.6627098
1.6408719
1.6677415
1.7419674
1.6569443
1.593531
1.5940697
1.703825
1.6838423
1.6499009
1.6214877
1.6739105
1.6387403
1.685441
1.6414832
1.579865
1.6623232
1.6261092
1.6685598
1.6729345
1.6474748
1.6615988
1.6662432
1.6812321
1.6222671
1.6336182
1.6740552
1.715618
1.7051297
1.689707
1.6175096
1.6549594
1.7389913
1.6778138
1.6536555
1.6453868
1.6165328
1.6300254
1.6998007
1.6793113
1.7076674
1.6871408
1.6195791
1.7235496
1.5831337
1.7440251
1.7130383
1.6216668
1.6321255
1.616576
1.7132593
1.694694
1.690321
1.6713883
1.6014757
1.6006142
1.6296661
1.5924275
1.6033756
1.7192887
1.6608925
1.7164257
1.663353
1.6807735
1.6770308
1.6975187
1.6808138
1.661621
1.6337872
1.6468284
1.6559286
1.6514052
1.779462
1.6612349
1.6036775
1.663162
1.7904539
1.6123033
1.6904911
1.6634413
1.6587335
1.670776
1.5842783
1.7045559
1.6687479
1.624171
1.6609465
1.576632
1.653177
1.7037416
1.5959967
1.7041458
1.8033012
1.6948647
1.6275568
1.6471802
1.5994238
1.5988005
1.6336704
1.730809
1.617357
1.6522275
1.583584
1.6146022
1.6262199
1.5914878
1.6744028
1.6826781
1.6309617
1.6445907
1.6449606
1.6668375
1.6307249
1.6141618
1.7011399
1.5712618
1.6447458
1.784913
1.6624612
1.6046873
1.6397512
1.6592852
1.7472409
1.765621
1.6795781
1.6537062
1.7362928
1.6260008
1.6223693
1.640699
1.7513622
1.7010099
1.6626102
1.6741929
1.734372
1.6571339
1.7121234
1.7204874
1.6640711
1.7153383
1.6002214
1.7365712
1.686107
1.6174022
1.6984758
1.6081495
1.6080135
1.593204
1.617066
1.668143
1.7612009
1.7343569
1.6356169
1.6553345
1.6166337
1.7155987
1.7437285
1.6390735
1.6381958
1.7420732
1.6114329
1.6672475
1.5967634
1.704478
1.6967717
1.6247313
1.712567
1.7610689
1.6086452
1.6490705
1.6462797
1.6836532
1.656716
1.6983023
1.7171245
1.6824701
1.6258005
1.709298
1.6617033
1.6070617
1.5930942
1.7569695
1.6976837
1.6853818
1.693946
1.7904367
1.5804876
1.689104
1.6398247
1.6202121
1.6389068
1.6794742
1.6496724
1.7032973
1.641145
1.641047
1.6818281
1.6401955
1.7240908
1.7792865
1.6057519
1.5921079
1.6728795
1.670197
1.7232908
1.7098482
1.7300998
1.7414317
1.6323593
1.6502007
1.7867228
1.8190075
1.6874055
1.6767135
1.6495625
1.6147382
1.6201309
1.7377843
1.6969162
1.634946
1.6710765
1.6594296
1.6334327
1.6412784
1.7563093
1.6296746
1.7214593
1.6990873
1.7103031
1.592136
1.6411028
1.620309
1.6876047
1.71239
1.6678847
1.6649917
1.609022
1.626529
1.6511319
1.6132455
1.6794127
1.587834
1.6718144
1.7173603
1.6347346
1.6647747
1.6068686
1.6112926
1.6667768
1.6743453
1.6764665
1.6197971
1.5853189
1.689899
1.6896352
1.6762427
1.6196548
1.6669463
1.5890387
1.6674745
1.607032
1.6015205
1.6096435
1.6805245
1.6235244
1.6835127
1.7025263
1.6811225
1.6848938
1.6888405
1.6055789
1.737533
1.7389224
1.7749214
1.6661483
1.6445479
1.636362
1.8531557
1.6574771
1.6234962
1.7057785
1.656981
1.6514022
1.5814261
1.5970247
1.6480523
1.6582289
1.5975115
1.6681151
1.6407185
1.5973856
1.5983095
1.644538
1.615906
1.6746829
1.6083146
1.6324611
1.6994733
1.670048
1.5716279
1.6009738
1.6537068
1.6264255
1.7589223
1.6820912
1.5907145
1.6426375
1.5968387
1.5933973
1.5974445
1.6395618
1.660641
1.6259545
1.6257005
1.7047818
1.6293082
1.6063153
1.6800889
1.5722466
1.6195514
1.5922531
1.6785197
1.6119072
1.631674
1.6228172
1.6444433
1.609452
1.5759399
1.6467237
1.662558
1.602858
1.6224177
1.625487
1.7140616
1.699328
1.6354717
1.681838
1.6318991
1.6376711
1.7112082
1.6518313
1.6636442
1.6399943
1.7643852
1.711522
1.6719244
1.7167165
1.6739002
1.5825822
1.6473876
1.6072081
1.6936382
1.6516682
1.6021622
1.6986585
1.6047262
1.6786205
1.6516777
1.5774382
1.5693488
1.5971913
1.6610115
1.6133451
1.60348
1.6709265
1.6200149
1.6056198
1.7649348
1.70011
1.638603
1.6976852
1.622592
1.605897
1.6142364
1.6358052
1.6165055
1.6578783
1.7003706
1.6562862
1.6224797
1.6452618
1.6986215
1.735002
1.629336
1.664479
1.6679608
1.630199
1.6896095
1.6294695
1.7024307
1.6096392
1.6157212
1.6157342
1.5974165
1.6734225
1.6553183
1.6849241
1.6514211
1.6668402
1.6886369
1.6315677
1.6751313
1.611708
1.6971128
1.6996135
1.6540985
1.6187352
1.6013095
1.620806
1.605542
1.7118702
1.6053468
1.6561439
1.6784216
1.6623312
1.6010442
1.6184171
1.6648887
1.6074135
1.5997562
1.6625756
1.5831567
1.6409644
1.6395987
1.5589104
1.6031545
1.6226302
1.5805832
1.652637
1.6632067
1.6337588
1.66284
1.5891252
1.6861162
1.6195612
1.7113683
1.685409
1.6137898
1.6842737
1.6061362
1.5999403
1.6488057
1.6021245
1.6746774
1.6885304
1.5959476
1.6377329
1.6097043
1.6714867
1.6529565
1.7105623
1.5857567
1.6679637
1.5844375
1.6604698
1.5901695
1.6547022
1.6976935
1.708611
1.6720833
1.7358102
1.6629865
1.6581159
1.6037097
1.6587428
1.6226048
1.6770372
1.6422325
1.5910172
1.621006
1.6247576
1.5954168
1.6387881
1.591823
1.7206494
1.7181838
1.6622186
1.6114379
1.6437788
1.5854481
1.6242125
1.6793462
1.5832012
1.6089495
1.6775329
1.7231627
1.602297
1.5836864
1.6204529
1.6014185
1.6935217
1.6585122
1.623769
1.6341035
1.6622243
1.6089737
1.6031015
1.6982743
1.7088292
1.636618
1.6044805
1.6221387
1.6393504
1.657834
1.6229811
1.6444223
1.6636922
1.7065456
1.727258
1.6221458
1.577976
1.6198319
1.581345
1.6774375
1.6415317
1.6028019
1.682267
1.6377043
1.633168
1.6341954
1.6868286
1.6493711
1.5816035
1.5641439
1.5946805
1.6081936
1.5790223
1.7465296
1.5771955
1.5875196
1.6698183
1.8402724
1.6669282
1.580118
1.5882192
1.6389911
1.6145635
1.7363467
1.6236587
1.6205293
1.6782128
1.608636
1.6822793
1.6958073
1.662461
1.5649781
1.6281552
1.6476008
1.6814431
1.6311532
1.618958
1.6604468
1.6656492
1.6812102
1.681224
1.7165009
1.6166893
1.6684906
1.7157408
1.6064613
1.6332753
1.645902
1.6720635
1.619227
1.616779
1.635076
1.6698227
1.616595
1.6706687
1.6396267
1.6329429
1.6072652
1.56766
1.6653258
1.702241
1.6639264
1.7116181
1.6738553
1.6494255
1.6743164
1.5844396
1.603857
1.6344378
1.5692406
1.6236358
1.6914064
1.579455
1.5959648
1.5748663
1.5752162
1.6783983
1.615889
1.5764017
1.6995574
1.6233681
1.6308299
1.5933892
1.6397015
1.6474622
1.6220927
1.6780056
1.726076
1.6269443
1.5849607
1.6680771
1.7369499
1.6315943
1.6455965
1.5991164
1.5950813
1.6578933
1.6393608
1.6050195
1.6058384
1.6643113
1.6460152
1.6216254
1.6177897
1.6179475
1.6444156
1.6418643
1.6934477
1.58474
1.5935705
1.656595
1.6041034
1.639436
1.6846157
1.7398463
1.6230435
1.651357
1.5953037
1.6727163
1.6757447
1.615201
1.6219925
1.6090902
1.5899906
1.5731252
1.5738708
1.6520869
1.6110768
1.593081
1.6197282
1.6048857
1.6705248
1.6048342
1.582801
1.597102
1.564153
1.6386875
1.6415615
1.6825058
1.6212107
1.669737
1.629499
1.5839403
1.5713812
1.7079971
1.7088315
1.6411515
1.7600358
1.6627548
1.7753072
1.7840841
1.7353972
1.7192178
1.7654167
1.7837483
1.5615598
1.6627322
1.700589
1.662553
1.7187498
1.754493
1.6143727
1.6641673
1.54676
1.574548
1.6211792
1.6414663
1.6996652
1.6067792
1.5914048
1.6290374
1.6585017
1.6399271
1.6299855
1.5978385
1.7312317
1.6793787
1.6715509
1.645966
1.6968919
1.8387443
1.6240761
1.5705527
1.6095468
1.6771256
1.5971504
1.6713097
1.6580094
1.6251777
1.5815175
1.5907621
1.5825034
1.5972427
1.609
1.6367656
1.5968478
1.6183528
1.6431926
1.737189
1.6281403
1.683018
1.6417025
1.7310407
1.7648708
1.67652
1.6700473
1.7790339
1.5955654
1.5803105
1.6471882
1.6791278
1.5666378
1.589574
1.5873297
1.6377004
1.6648587
1.6042039
1.6408515
1.6037751
1.6426005
1.7050973
1.7177612
1.6071342
1.5997947
1.6326807
1.6862359
1.6148694
1.5764365
1.6053231
1.6973797
1.6038768
1.670385
1.6195422
1.5984776
1.6438814
1.559015
1.5688417
1.5569657
1.570876
1.5936881
1.6390678
1.5965233
1.6741927
1.6868424
1.5946254
1.6506968
1.717374
1.6486672
1.6131934
1.6589714
1.5941942
1.5948945
1.6197945
1.621418
1.6441466
1.6246407
1.6473113
1.5965887
1.60598
1.6383331
1.635119
1.6017058
1.6619197
1.7080309
1.5742432
1.6479002
1.6206175
1.6557403
1.6061708
1.5933595
1.5635237
1.6145923
1.550612
1.5671406
1.5767227
1.6091374
1.5935355
1.616672
1.73118
1.6012695
1.6266761
1.6053542
1.643416
1.6477871
1.6006768
1.6707525
1.6887589
1.6890367
1.5927321
1.620241
1.6820366
1.5745478
1.5791825
1.6158887
1.7212361
1.7222604
1.631008
1.5724431
1.7830008
1.6979165
1.6158139
1.6431335
1.6666888
1.706424
1.695239
1.7225152
1.6500274
1.6566217
1.6695608
1.624249
1.7264224
1.6422609
1.6293916
1.6688315
1.6884933
1.6631114
1.613329
1.5879933
1.6586866
1.6278987
1.6329594
1.7324275
1.6711768
1.6254271
1.7418779
1.6953455
1.6047543
1.5987748
1.7445675
1.7309033
1.6157936
1.61972
1.5801874
1.6556265
1.6555102
1.5828552
1.614905
1.6784195
1.5797408
1.6213888
1.6297177
1.6130242
1.71492
1.7092865
1.726879
1.6220405
1.6447862
1.6969326
1.8517982
1.6990645
1.7764667
1.6065657
1.6510912
1.9080769
1.8548273
1.7125717
1.681956
1.6489481
1.5900364
1.6693745
1.6038197
1.7314372
1.693132
1.5619372
1.6285987
1.5678157
1.5753745
1.5831077
1.72803
1.6141523
1.5683892
1.6102618
1.6388693
1.6162764
1.6709902
1.6266568
1.6027857
1.6505613
1.6066755
1.630365
1.6146475
1.5832957
1.597899
1.6028272
1.6004469
1.5562059
1.5654533
1.5840467
1.6139935
1.5711828
1.6402448
1.63702
1.6208733
1.552024
1.6055758
1.5662729
1.5527601
1.6394676
1.5985962
1.6553835
1.6292558
1.602046
1.666327
1.5861005
1.605131
1.5974901
1.6808832
1.554136
1.671323
1.6369225
1.6569545
1.6760663
1.699838
1.6430327
1.6068462
1.596015
1.6201125
1.6575363
1.6042415
1.622937
1.600539
1.617829
1.7294532
1.6583502
1.6325623
1.623506
1.6575811
1.6004386
1.5779842
1.7045645
1.673513
1.7568396
1.6404835
1.6272782
1.7604169
1.6371695
1.6934634
1.5753833
1.674699
1.5628211
1.583977
1.6459895
1.6644204
1.6349223
1.5814103
1.5997157
1.574777
1.5651957
1.6272285
1.6772708
1.5877672
1.7104045
1.6047724
1.5909086
1.6306063
1.6363977
1.617563
1.6686884
1.6685847
1.6746037
1.647886
1.7414362
1.7819433
1.5647385
1.6168462
1.5798807
1.5894907
1.5681763
1.6731496
1.663736
1.6096714
1.6087317
1.6370088
1.6326813
1.5942812
1.5842843
1.5859805
1.6054585
1.5604296
1.6448219
1.5957634
1.6071138
1.6159035
1.5901183
1.6090205
1.5817986
1.6580423
1.6150618
1.5883155
1.6257721
1.6134522
1.5912272
1.6997178
1.5950536
1.5903261
1.5680466
1.6418129
1.6887262
1.5777957
1.6019015
1.5671008
1.6682541
1.5938182
1.5886952
1.613971
1.6001989
1.5920686
1.6660435
1.6316631
1.6571914
1.6247557
1.7694505
1.7371346
1.6518418
1.6286098
1.6166463
1.7273481
1.6177927
1.6816735
1.587567
1.5845348
1.6706533
1.8175175
1.5930079
1.6987618
1.5773273
1.5905695
1.600767
1.6683642
1.6340584
1.5694462
1.5653125
1.6449908
1.768341
1.5899986
1.6495987
1.708335
1.6123687
1.6022694
1.6434269
1.6197282
1.6476876
1.6394982
1.6370475
1.6126909
1.6152178
1.5699911
1.736272
1.6782541
1.6607496
1.6844015
1.7743232
1.6485548
1.627781
1.620121
1.764566
1.698494
1.5567027
1.6147801
1.6558608
1.6082884
1.6102805
1.6520667
1.6116637
1.6746633
1.6069925
1.5925108
1.6413605
1.6366552
1.606929
1.5654727
1.5910982
1.6522008
1.6061736
1.6084702
1.5684174
1.6266845
1.6216182
1.61058
1.6277252
1.5765432
1.579489
1.6303022
1.5708843
1.591624
1.5702906
1.6503576
1.5676036
1.5920147
1.5719026
1.5547752
1.6147431
1.5931633
1.5555176
1.6245105
1.6356785
1.6364421
1.6041431
1.6697067
1.6532949
1.6205572
1.620218
1.6075099
1.6574906
1.6238898
1.5870732
1.6301522
1.782089
1.5920317
1.5699552
1.6325055
1.6582052
1.6202135
1.7034159
1.6232142
1.5870332
1.6467309
1.6421533
1.6128459
1.651775
1.6177558
1.5876135
1.6291658
1.6857653
1.583615
1.7159543
1.6738633
1.6449355
1.6070073
1.5888317
1.6201108
1.5965657
1.6199164
1.6794612
1.578356
1.6080271
1.573619
1.6754434
1.599153
1.6233873
1.5744077
1.6184278
1.6456904
1.5614287
1.5944409
1.6566204
1.5715435
1.7026087
1.5873477
1.5937235
1.5903205
1.6028064
1.6320475
1.6065105
1.622183
1.5816272
1.6632696
1.5629365
1.5941125
1.6483568
1.570443
1.5549853
1.6641304
1.6217912
1.6354374
1.6042845
1.6439853
1.7215685
1.6221162
1.652362
1.5591371
1.7273605
1.5872846
1.6314785
1.6614205
1.626726
1.677049
1.556657
1.568665
1.5781544
1.6229023
1.6240398
1.5928656
1.5978793
1.5570325
1.6082423
1.5620615
1.6229616
1.66987
1.6555375
1.6076375
1.6141846
1.6100543
1.6464099
1.5982345
1.6362138
1.5887682
1.6920363
1.5747713
1.6315002
1.6089067
1.5804754
1.5946817
1.5862287
1.615447
1.6439044
1.594984
1.5998067
1.6036988
1.6156415
1.7242328
1.6297052
1.6313154
1.5496085
1.5962704
1.6588935
1.6493483
1.6045029
1.5781565
1.5759573
1.6676261
1.6208093
1.5889659
1.6224221
1.5700477
1.5773118
1.6386216
1.680171
1.6006266
1.594963
1.6163095
1.6140287
1.632313
1.6667278
1.6349418
1.5773474
1.5598907
1.5956604
1.6826164
1.5856483
1.6108267
1.5538901
1.5989641
1.5998359
1.6754296
1.5889618
1.6309407
1.617632
1.5763587
1.6672621
1.5799179
1.5936992
1.7556511
1.6238778
1.5840178
1.6173984
1.6022189
1.6013492
1.6885247
1.5760782
1.5614551
1.7135634
1.6196208
1.6604838
1.5791435
1.6424489
1.6044524
1.579312
1.5567583
1.5975965
1.7013936
1.6033063
1.6387955
1.5951185
1.6149237
1.7247705
1.6106547
1.670873
1.5779958
1.636072
1.6016915
1.5697572
1.6310335
1.5926663
1.6816672
1.6081783
1.5736609
1.5960389
1.5728407
1.6053327
1.5975332
1.7159216
1.600492
1.5546075
1.6006304
1.6214025
1.6941943
1.600055
1.619213
1.6671387
1.5863577
1.73543
1.6491742
1.550076
1.5710785
1.5852695
1.623902
1.6423887
1.666474
1.6019605
1.5893943
1.5782832
1.6611352
1.6160568
1.607936
1.6062818
1.6373123
1.5950276
1.6038167
1.630968
1.6840835
1.6128098
1.7199224
1.7795722
1.8019129
1.6385143
1.7369708
1.5937197
1.6226058
1.690184
1.6822526
1.5825794
1.5747588
1.6212633
1.5767204
1.6060989
1.6805657
1.6191515
1.6342419
1.6393007
1.5731425
1.6359017
1.6565135
1.5728892
1.6781957
1.6511645
1.6787697
1.6462495
1.6254001
1.5826881
1.5529528
1.6283993
1.6469548
1.6048023
1.6229378
1.6272258
1.6713287
1.6629763
1.595606
1.6557994
1.6684045
1.6671295
1.5896118
1.60892
1.679657
1.7352422
1.5867236
1.6044252
1.7969
1.638143
1.6535175
1.682645
1.5787888
1.5582939
1.5612905
1.668713
1.675188
1.5940949
1.552848
1.5740774
1.566071
1.6766728
1.569399
1.5931214
1.5757297
1.5827909
1.5615519
1.5776787
1.5952036
1.6200538
1.5974977
1.6161253
1.5682862
1.6324439
1.6103984
1.5879703
1.5891103
1.587003
1.555237
1.6519217
1.6458217
1.609723
1.5964745
1.5659151
1.6287864
1.6327252
1.6166893
1.5831736
1.5922053
1.5979061
1.6119542
1.5849743
1.6090733
1.5958083
1.6175416
1.6284508
1.6632642
1.6095626
1.6475447
1.6255467
1.7358764
1.7401476
1.639853
1.6369233
1.7066342
1.6546025
1.6661012
1.6325653
1.6345363
1.5649924
1.599897
1.680991
1.7010498
1.6269541
1.6440053
1.7646393
1.6182293
1.5931072
1.6057914
1.6350734
1.6948155
1.6895834
1.5820241
1.5879714
1.5876722
1.5819685
1.5903767
1.5964881
1.5836377
1.6162465
1.5634962
1.6211146
1.5705149
1.6049522
1.61385
1.6099125
1.5899799
1.608012
1.6501487
1.7272817
1.6464084
1.6263232
1.627191
1.6421487
1.6272438
1.6237361
1.5730643
1.5990506
1.6466691
1.5971657
1.563635
1.5608767
1.5655566
1.5521195
1.6409372
1.5489075
1.692898
1.5947943
1.6711335
1.6751235
1.5958645
1.6017717
1.5964962
1.6086171
1.6912276
1.7686902
1.568076
1.6746982
1.570051
1.748069
1.6738003
1.6765827
1.6197231
1.5568285
1.6114055
1.5680745
1.5988497
1.6374228
1.6883055
1.6138607
1.572408
1.6587695
1.6124182
1.6218493
1.6625054
1.7161324
1.6036634
1.5803678
1.6014866
1.56663
1.6511906
1.6362897
1.5947423
1.5941458
1.6317753
1.6488928
1.6351618
1.616515
1.7156364
1.7391173
1.5939765
1.641674
1.6630157
1.6550146
1.5978528
1.574724
1.5742224
1.5540441
1.618627
1.643997
1.5915534
1.566255
1.6025243
1.6373715
1.6154333
1.6449542
1.5760325
1.5417873
1.5852247
1.6100794
1.6721059
1.5894853
1.611772
1.5730913
1.5918145
1.5762032
1.5949489
1.6370288
1.6064672
1.5913026
1.6167855
1.6091437
1.6198169
1.5831745
1.5903695
1.550829
1.5968871
1.6053196
1.6050563
1.579854
1.6495279
1.6090237
1.5966336
1.5402206
1.6124407
1.6636972
1.6484135
1.5804433
1.700315
1.728793
1.6495914
1.5830503
1.6175443
1.6399102
1.626333
1.607736
1.591988
1.5928515
1.5525992
1.6387463
1.5618073
1.6688931
1.5628368
1.5569862
1.5453477
1.6350977
1.6009462
1.590615
1.5836141
1.657051
1.6177934
1.6327852
1.5824522
1.5956956
1.7962832
1.6006747
1.6030983
1.7209245
1.832073
1.6038922
1.5575961
1.5435846
1.6824859
1.6966954
1.696729
1.644118
1.574347
1.7509505
1.6728675
1.6086643
1.6668328
1.67814
1.6643035
1.614919
1.5731925
1.5688299
1.5718156
1.584196
1.7135789
1.5863731
1.6030992
1.5885105
1.6425459
1.6298357
1.7468632
1.5595825
1.5704275
1.610941
1.590709
1.5797164
1.5958115
1.5832722
1.676472
1.5855051
1.6659164
1.6146238
1.6090437
1.6439807
1.8623947
1.708004
1.579549
1.5836734
1.6506633
1.7568707
1.5903157
1.6289511
1.6767704
1.6051469
1.5828537
1.5616542
1.5664737
1.5743916
1.5973873
1.5767417
1.600146
1.620037
1.650333
1.6624291
1.655041
1.695849
1.5892922
1.6366085
1.6979585
1.8258197
1.6019298
1.6464508
1.6408654
1.7249644
1.662556
1.7048384
1.5618167
1.6470169
1.6355188
1.7102746
1.7559155
1.639847
1.6235238
1.6125041
1.7393045
1.649985
1.6947002
1.5584704
1.5901525
1.5835798
1.6398622
1.591881
1.5772427
1.5882771
1.6438007
1.5991699
1.6183796
1.663183
1.5826131
1.6083969
1.58925
1.6455083
1.6340275
1.5929188
1.5596035
1.5873821
1.6302238
1.5955834
1.5898578
1.5861783
1.6090589
1.566817
1.6689552
1.6599877
1.61085
1.5713056
1.6017863
1.5843207
1.6041563
1.6483121
1.5467902
1.5435176
1.6296759
1.6311475
1.6446002
1.5463947
1.567722
1.567126
1.5535368
1.5606767
1.6051408
1.5885698
1.596374
1.602465
1.544712
1.6099417
1.5562099
1.674059
1.6018473
1.6312965
1.5743457
1.6265852
1.5877502
1.5687666
1.6219622
1.5814314
1.5844077
1.664625
1.5816585
1.5947818
1.594033
1.5588053
1.6180137
1.617836
1.5593427
1.569401
1.6262227
1.5802118
1.6314007
1.5640785
1.5808967
1.6287017
1.6936823
1.6091416
1.6117104
1.5811222
1.567741
1.5698472
1.6008215
1.6100537
1.5780507
1.690419
1.5509387
1.5470979
1.6015623
1.6131699
1.6250494
1.5725918
1.6525605
1.5703223
1.5964465
1.6146761
1.6359
1.6111015
1.5825129
1.7011422
1.5851563
1.725821
1.6020589
1.5530462
1.6389745
1.5918471
1.6296293
1.6692214
1.6265985
1.6217618
1.640353
1.627929
1.5968809
1.660998
1.6517872
1.607752
1.5862727
1.6156546
1.6006215
1.5921092
1.5726526
1.570219
1.5811185
1.6465229
1.5468295
1.6654834
1.5847663
1.6064397
1.5890876
1.5870612
1.578728
1.6034526
1.563383
1.661208
1.5826979
1.5781054
1.5838491
1.544798
1.591286
1.5721587
1.6448463
1.5478863
1.595096
1.5754864
1.5865602
1.6058028
1.5867527
1.5516335
1.6487802
1.5491124
1.6701803
1.586111
1.5993762
1.5567203
1.5617177
1.5684805
1.6583947
1.6079564
1.60441
1.598405
1.5624883
1.6421912
1.5776123
1.638233
1.6309121
1.5944225
1.555981
1.6056697
1.5957901
1.5696051
1.6219405
1.5625327
1.5654438
1.56962
1.6318398
1.5877345
1.5772548
1.5809993
1.5609587
1.6129835
1.5830177
1.5608001
1.588072
1.6319052
1.679653
1.7055207
1.563796
1.57627
1.6062433
1.7060592
1.6382213
1.6096765
1.6082227
1.616686
1.5819888
1.6773618
1.5850922
1.8128792
1.665624
1.6138468
1.548765
1.5544361
1.6541879
1.6305323
1.6665174
1.617801
1.7410673
1.7141622
1.6146836
1.6854377
1.680545
1.618058
1.6837116
1.605331
1.604644
1.5799685
1.5797505
1.6226954
1.62539
1.6251497
1.6657655
1.5665845
1.5936162
1.5556293
1.54012
1.5784577
1.572104
1.583046
1.5520815
1.5918127
1.6717172
1.5713933
1.5471717
1.6369746
1.61905
1.5679685
1.603495
1.70275
1.5772955
1.5623728
1.5999697
1.5971397
1.5750439
1.5622592
1.605992
1.607502
1.5502576
1.5472188
1.6022091
1.6106987
1.5824071
1.602674
1.5579473
1.5872926
1.559976
1.5925015
1.5599674
1.5883069
1.5775353
1.6862438
1.5992175
1.7056756
1.6678116
1.6164227
1.5677159
1.5783515
1.6427726
1.6610079
1.6457372
1.543539
1.5657923
1.5426762
1.5415992
1.693963
1.6138638
1.5463933
1.596281
1.6120718
1.5924885
1.559086
1.5807562
1.5531932
1.5987823
1.55283
1.549841
1.5543293
1.6629888
1.5895343
1.5610076
1.590366
1.6002723
1.6067903
1.549
1.5820167
1.6362735
1.5474433
1.5769627
1.5456713
1.5534842
1.5634538
1.5605832
1.5699446
1.6373062
1.6620809
1.5388713
1.587715
1.5668007
1.6345613
1.6341386
1.5474882
1.5420172
1.562586
1.5616469
1.5736997
1.621825
1.5752294
1.5688777
1.6306005
1.6001947
1.6494294
1.6281071
1.579719
1.6047937
1.5599288
1.5656912
1.6871287
1.617052
1.55083
1.5373443
1.5582635
1.5911665
1.6063443
1.6226637
1.6017343
1.586018
1.5772462
1.591752
1.560734
1.5967344
1.6264045
1.6601485
1.5996165
1.5588195
1.6142417
1.6566774
1.6726707
1.572696
1.5506573
1.6550777
1.593618
1.621228
1.5987805
1.5898721
1.5812016
1.5912693
1.5682354
1.5536842
1.6023103
1.6003008
1.624268
1.5664095
1.5571975
1.5798644
1.572077
1.572181
1.5716745
1.6503465
1.6187655
1.538471
1.6037102
1.5523095
1.611789
1.5809733
1.5870184
1.5930794
1.5938872
1.5841025
1.6254195
1.5536275
1.5925305
1.5961767
1.5532446
1.5526403
1.5903686
1.6114345
1.5964249
1.6361656
1.5531896
1.5703642
1.5996165
1.616887
1.5629194
1.5632704
1.5650102
1.5445987
1.5659293
1.5972675
1.5967623
1.6041203
1.5508202
1.597473
1.6129299
1.545489
1.656502
1.6109198
1.5664798
1.580146
1.627794
1.736825
1.6654402
1.586216
1.5687512
1.6068177
1.55948
1.5567572
1.6357797
1.5496981
1.6194327
1.6419225
1.5878783
1.6271551
1.5664475
1.6031345
1.5828958
1.6290573
1.6375774
1.6320994
1.700805
1.5519536
1.538764
1.5751956
1.620684
1.665789
1.6110355
1.5696938
1.5779349
1.5706873
1.6541349
1.5436159
1.5612081
1.612299
1.5397632
1.5706965
1.5665842
1.5651786
1.5775375
1.5967225
1.542736
1.5983533
1.5980355
1.5537627
1.550462
1.587543
1.5832582
1.6060352
1.6327178
1.5895572
1.5912274
1.546742
1.6019993
1.5860288
1.5652207
1.5706004
1.605238
1.6634322
1.5512475
1.6740793
1.543442
1.5900754
1.6532222
1.5814008
1.6255015
1.58206
1.5973352
1.5910742
1.6773692
1.6036478
1.5638082
1.5490347
1.6087689
1.5859972
1.6106007
1.5911275
1.5662183
1.6234211
1.6289008
1.5755302
1.6112766
1.555945
1.5913101
1.6486742
1.5629747
1.5529017
1.5937101
1.6176325
1.5639272
1.59379
1.6368377
1.665619
1.5770649
1.5687463
1.5738595
1.609007
1.5955043
1.5707005
1.5481308
1.5558525
1.5424582
1.574795
1.565506
1.5946285
1.5834954
1.542771
1.6192935
1.546506
1.5882977
1.5401257
1.5623875
1.6295676
1.5381508
1.5726312
1.5725917
1.5682031
1.6630538
1.5766134
1.5833669
1.5700477
1.5739075
1.5395137
1.5543976
1.5576057
1.567513
1.5551761
1.618588
1.6021522
1.5972915
1.5938607
1.6161709
1.5469847
1.5805655
1.6156759
1.6305075
1.614616
1.6013492
1.6570989
1.5762708
1.6389796
1.5696
1.5886867
1.6725053
1.6166496
1.5931507
1.5972733
1.5596983
1.5868435
1.6192024
1.6316551
1.6063458
1.617727
1.6051277
1.5680882
1.613227
1.5795963
1.5898057
1.5945592
1.6258997
1.5445503
1.6049023
1.5542312
1.6146321
1.5717229
1.6393459
1.6180327
1.592175
1.5992078
1.548388
1.5650936
1.6241819
1.5490185
1.5968724
1.6161711
1.5952988
1.5364289
1.576996
1.5605731
1.5859098
1.6057117
1.5486578
1.5743454
1.5501758
1.5667882
1.5841604
1.6284475
1.6419605
1.582363
1.543052
1.5602208
1.6718698
1.5698228
1.5728631
1.5477586
1.6884619
1.595748
1.5842134
1.5641981
1.5795703
1.6055492
1.6637968
1.631421
1.6349125
1.542549
1.5616938
1.6253655
1.6794096
1.6799288
1.6768395
1.553268
1.5794213
1.5796659
1.5573205
1.6751046
1.668223
1.6038958
1.5720696
1.6321825
1.5856564
1.636296
1.608454
1.6648617
1.7971307
1.6453795
1.611427
1.5640062
1.6446688
1.7072078
1.6275077
1.6679559
1.6776094
1.6942545
1.6348145
1.6024613
1.6233412
1.589069
1.6259146
1.5904578
1.639305
1.7598475
1.6302133
1.569323
1.5551666
1.7164574
1.6921263
1.6114806
1.5456684
1.580882
1.5807023
1.6655475
1.6058866
1.6129792
1.5654868
1.5804267
1.5903246
1.6723093
1.6342713
1.604697
1.5800015
1.646268
1.6499482
1.662712
1.5953418
1.63446
1.5812145
1.5625248
1.5498555
1.5498009
1.5583171
1.5650572
1.6347204
1.5589132
1.5918846
1.613026
1.6150697
1.568111
1.569986
1.6002222
1.5940893
1.592856
1.6287701
1.5755078
1.5510435
1.6381557
1.5856055
1.6066012
1.5529097
1.5708518
1.5715325
1.5740367
1.6575853
1.558938
1.6042945
1.5460097
1.6258966
1.5969715
1.640838
1.5449934
1.5471596
1.5666585
1.5905265
1.5792543
1.6151477
1.5541855
1.5623349
1.573118
1.5857203
1.6409144
1.5837402
1.558454
1.6250561
1.7499106
1.6508356
1.6081746
1.6158869
1.6144922
1.6377633
1.5909435
1.5809145
1.6472417
1.5501802
1.58602
1.565039
1.6292943
1.6353277
1.556931
1.5458435
1.5791281
1.6371865
1.5734297
1.5859438
1.5860482
1.6197947
1.5737787
1.5819907
1.631318
1.5425577
1.5883455
1.5878481
1.5970107
1.592875
1.5594054
1.6094133
1.600891
1.627892
1.6156341
1.5885055
1.5568492
1.594093
1.5512162
1.6116288
1.5554228
1.6261493
1.5697577
1.5782629
1.5629302
1.6179842
1.6327004
1.5489424
1.6053112
1.5895896
1.5883191
1.5959439
1.6481315
1.613757
1.6159155
1.6033052
1.6637244
1.670915
1.6190925
1.6114496
1.624139
1.6053284
1.6146103
1.6317116
1.5820372
1.6123993
1.8003833
1.646138
1.5648313
1.5836277
1.6073862
1.6477809
1.6743723
1.6167407
1.5526171
1.664946
1.5472028
1.6031977
1.634288
1.5935388
1.584159
1.5816816
1.5785444
1.5692058
1.6745394
1.6927308
1.5765096
1.5900162
1.7275579
1.656074
1.5517507
1.5832555
1.607233
1.5954425
1.6369512
1.648713
1.704569
1.6534538
1.5620097
1.5938553
1.5531925
1.574201
1.5813246
1.637257
1.5935582
1.5583158
1.5665007
1.597481
1.5989319
1.622488
1.5737072
1.5576465
1.549696
1.5644157
1.5743632
1.574259
1.6601841
1.5745957
1.539944
1.5426402
1.59595
1.565586
1.5810398
1.5535585
1.6771873
1.640578
1.572911
1.5936067
1.6144412
1.6165272
1.5981952
1.6233279
1.6081657
1.6708308
1.553406
1.6781634
1.6694579
1.572347
1.57683
1.5892565
1.6121564
1.56142
1.587728
1.6062276
1.6088812
1.5488261
1.578498
1.5849074
1.5914049
1.588289
1.5865332
1.5734715
1.547064
1.5555593
1.5731312
1.5997088
1.541371
1.6462905
1.5539112
1.5870262
1.5663561
1.6229848
1.7189467
1.629041
1.5571545
1.5971383
1.6285048
1.5855157
1.549733
1.582149
1.5564623
1.5380923
1.5775478
1.6176332
1.6606674
1.6053758
1.5928857
1.5388422
1.674824
1.5918963
1.6392785
1.5603745
1.6252234
1.631906
1.6923985
1.6841972
1.5984445
1.6098408
1.602649
1.6919345
1.6319865
1.6441113
1.5546314
1.5898864
1.6116443
1.6442733
1.6595695
1.6126745
1.6114281
1.5604926
1.618052
1.5533392
1.5772102
1.753517
1.593855
1.616429
1.6304026
1.6498085
1.6506414
1.6101698
1.5586603
1.5576031
1.5552038
1.5930905
1.6740069
1.633665
1.6476603
1.5684962
1.5774021
1.6648325
1.6655698
1.5761042
1.642978
1.6580678
1.5722892
1.6735874
1.7188407
1.5917897
1.5672808
1.635037
1.6562785
1.633587
1.5960023
1.5416265
1.6115143
1.6010576
1.59803
1.5875237
1.639046
1.5589235
1.9308558
2.9632435
3.4644663
3.368051
2.3795025
2.003688
2.1591907
2.5017054
2.1621194
2.369365
2.1103885
1.7183827
1.7723792
1.9586425
1.9323163
1.8269027
1.8307812
2.0585802
2.072902
2.0492527
1.9711139
1.9035815
1.883206
1.9491795
1.826055
1.7465792
1.7876724
1.6809492
1.6287416
1.7792103
1.6577016
1.6936257
1.6958455
1.6807238
1.66308
1.7352295
1.7428095
1.6525087
1.6992078
1.6618916
1.6370652
1.7201974
1.6848791
1.687368
1.6479565
1.7258775
1.6376797
1.6781706
1.6747658
1.710457
1.6488813
1.6634325
1.6784111
1.6621647
1.6026392
1.6974895
1.5818172
1.6870645
1.7266667
1.6412866
1.5850348
1.7272936
1.6318188
1.665752
1.6850106
1.7006735
1.6805352
1.681381
1.599925
1.640497
1.5978887
1.6497266
1.5886979
1.6051918
1.5998193
1.6130769
1.574821
1.5953116
1.6096781
1.653812
1.5823537
1.5648887
1.5954847
1.5732253
1.6066866
1.6424925
1.581984
1.5912657
1.6099062
1.6254685
1.6153418
1.605401
1.6376915
1.6007602
1.602352
1.642303
1.5891038
1.6113465
1.5896845
1.5844067
1.5752355
1.5551403
1.5697418
1.6742665
1.581512
1.56967
1.6039065
1.5452766
1.5400845
1.5442675
1.5826346
1.5951452
1.5407604
1.562462
1.5530354
1.5794133
1.577006
1.603902
1.5424832
1.5972528
1.5812025
1.5623883
1.5794201
1.7211132
1.5868658
1.5440199
1.6000793
1.6704262
1.5452656
1.5576274
1.5855625
1.6029195
1.6223102
1.6058224
1.617021
1.6164627
1.5781859
1.5757787
1.547353
1.5831758
1.571578
1.5799155
1.542132
1.6018345
1.5909148
1.5410606
1.6499207
1.6091332
1.5615627
1.5374943
1.5374302
1.660939
1.5398762
1.5767167
1.6549748
1.5885103
1.6170053
1.5941176
1.6377922
1.5649067
1.5538497
1.5844712
1.5532496
1.5531198
1.5688075
1.5782335
1.5863247
1.6920283
1.6344432
1.5846797
1.5924108
1.567119
1.5730783
1.6177064
1.5738138
1.5657126
1.6532853
1.5903475
1.5870125
1.5649917
1.6077698
1.5755315
1.6765811
1.5441493
1.578923
1.5668772
1.5560521
1.5934545
1.5802113
1.5483557
1.602816
1.5870205
1.5719138
1.568264
1.6050237
1.7062325
1.6751525
1.56257
1.6127303
1.5968438
1.66706
1.5964477
1.5369027
1.7261416
1.5952429
1.6148088
1.5497628
1.6109527
