25.621088
25.653675
25.469528
25.152452
25.134748
24.709452
24.916605
24.679861
24.715343
24.636913
24.350939
25.188688
24.499666
24.487885
24.65498
24.158792
24.435295
23.906832
23.76143
23.870197
23.625317
23.83256
23.484684
22.714756
23.069143
22.858826
22.259277
22.155495
22.095997
21.966705
22.329771
21.653496
21.499496
21.564148
21.23656
21.65622
20.652815
19.939247
20.46411
20.607615
20.087456
20.192513
19.207438
19.27838
18.964764
18.9009
17.831745
18.503237
18.22254
16.94873
16.472338
15.795591
14.5173645
14.73545
13.486331
13.144659
12.703486
12.481229
12.23213
11.73469
11.251776
11.19226
10.598824
10.143574
9.475428
9.675542
9.514715
9.690056
9.843082
9.69402
9.652487
9.360664
8.476363
8.682702
8.153248
8.125718
7.722064
7.926483
7.944173
7.910517
7.538489
7.4673805
7.528581
6.876851
6.906427
6.785667
6.711691
6.704578
6.745854
6.6342053
6.423743
6.8648176
6.732602
6.558653
6.690708
6.6078305
6.279763
6.236442
6.3150125
6.0261106
5.905445
6.1393385
6.5915327
6.432011
6.423482
6.304669
6.4666853
6.380644
6.128343
6.142403
5.760577
5.852257
5.8224626
5.590217
5.958514
6.08738
5.665101
6.01192
5.591632
6.105646
5.7120795
5.639882
5.932785
5.494111
5.494262
5.8723288
5.834027
5.67952
6.0446916
6.0422297
6.03731
6.166111
5.711124
5.758001
5.5449257
5.5713573
5.70341
5.824202
5.496362
5.4023275
5.459912
5.444826
5.572068
5.447486
5.4104524
5.202887
5.531797
5.3140798
5.194874
5.902353
5.4424834
5.511418
5.4790096
5.570475
5.323928
5.415224
5.133962
5.35822
5.2794228
5.369671
5.4609323
5.6284714
5.6373305
5.550983
5.701542
5.586139
5.6537223
5.744469
5.5245004
5.348775
5.213293
5.266919
5.1565523
5.2569704
5.032284
4.8211846
4.862566
5.066233
4.850514
4.456828
5.1752048
4.97639
4.855598
4.895086
5.22823
4.8308487
5.2586083
5.011277
4.9228725
4.8903193
4.850738
4.930699
5.0780797
4.8645453
4.92869
5.050691
4.9351
4.7696085
4.9017034
5.1482587
5.1054864
5.005569
5.04054
4.846352
5.1493697
4.704437
5.027065
4.992211
4.777186
4.7206583
4.7416873
4.685955
4.614331
4.7594013
4.610809
4.8064637
5.008918
4.847283
4.704746
4.5427413
4.771161
4.6036534
4.616674
4.491774
4.882511
4.534442
4.595613
4.8964405
5.000257
5.019063
4.855023
4.7025266
4.696677
4.455524
4.2503533
4.337094
4.281257
4.513779
4.167337
4.342396
4.3558006
4.573028
4.3934608
4.731306
4.6022243
4.369945
4.482483
4.458134
4.39816
4.3549614
4.398414
4.1938605
4.429236
4.5850406
4.407902
4.454797
4.687896
4.6574674
4.581376
4.597174
4.190123
4.081297
4.253394
4.168857
3.8975406
4.136335
4.4230657
4.236976
4.2527156
4.638037
4.716696
4.533111
4.7349176
4.620903
4.471507
4.2888713
4.50318
4.197635
4.1430335
4.309794
4.184433
4.1844883
4.0241675
4.098452
4.375566
4.271158
4.2952466
4.2915
4.137412
4.1271386
4.314372
4.278055
4.265884
4.264818
4.213914
4.24213
4.2783403
4.0116
4.077066
4.129743
4.1222124
3.862906
3.7156851
3.9088356
3.9050055
4.205601
3.980982
4.091814
4.100077
4.27504
4.1533036
4.263414
4.1239047
4.121163
4.189134
4.1826005
3.9569092
4.1294456
4.15889
4.0720115
3.9855003
3.9049876
4.0774584
3.9558015
4.0508566
3.83491
3.9135008
4.1491084
4.136232
4.124782
4.2830844
4.343018
4.1130276
3.8387165
3.811982
3.5883276
3.715758
3.646398
3.82936
3.6645334
3.722202
3.5937817
3.730354
3.965349
3.8578324
4.1473246
3.6577108
3.936115
3.9310365
3.609052
3.642774
3.601609
3.832815
3.8907335
3.5433102
3.4520986
3.9177516
3.71317
3.7678878
3.6684976
3.9007368
3.7144237
3.6388497
3.723202
3.655182
3.4963834
3.682127
3.5988615
3.489235
3.6274602
3.68082
3.517354
3.5966213
3.5865345
3.6541834
3.641126
3.6559799
3.888485
3.4871604
3.686257
3.6036866
3.8061094
3.4913006
3.3718204
3.5173905
3.6876338
3.6364927
3.4215338
3.6815898
3.1670828
3.662874
3.506811
3.5161977
3.4927232
3.5150778
3.4751887
3.422479
3.4051597
3.378404
3.2856758
3.2793427
3.3942034
3.4090648
3.3435445
3.5475085
3.2759273
3.5737529
3.5331457
3.628993
3.6732202
3.4794035
3.4208834
3.372469
3.4956164
3.4353757
3.2437935
3.6165495
3.3484097
3.2723844
3.2363174
3.3196084
3.186042
3.329227
3.101168
3.2120564
3.0105474
3.2582624
3.278655
3.1360104
3.192468
3.4120939
3.743303
3.420355
3.3884602
3.7168415
3.549483
3.1638787
3.125257
3.657537
3.643633
3.6653893
3.3724275
3.602713
3.7255754
3.5340338
3.3024106
3.3758154
3.3591135
3.045033
3.1610975
3.102514
3.2145524
3.097308
3.0637598
3.2552907
3.223003
3.1841195
3.3977904
3.3388405
3.0601373
3.2103753
3.467117
3.1186142
3.1894495
3.2607698
3.094534
3.0841434
3.435696
3.3907385
3.094706
3.2172165
3.0958087
3.1690905
3.084479
2.8453956
3.088061
3.0050864
3.052437
2.8807907
2.9954176
2.969097
2.9255426
2.977731
3.010046
2.9903512
3.207363
3.1039574
3.2912657
3.210108
3.397489
3.128223
3.0503194
3.105361
3.0568583
3.3398304
3.262204
3.2920785
3.1626544
3.094756
3.1231503
3.171353
3.133601
2.9494646
2.947757
3.191043
3.1667204
3.1845708
2.9272614
3.0271137
3.3740394
3.124065
3.174924
2.7907321
2.9865935
2.9045465
2.7672584
3.1265604
2.9196174
2.920975
2.9453945
2.970325
2.9435344
3.0176442
2.9009473
3.051779
2.9108944
3.0692582
2.9850194
3.1010284
2.9057164
2.892723
3.0226545
2.8472586
3.0626981
2.91278
2.9425228
2.762848
2.829097
2.794256
2.915693
2.544344
2.7086608
2.939579
2.8479345
2.9099393
2.8589175
2.8089435
2.8870473
2.8782768
2.9719167
2.7086022
2.787406
2.888591
2.9869168
2.5757723
2.6696343
2.7073922
2.6343696
2.668857
2.529005
2.6957736
2.6378875
2.6866696
2.7080903
2.9390576
2.70991
2.89277
2.811438
2.695554
2.8260982
2.69142
2.8612986
2.84852
2.748395
2.706072
2.5427587
2.779865
2.7631915
2.620771
2.472452
2.8035736
2.4822636
2.693848
2.6474388
2.7066462
2.7309134
2.4557276
2.841986
2.780115
2.5443544
2.6091914
2.5049868
2.413848
2.5762088
2.4718025
2.4862034
2.5632024
2.4952621
2.607527
2.5666475
2.5785396
2.612687
2.5153902
2.535668
2.552707
2.7874694
2.7460413
2.758923
2.7526116
2.538431
2.422844
2.5870051
2.564417
2.5467725
2.4246686
2.489528
2.6580315
2.414763
2.8965325
2.6696522
2.693619
2.650862
2.597195
2.5267534
2.451768
2.7550778
2.687625
2.5049045
2.5949152
2.459524
2.4591916
2.4912894
2.4522636
2.38885
2.3528328
2.5702195
2.5435436
2.474752
2.4589765
2.5136447
2.5100725
2.663955
2.4492767
2.7015572
2.53687
2.4959
2.6062555
2.650653
2.577814
2.315443
2.451153
2.42706
2.4423497
2.3442316
2.615602
2.3263104
2.5659103
2.470562
2.6181502
2.5293603
2.5450168
2.5649934
2.623975
2.5149875
2.4573321
2.4405706
2.592787
2.436851
2.481953
2.4564486
2.2615402
2.3872643
2.4256651
2.400764
2.3253484
2.7053668
2.4647467
2.536892
2.4437902
2.5955045
2.4779198
2.678263
2.6141162
2.2945719
2.5141065
2.6250203
2.350416
2.3538988
2.4693544
2.321836
2.2983482
2.358217
2.5872698
2.2760916
2.334094
2.3146944
2.2543497
2.5390103
2.4934926
2.564996
2.4923835
2.643022
2.343146
2.2834344
2.3312125
2.3929327
2.272455
2.4698906
2.4139693
2.2782118
2.3051417
2.3743281
2.3565629
2.2888176
2.2620194
2.4024315
2.2233584
2.3022742
2.283682
2.312319
2.136672
2.114491
2.3475745
2.3158906
2.1733208
2.194743
2.3553262
2.3164928
2.295233
2.4103231
2.2333062
2.216962
2.370032
2.3183115
2.3514385
2.281439
2.2237947
2.1669939
2.174975
2.2918847
2.238837
2.2876155
2.2902548
2.197684
2.1620965
2.2680683
2.1983597
2.2444117
2.273269
2.2797465
2.2624927
2.2002962
2.331735
2.4932435
2.1902366
2.2421665
2.3683448
2.2711866
2.217006
2.0565684
2.2928023
2.2327466
2.2028444
2.1288846
2.3453856
2.1031065
2.1960819
2.27198
2.3419435
2.279013
2.2443113
2.1893213
2.234802
2.182979
2.2234905
2.244111
2.2905543
2.1873887
2.112475
2.1528432
2.3803635
2.270706
2.1417925
2.1350389
2.2536705
2.094437
2.1761732
2.2931232
2.2349086
2.1547995
2.084392
2.0989625
2.1457627
2.0522435
2.14991
2.043292
1.9236605
2.1474328
2.3188095
2.133391
2.0693185
2.1228366
2.1653936
2.2431655
2.315562
2.07392
2.01271
2.0903504
2.2266366
2.0309973
2.0754042
2.1298232
2.0690699
2.0221412
2.1395395
1.9855739
2.213759
2.1249614
2.0620158
2.1488636
2.0044596
2.1579833
2.255601
2.2045746
2.1738584
2.0361
2.129412
2.0391448
2.0531886
2.0615928
2.0905325
1.9831532
2.095878
2.0308018
1.9625106
2.0630398
2.1382256
2.0663643
2.1709745
2.0869942
2.3603666
2.2910483
2.252285
2.3077705
2.4573815
2.1358798
2.070675
2.186172
2.2885714
2.0337386
1.989722
2.2155597
2.0175722
2.0935662
2.0120907
2.035038
2.1143475
2.0229309
2.0252843
2.2822225
2.006373
2.145928
2.01326
1.9999547
2.236985
2.135247
2.0185614
2.1743054
2.206555
2.159861
2.0295482
2.2199326
2.1423151
2.007884
2.0754
2.2516844
2.0592365
1.9310395
1.9836825
1.8883975
1.9676839
1.9812634
2.0825293
2.0026453
2.0593796
1.9201763
1.8056853
2.172921
2.0035214
2.1217313
2.1031592
1.986863
2.041555
2.073151
2.1049302
1.9955828
1.9471364
1.8719783
1.88807
1.876865
1.9085634
1.963806
1.994165
1.9671249
1.966671
1.9301775
2.1645904
2.0860107
2.0387032
2.026318
2.0069623
1.9496708
1.916123
1.9860036
1.9693393
1.9748847
1.914275
1.9682752
1.9527488
1.901588
2.0255737
1.9091419
1.9295878
1.8783721
1.9993685
1.8972311
1.9893472
1.973344
1.9359336
2.0393546
2.0020895
2.0080962
2.0577533
2.0262294
1.9935032
2.0117614
1.9297581
1.8996528
1.8851733
1.9501365
1.8722547
1.8813064
1.8812065
1.8954008
1.8677038
1.908471
2.0342574
1.8609922
1.920897
1.9466507
1.987582
1.971703
1.9413548
1.9886162
1.8983067
1.8753269
1.9788674
1.8894749
1.9266706
1.9252573
1.9710827
1.9535377
2.0279832
1.9738433
1.9460069
1.9638683
1.8869293
1.8516403
1.968546
1.946717
1.9541254
1.9877262
1.9990147
1.9756718
1.884092
1.8227775
1.8323351
1.9390709
1.8356813
2.0475464
2.0038726
1.9699868
1.9983567
2.110381
1.9934072
1.9298229
1.952711
1.8867775
1.9414709
1.9440987
1.869936
1.9076632
1.914189
1.9000345
2.0181267
1.9450496
1.9192642
1.8671851
1.947373
2.0453842
1.9896554
2.0360205
2.102115
2.0128264
1.922178
1.9662697
1.9263065
1.8393595
1.8415488
1.8528495
1.8186175
1.9201018
1.9471819
1.8559493
1.8125386
1.9012423
1.8507435
1.9807829
1.9332035
1.8576784
2.0683668
2.0497367
1.9153632
1.8566318
1.9047127
1.9657168
1.9452214
1.9818467
1.8611565
1.8900445
1.9032683
1.874234
1.8783218
1.9534336
1.8532234
1.8295431
1.9148213
1.8622158
1.8042089
1.897495
1.9228
1.8357408
1.8472424
1.9641464
1.9552069
1.8915622
1.8755585
1.9130235
1.9163041
1.9462101
1.8313789
1.9731876
1.8397462
1.8725922
1.8557546
1.861204
2.1049016
1.8501501
1.923347
1.9576132
1.9194207
2.1713715
1.8957925
1.8520149
1.7979398
1.8766937
1.9534373
1.9804798
1.9053597
1.8566304
1.8707
1.9160705
2.0635755
1.8719721
1.8809127
2.0395458
2.1425889
2.0674293
2.0864568
2.0360134
2.0214756
1.8889693
2.0114048
1.806662
1.8400966
1.8678892
1.8043008
1.8599668
1.8424143
1.867106
1.834208
1.8087509
2.0015895
1.8829702
1.8444524
2.1749916
1.9598932
2.0829933
1.9542679
1.952316
1.9150038
1.9354004
1.8809643
1.8157918
1.7563783
1.849914
1.7754657
1.8372765
1.8620528
1.9120011
1.8075593
1.8448842
1.7535975
1.8039148
1.9028927
1.923472
1.9848368
2.0521438
1.865266
1.969654
1.9829724
1.9364434
1.9349025
1.7997314
1.9157758
1.8043611
1.9784695
1.7966485
1.864714
1.7845962
1.8022002
1.9186587
1.8095199
1.8537235
1.8533108
1.7662113
1.846843
1.868698
1.9069114
1.8473473
1.9238555
1.9340582
2.0215764
1.84043
2.0329702
1.8179312
1.875221
1.8889198
1.9493163
1.887099
1.8566817
1.9518948
1.8678403
1.8470575
1.765419
1.7328632
1.7974182
1.8480299
1.7850903
1.8009132
1.9246365
1.8036222
1.7755872
1.8479865
1.7608181
1.8009248
1.7310684
1.8541738
1.816753
1.8025899
1.9448
1.8517927
1.744469
1.7696393
1.7898945
1.8646529
1.7899312
1.8190112
1.8323592
1.8958344
1.9200051
1.8043797
1.8339355
1.9723841
1.7889197
1.766712
1.8254923
1.787217
1.8576213
1.9207063
1.8102862
1.7934847
1.8925917
1.8977103
1.8255333
1.758657
1.7954272
1.8697698
1.8471025
1.712306
1.7413843
1.7917584
1.7987143
1.7793876
1.8901438
1.8724484
1.8883717
1.84692
1.987224
1.8115582
1.8136351
1.9329972
1.8324336
1.803885
1.8251318
1.7863183
1.9520848
1.899938
1.8694752
1.8528694
1.7706707
1.8385279
1.8514515
1.898715
1.7912737
1.7945447
1.8305553
1.8080814
1.8777508
1.761317
1.7987972
1.9915688
1.9331065
1.9786694
1.8856431
1.9925015
1.8901397
1.8884627
1.8036327
1.9362698
1.8549834
1.7908281
1.7313282
1.9149565
1.7872912
1.7863401
1.9155475
1.8534119
1.7326182
1.841193
1.7796041
1.8716242
1.9501585
1.8569082
1.7582705
1.8197697
1.79783
1.8308595
1.7394137
1.7364757
1.8047656
1.7959751
1.7165438
1.8440877
1.825721
1.896013
1.7372341
1.7886299
1.8518131
1.8922328
1.8279004
1.9845527
1.8438843
1.9829417
1.8151736
1.8991507
1.899013
1.802333
1.7876813
1.8062675
1.9609022
1.8531938
1.8863107
1.6531996
1.7095335
1.9632785
1.9115642
1.7287403
1.8935876
1.7983388
1.687453
1.8473035
1.7513494
1.8093448
1.8518405
1.7630732
1.7703835
1.9198054
1.9121265
1.8155775
1.8374541
1.7450064
1.8076847
1.8511654
1.7325431
1.878095
1.8277683
1.6807669
1.765392
1.746563
1.8222473
1.8037231
1.7243718
1.7887558
1.7204485
1.8531673
1.802945
1.8306823
1.7086372
1.7717999
1.7977996
1.759073
1.9325817
1.9141737
1.733061
1.7996943
1.9016281
1.8698493
1.792225
1.7533973
2.0062125
1.7889265
1.8304013
1.896526
1.8049427
1.9109485
1.9217604
1.8047116
1.7324257
1.9044083
1.8489901
1.7628125
1.7403983
1.745747
1.7799737
1.6878303
1.8083535
1.7163465
1.8194145
1.7334911
1.7857312
1.7027086
1.8049315
1.7025132
1.7890321
1.7409377
1.8748829
1.7212669
1.915247
1.8591131
1.811893
1.788345
1.9700725
1.8232406
1.821847
1.9378664
1.7438827
1.7455692
1.7660354
1.7463464
1.7621617
1.69887
1.7218761
1.7412193
1.7853602
1.7426239
1.8030409
1.7258582
1.6884223
1.8954828
1.7818993
1.8053392
1.6941955
1.756962
1.8341242
1.7944157
1.7734874
1.8977607
1.767586
1.7271748
1.721284
1.768412
1.7155157
1.831571
1.7174454
1.7820984
1.8091195
1.8144984
1.7431835
1.7955745
1.8399427
1.7239547
1.9521848
1.7198092
1.801876
1.7312495
1.753522
1.7610133
1.660593
1.65596
1.7424142
1.7159151
1.7259473
1.7489033
1.7289666
1.7422657
1.7679057
1.8144208
1.805298
1.8016793
1.7718859
1.7348899
1.7802083
1.7325876
1.7921149
1.789898
1.793326
1.802198
1.7800697
1.8336473
1.7972835
1.7967839
1.8212512
1.927139
1.7304537
1.7561646
1.840638
1.7448641
1.7794185
1.7569767
1.7056627
1.6855885
1.878246
1.7535199
1.9924344
1.8140805
1.738689
1.8449782
1.7776095
1.8660825
1.9108928
1.8041518
1.8270485
1.8568885
1.9455943
1.9108177
1.7615538
1.7409972
1.841648
1.7895927
1.8192402
1.910762
1.8287082
1.760753
1.739975
1.757118
1.8741438
1.7433102
1.7701294
1.7391229
1.7414602
1.8139127
1.7772695
1.7375268
1.7212497
1.7514315
1.8400797
1.8004297
1.838198
1.7779542
1.721918
1.7653295
1.7862512
1.753019
1.7299565
1.7130365
1.7772212
1.7014967
1.693023
1.7536016
1.852075
1.8432847
1.721439
1.829356
1.7481078
1.8831058
1.7746885
1.7608852
1.7570715
1.8124512
1.7457093
1.7456638
1.6929493
1.7622187
1.7838235
1.707229
1.7597055
1.7356955
1.6947563
1.6934702
1.737257
1.7668145
1.7796619
1.732357
1.6879545
1.746025
1.7167109
1.7334545
1.748973
1.7183906
1.780489
1.7965777
1.7688885
1.7272003
1.6743637
1.708508
1.7689972
1.7411205
1.6933187
1.7214594
1.735883
1.6783181
1.9507518
1.8424685
1.7825305
1.8237813
1.7201499
1.7162745
1.871402
1.7024097
1.7433017
1.6885935
1.7258983
1.8825027
1.74751
1.7232879
1.7106907
1.7653598
1.9519242
1.6701033
1.7291274
1.702982
1.7321051
1.9019338
1.686266
1.703031
1.6558442
1.7171092
1.80012
1.7683953
1.7423023
1.6517137
1.8007756
1.677714
1.7074845
1.8373983
1.7309144
1.7244078
1.7452115
1.7027745
1.6868
1.682921
1.8468524
1.683654
1.6748103
1.6714753
1.7457769
1.7146504
1.6776669
1.7600914
1.7242928
1.6952183
1.8054609
1.92446
1.7939233
1.7929796
1.8517418
1.8957207
1.804018
1.7894745
1.7017591
1.9077208
1.6579591
1.635427
1.7210428
1.7590408
1.8038086
1.8617553
1.7587785
1.7923638
1.7371677
1.7059892
1.7410209
1.792812
1.7205474
1.766052
1.7943437
1.6661481
1.7727395
1.7190624
1.702927
1.7166404
1.8074478
1.9676378
1.6880879
1.7247412
1.686739
1.83007
1.7107968
1.736832
1.7714182
1.6627402
1.8212996
1.7002188
1.7433184
1.6956933
1.7323955
1.7770946
1.7121235
1.7036331
1.8477085
1.7271254
1.8126452
1.746607
1.7683487
1.7249455
1.774544
1.7720883
1.7599022
1.745571
1.6206607
1.7084173
1.6648242
1.7362722
1.7191358
1.7103251
1.6854559
1.6719869
1.6953743
1.7515825
1.7529185
1.8167682
1.7441887
1.6800941
1.7393055
1.7841251
1.726835
1.8371085
1.7503178
1.6760082
1.7310193
1.7222445
1.6350479
1.8171908
1.6878637
1.6776602
1.6708064
1.6983832
1.6579593
1.8070623
1.6919539
1.6675982
1.7628566
1.694717
1.7162381
1.7461816
1.8385885
1.6951425
1.7621257
1.7323833
1.8044515
1.6887791
1.6488409
1.7609406
1.693751
1.7695286
1.6556202
1.7623417
1.6751568
1.7371157
1.6647404
1.7169805
1.721089
1.7106197
1.7108408
1.8340428
1.7091032
1.697734
1.6732862
1.7317705
1.713737
1.7831522
1.6356088
1.7248182
1.6471444
1.6976411
1.6439482
1.6714993
1.7192292
1.6474205
1.6298739
1.6349615
1.7494137
1.7041181
1.6441703
1.7429438
1.8253058
1.8250762
1.7252208
1.6865474
1.6886116
1.8493497
1.82502
1.640769
1.7555199
1.7616212
1.7429137
1.6733363
1.6015313
1.7316912
1.7113047
1.6705128
1.8172368
1.8504778
1.7522924
1.6707757
1.6501307
1.824053
1.787957
1.6766573
1.6985421
1.6883703
1.617146
1.6682538
1.6649225
1.7256943
1.719854
1.6915891
1.7126498
1.6718602
1.6965448
1.659282
1.6273167
1.6264259
1.673521
1.6869987
1.611118
1.6302849
1.6599895
1.648509
1.6631882
1.8399665
1.6638404
1.7507063
1.855374
1.7881386
1.6759554
1.845178
1.8332213
1.6538907
1.665753
1.7028277
1.7341214
1.6316905
1.7029878
1.6505021
1.7586207
1.6700168
1.7414215
1.7469052
1.6635927
1.7000566
1.6232197
1.7509584
1.7552447
1.7468735
1.6948017
1.7013917
1.8862644
1.7844905
1.7424835
1.659485
1.8690027
1.7359672
1.705823
1.8260075
1.7648135
1.6375405
1.662786
1.7241318
1.8782359
1.7733793
1.6787398
1.8569608
1.659341
1.7056108
1.753164
1.8553557
1.6960093
1.749944
1.6745343
1.7454143
1.6398773
1.6720963
1.6739385
1.6323068
1.7890228
1.7542737
1.7100878
1.679874
1.753464
1.731967
1.6847752
1.6908177
1.665809
1.7224247
1.7018917
1.726479
1.7747024
1.711596
1.761638
1.758608
1.6683588
1.6883545
1.6863837
1.7376273
1.6803899
1.6852299
1.7712905
1.6205742
1.7466086
1.6630408
1.7549497
1.675769
1.6669981
1.7318764
1.6594405
1.6534758
1.6357815
1.708973
1.7351195
1.6754225
1.7406358
1.7580667
1.7155036
1.668719
1.6553502
1.7028598
1.6986899
1.6501728
1.6677942
1.6932132
1.7663621
1.6448612
1.7261615
1.746796
1.7658845
1.7301663
1.7935017
1.6581277
1.7467781
1.811743
1.7764907
1.7304022
1.6505233
1.6216259
1.6146625
1.6895456
1.6529025
1.6276444
1.729835
1.6458253
1.6553502
1.63817
1.6512909
1.720498
1.6973504
1.7667942
1.688888
1.6567806
1.7133805
1.7291027
1.7063673
1.7256672
1.8442917
1.6926317
1.6787871
1.7900276
1.6138458
1.8071864
1.6812154
1.6867198
1.6696967
1.655589
1.7170413
1.6653157
1.6950957
1.6763635
1.7459214
1.7802825
1.7143705
1.7299306
1.8730818
1.7671851
1.777856
1.743799
1.6351675
1.7262658
1.7049485
1.654043
1.7010419
1.6975036
1.6258857
1.642697
1.6428685
1.7117785
1.6527332
1.7214454
1.7052096
1.7383151
1.8038647
1.691243
1.8381376
1.8608145
1.8532227
1.7260407
1.6788676
1.7747295
1.900508
1.716343
1.6788832
1.6545802
1.6863322
1.6632103
1.7138712
1.6209985
1.6353487
1.6622165
1.7572896
1.6694679
1.6466595
1.649998
1.629205
1.812442
1.6978958
1.7034456
1.6736054
1.7433578
1.7164738
1.7135655
1.642732
1.6851517
1.7041577
1.7307236
1.7022645
1.6726142
1.6192023
1.7186201
1.7412364
1.6819211
1.6837678
1.688721
1.7259822
1.7698066
1.6716413
1.6879115
1.7197806
1.7982734
1.7372004
1.6776544
1.6293617
1.7071809
1.7184666
1.6607449
1.6300528
1.6646898
1.6457268
1.693725
1.7608007
1.7427652
1.8051562
1.7734019
1.7026836
1.8326905
1.7942183
1.7667451
1.6257815
1.620664
1.6436185
1.8379656
1.751716
1.7801538
1.7644563
1.6918235
1.6916199
1.6977078
1.6782802
1.688293
1.7458535
1.7074867
1.6363255
1.6471035
1.6613532
1.673315
1.7183394
1.6628115
1.766255
1.682115
1.6514963
1.7186755
1.7517586
1.8351777
1.651396
1.702685
1.7923815
1.698858
1.6657463
1.6644881
1.6486449
1.6345084
1.6732175
1.6481035
1.6379389
1.6725372
1.6903877
1.618371
1.7138475
1.7343442
1.6363155
1.8129753
1.6951445
1.8219635
1.6904294
1.6898322
1.68149
1.7832737
1.8437626
1.6748507
1.7182927
1.7394688
1.7963369
1.7036737
1.6979088
1.7313809
1.7435652
1.6248035
1.780477
1.6705713
1.5811108
1.6322343
1.7599053
1.7296902
1.6361247
1.6907352
1.6254851
1.6599002
1.6502801
1.709187
1.7364835
1.6516705
1.6465237
1.7110997
1.7237906
1.6579405
1.6410712
1.6871575
1.6095989
1.6702907
1.698712
1.7255205
1.7375222
1.7250056
1.6688524
1.6605146
1.6924059
1.7211688
1.6874013
1.7363123
1.6819708
1.6396924
1.6092355
1.6062025
1.6273612
1.732384
1.6650369
1.6495988
1.7289715
1.6521918
1.6202543
1.6757915
1.7389767
1.6999117
1.6758835
1.7230737
1.742054
1.6858464
1.7726794
1.7292588
1.6933631
1.639324
1.6936929
1.728623
1.634128
1.6733712
1.606935
1.7020485
1.732898
1.7021624
1.647707
1.6240895
1.7694815
1.6178315
1.6311853
1.7724395
1.7119023
1.6631258
1.7062988
1.614529
1.684804
1.8440889
1.6227269
1.7131478
1.6602358
1.7783631
1.660537
1.6849562
1.7728331
1.6888275
1.6474994
1.7128322
1.6769917
1.6583436
1.6412302
1.6372173
1.6555622
1.6624047
1.5709945
1.6073054
1.6001385
1.6526703
1.6359272
1.69058
1.67604
1.6416535
1.6744028
1.6865175
1.6207173
1.6053051
1.6235445
1.6883463
1.6722013
1.6603298
1.6395352
1.697919
1.6542805
1.6559604
1.5922445
1.6265278
1.719551
1.7511088
1.6490464
1.674325
1.7126182
1.672541
1.668732
1.7091103
1.6665955
1.6516783
1.6652292
1.7059038
1.7557173
1.727297
1.6155189
1.7006787
1.8171335
1.780666
1.6467083
1.6877598
1.7956762
1.6925132
1.8921702
1.6141609
1.6707793
1.7403852
1.7516587
1.7463255
1.7323685
1.703163
1.6532447
1.726579
1.8852369
1.8040987
1.6448307
1.6510246
1.7438991
1.775609
1.6969835
1.632686
1.5945673
1.6473595
1.6138158
1.6105793
1.7590293
1.6607883
1.6935748
1.6635048
1.7156856
1.6554135
1.7596835
1.6516141
1.6148207
1.6542213
1.6263553
1.6675497
1.642012
1.6201329
1.6318377
1.590484
1.6214125
1.6415493
1.6284655
1.6496364
1.6151167
1.6691962
1.6891347
1.6302404
1.662868
1.6080415
1.6425089
1.6725142
1.6482205
1.6513824
1.6171827
1.6566092
1.6418738
1.6397345
1.7205437
1.70857
1.6175933
1.6045312
1.648389
1.6264709
1.7180446
1.6681545
1.6235412
1.6453333
1.6520848
1.685465
1.6834347
1.7021586
1.743454
1.7459565
1.7208327
1.6877629
1.7248245
1.6269323
1.6953275
1.6444182
1.6250962
1.6541955
1.6762832
1.702287
1.6012553
1.682231
1.6364535
1.600491
1.6702639
1.6673785
1.6871504
1.6482333
1.582842
1.6927379
1.6083245
1.7034655
1.7059273
1.6178062
1.5859625
1.6348027
1.6167322
1.6472934
1.659763
1.8063192
1.685198
1.6685988
1.7403662
1.709286
1.6297699
1.5988238
1.6127149
1.6811005
1.6516752
1.65252
1.6570339
1.6309338
1.7685192
1.7697415
1.6813753
1.679221
1.695353
1.7341567
1.6143079
1.6206975
1.6657033
1.6487986
1.6280917
1.6057305
1.7053572
1.6423583
1.6984267
1.684025
1.6703364
1.7693603
1.7562354
1.6312368
1.7881178
1.707084
1.6493783
1.7179068
1.6643707
1.6349533
1.7021246
1.7241187
1.7754756
1.7215823
1.6779239
1.7230132
1.7891557
1.6763272
1.6941814
1.6574847
1.6585685
1.6203145
1.7022084
1.7509367
1.67569
1.7242
1.6384028
1.8075052
1.6724893
1.6478378
1.8338412
1.6960475
1.7031577
1.7394592
1.72291
1.7292151
1.691937
1.6658947
1.7301685
1.6588969
1.8059207
1.6239668
1.6702226
1.6397898
1.6666135
1.7013645
1.6911135
1.5884131
1.6934638
1.7187691
1.652932
1.7221513
1.6456747
1.6729865
1.7108291
1.746237
1.67396
1.627767
1.6400455
1.7838585
1.7908967
1.5848305
1.6060642
1.6516864
1.6457028
1.6356565
1.6277785
1.6218683
1.6386771
1.6512275
1.591826
1.593843
1.6630187
1.5748137
1.6904866
1.6121565
1.6249521
1.7781699
1.6556623
1.6773095
1.6402502
1.628452
1.7344865
1.737281
1.7675256
1.6944302
1.7277583
1.6143353
1.717756
1.7316532
1.5833217
1.5946583
1.664911
1.6176147
1.6366693
1.5915061
1.6904312
1.6988046
1.6856828
1.7057863
1.6438879
1.6672008
1.686915
1.5945293
1.6334783
1.6721607
1.7445301
1.6963601
1.640584
1.6740077
1.6476955
1.6514645
1.5844437
1.5814166
1.689815
1.6095748
1.7733595
1.6745707
1.6105453
1.6391655
1.6248
1.7339573
1.5854881
1.6591679
1.6371462
1.645349
1.6556661
1.6193442
1.6164347
1.624598
1.7937542
1.611636
1.6011869
1.620568
1.7025626
1.718334
1.8266419
1.6369694
1.6008416
1.8064067
1.6983329
1.631617
1.6486955
1.6172593
1.6902592
1.6614105
1.652791
1.5981104
1.6890117
1.6595397
1.6133788
1.6132249
1.6751986
1.6743742
1.6299518
1.7149295
1.5977192
1.635093
1.7076358
1.6212723
1.6118195
1.6046944
1.6338674
1.6483139
1.6263415
1.6206678
1.665338
1.6458387
1.6124402
1.7817725
1.6472121
1.6741229
1.6972384
1.6142263
1.6591474
1.7105492
1.634698
1.6555787
1.6087555
1.5682633
1.6118423
1.737618
1.6762253
1.6722606
1.6535387
1.6218762
1.5882401
1.6016206
1.6885813
1.7165643
1.7963957
1.6149552
1.6210005
1.6033512
1.6487112
1.6985182
1.6327348
1.7085112
1.6775148
1.6072701
1.5966258
1.6909832
1.6480416
1.5932417
1.7060655
1.6115549
1.610603
1.7130585
1.6272687
1.6106775
1.6968228
1.5762722
1.572879
1.5962595
1.6825691
1.6116914
1.6544896
1.6709919
1.7148376
1.6420958
1.642859
1.6763861
1.5929703
1.673313
1.588832
1.6054897
1.6569079
1.6301255
1.6623075
1.639768
1.74025
1.6425062
1.7761346
1.6299683
1.6181785
1.6581892
1.6141254
1.667659
1.6067753
1.5795251
1.6215218
1.5806644
1.6049031
1.6285517
1.59051
1.622292
1.6751678
1.6086972
1.6463678
1.82657
1.7371569
1.6449589
1.600449
1.7956878
1.7411935
1.7935302
1.6182276
1.5735055
1.6580397
1.5788575
1.6614852
1.67577
1.6090738
1.6815118
1.6782945
1.6617403
1.6685115
1.6456548
1.5939962
1.6415505
1.6819867
1.7063718
1.6324782
1.7015969
1.6533124
1.6174109
1.626917
1.6367178
1.6306821
1.5729564
1.606954
1.6193889
1.6579913
1.6275109
1.6478865
1.6466522
1.713269
1.6606344
1.7197134
1.5942467
1.623577
1.6392658
1.7068238
1.772231
1.8016248
1.6282537
1.6193635
1.6349212
1.7497737
1.8081027
1.83325
1.6247844
1.6789951
1.7083937
1.7569642
1.6977715
1.6378143
1.7187816
1.6869322
1.7191902
1.6419154
1.6999842
1.6223258
1.6631345
1.7070193
1.5577345
1.665013
1.60744
1.6240269
1.6721634
1.5814935
1.590577
1.6833638
1.6692698
1.707732
1.687679
1.8136243
1.666739
1.6731948
1.6916959
1.6750802
1.8139982
1.7184213
1.6798248
1.7626065
1.6593553
1.7091936
1.6580858
1.6460087
1.7869303
1.7572025
1.6557555
1.5879012
1.7137427
1.7583574
1.7758873
1.6314567
1.6904439
1.7004334
1.650819
1.8036659
1.7064066
1.6401165
1.6628273
1.6667855
1.6982653
1.6558225
1.6797098
1.6740104
1.563206
1.6288569
1.5894074
1.6541878
1.7517548
1.7597095
1.6635412
1.6385847
1.5727589
1.6901743
1.5924761
1.5872172
1.7000035
1.6471981
1.851526
1.67493
1.6192559
1.6980418
1.6637604
1.7253606
1.6207225
1.5883982
1.6391535
1.65807
1.6032552
1.581519
1.6144836
1.633964
1.6088227
1.6096209
1.763088
1.6132845
1.6662103
1.6442363
1.6688702
1.6867532
1.814221
1.6418546
1.7308024
1.7030141
1.7323912
1.7627171
1.7553586
1.7284899
1.7352087
1.7416302
1.6505765
1.5935115
1.6904979
1.7305335
1.622546
1.836743
1.8491057
1.7116824
1.6103034
1.6081862
1.6806034
1.6939155
1.6812644
1.721451
1.6575671
1.7259575
1.5713205
1.612207
1.6087884
1.6289912
1.6259267
1.6056236
1.6843381
1.5738517
1.6319027
1.6419592
1.5850143
1.6373099
1.6414353
1.6832613
1.6786133
1.6401035
1.6241817
1.6660745
1.7143687
1.606004
1.7355325
1.6083182
1.6018118
1.604814
1.6623831
1.7038035
1.5905454
1.641859
1.5917536
1.7193879
1.6424825
1.6434858
1.676042
1.5802085
1.622286
1.8238099
1.5933591
1.5881685
1.6261251
1.6787955
1.6856195
1.6896025
1.6869142
1.6069952
1.6528382
1.6418625
1.6733098
1.6052972
1.6978513
1.6309898
1.6059091
1.6130718
1.7202495
1.725213
1.6189218
1.6250392
1.607597
1.6435567
1.807566
1.6634719
1.7253525
1.7243904
1.6802716
1.7496679
1.7132965
1.6616105
1.7298919
1.6368682
1.7659228
1.7470406
1.6077086
1.5951024
1.693468
1.6616415
1.6105801
1.5942584
1.5764204
1.6307034
1.626232
1.566414
1.7382877
1.7096735
1.6529713
1.5854555
1.6160145
1.6205273
1.6940446
1.6514236
1.6989623
1.6693935
1.6549065
1.6876389
1.8318528
1.6301032
1.6194998
1.5758083
1.6248667
1.848832
1.7149273
1.6373414
1.6557416
1.6417342
1.5945611
1.6753355
1.6476674
1.702888
1.6395075
1.6069546
1.6441547
1.657108
1.6185807
1.7882785
1.6091872
1.6516365
1.7452872
1.8440597
1.6474333
1.6541734
1.6735709
1.7080313
1.6334678
1.7471313
1.7270402
1.661714
1.5992758
1.6030688
1.6612612
1.6350242
1.7299978
1.6243696
1.6973925
1.6893218
1.610431
1.6588428
1.7137005
1.6996032
1.598372
1.6812785
1.7228568
1.6988515
1.7168275
1.6309037
1.636768
1.6695697
1.6956737
1.6070158
1.6852425
1.757196
1.6464835
1.6381377
1.6509858
1.6113086
1.6983132
1.6874633
1.6065922
1.6285746
1.6531936
1.6198887
1.681251
1.6271644
1.665148
1.6449403
1.605066
1.6235198
1.7467074
1.7333218
1.7118495
1.6113235
1.6110418
1.6112549
1.6610236
1.6572793
1.7561846
1.7063631
1.6014974
1.5999237
1.6008902
1.6882689
1.7730932
1.6468651
1.636404
1.6233528
1.638634
1.5935205
1.6520449
1.632443
1.77346
1.707683
1.6722176
1.6123935
1.6665484
1.6741414
1.6408304
1.7181075
1.7120128
1.5628078
1.5905588
1.6812344
1.719629
1.6601512
1.5890248
1.5766808
1.6394409
1.696388
1.650357
1.6460367
1.621689
1.6048709
1.6414326
1.60163
1.6263157
1.5724665
1.6274112
1.621563
1.6287504
1.614049
1.6260115
1.5699288
1.6262859
1.6520916
1.6582878
1.6524276
1.5979184
1.822368
1.5960131
1.7045823
1.6441115
1.6660869
1.6482925
1.61866
1.6673002
1.7325118
1.5678269
1.6191928
1.6330886
1.693696
1.7391895
1.6363789
1.6274422
1.605535
1.6673045
1.7149202
1.6381685
1.6367894
1.7700434
1.6144041
1.692753
1.7466564
1.6638687
1.6059226
1.7265687
1.6916302
1.6058406
1.7296729
1.5729816
1.624385
1.6777992
1.7338498
1.6605972
1.6415242
1.6010911
1.6140084
1.6334933
1.646839
1.6981922
1.6435355
1.6379676
1.6453902
1.6380308
1.6355215
1.6096371
1.5780972
1.6007305
1.6312808
1.7131755
1.6925166
1.6495397
1.704962
1.593031
1.5829512
1.6654545
1.7104157
1.6390983
1.650469
1.6086092
1.6292056
1.6103455
1.6205419
1.6411233
1.6541743
1.6515143
1.628167
1.6598247
1.5872064
1.6281468
1.6065722
1.6751494
1.6427217
1.5671672
1.5641675
1.5865285
1.6068671
1.6972344
1.6985656
1.7129093
1.6352445
1.6491498
1.5866436
1.6218888
1.6843647
1.6512437
1.6093035
1.6703615
1.6177349
1.5638068
1.6277194
1.695943
1.640553
1.5737245
1.6166515
1.5762933
1.639388
1.6271825
1.5858628
1.6022011
1.6237873
1.6485225
1.6042985
1.6161124
1.6555678
1.6650872
1.622376
1.6309158
1.5868345
1.6723437
1.6260008
1.6164458
1.6409013
1.6413898
1.6087339
1.6140001
1.5512764
1.5891078
1.639377
1.6988369
1.6677252
1.5949935
1.6176975
1.6947907
1.6766553
1.618976
1.638021
1.627838
1.6189764
1.7795675
1.6062628
1.609437
1.5716872
1.5863063
1.6257248
1.6892643
1.6359718
1.606072
1.7083086
1.6599222
1.5908087
1.6086814
1.6988493
1.6553351
1.6261787
1.6882465
1.6588403
1.7236825
1.6582452
1.5783963
1.6833712
1.6094879
1.564603
1.5676546
1.6252627
1.6413683
1.6562263
1.5924165
1.5882398
1.6180928
1.6138202
1.6053883
1.622126
1.5999407
1.6126902
1.6911713
1.6043073
1.6347723
1.6063588
1.6449165
1.679625
1.5708863
1.6508528
1.5710677
1.6210963
1.6199875
1.6664915
1.6881611
1.6460578
1.5844095
1.6034087
1.5751754
1.630141
1.5595192
1.6918937
1.670927
1.5846555
1.5741876
1.6033062
1.5959413
1.6156873
1.6999573
1.7367473
1.6112888
1.5804121
1.590379
1.587454
1.7443199
1.5960792
1.623174
1.5746028
1.5773764
1.5918487
1.5857083
1.6428772
1.6052887
1.6639359
1.6326901
1.6380125
1.6823636
1.734044
1.6196868
1.6253222
1.6482564
1.6774056
1.617524
1.6574367
1.7008891
1.5676632
1.7131455
1.6556737
1.5963075
1.566924
1.611666
1.7165242
1.6148328
1.605548
1.618575
1.5841027
1.5875922
1.6880441
1.570953
1.6333567
1.6392915
1.7396461
1.8117976
1.6641088
1.6852769
1.6831633
1.8821973
1.747714
1.7648135
1.751831
1.6251715
1.61397
1.6211654
1.6613334
1.7681485
1.678058
1.637437
1.6855514
1.6906092
1.719986
1.8294715
1.6481067
1.6306965
1.7323823
1.629209
1.6928531
1.6214682
1.59813
1.618712
1.6633981
1.7675087
1.596712
1.5578195
1.585907
1.648964
1.6086226
1.6255999
1.6659775
1.6018193
1.5826982
1.6249813
1.6256393
1.6463628
1.6034877
1.5689137
1.5709072
1.6908733
1.7269262
1.602432
1.6457845
1.6752664
1.6611704
1.5815929
1.6213645
1.6439735
1.6029768
1.627308
1.6088812
1.8291187
1.611045
1.6000324
1.6251115
1.6588005
1.6391402
1.6267843
1.6152905
1.6428657
1.6174691
1.7166421
1.5966374
1.5837754
1.5907212
1.5881686
1.591095
1.5955502
1.5560215
1.5838145
1.6672018
1.5918125
1.6093806
1.606113
1.599826
1.6751683
1.5766318
1.5880157
1.6492604
1.6399072
1.622202
1.5673133
1.5730796
1.6666145
1.5485342
1.6104422
1.6199722
1.652075
1.5452716
1.5646993
1.6068243
1.6135458
1.6625967
1.6287665
1.5927804
1.6350285
1.6219684
1.6036743
1.6832342
1.6556151
1.669561
1.6112069
1.5805515
1.6156366
1.6883906
1.6199193
1.6275933
1.6072272
1.585688
1.6286161
1.5916135
1.7584802
1.5974785
1.6932181
1.6203499
1.5713929
1.6630745
1.8408158
1.6031525
1.6768574
1.7443657
1.6024806
1.7370338
1.6025747
1.6383055
1.5836334
1.5934256
1.6028378
1.6622562
1.6557578
1.566486
1.6649486
1.6348709
1.609923
1.6228043
1.641426
1.6254135
1.6482676
1.6401718
1.7171525
1.6896979
1.622803
1.6663702
1.6795359
1.6243253
1.68149
1.5769627
1.6375548
1.619367
1.6395772
1.593945
1.607535
1.625388
1.5869055
1.5885417
1.658897
1.5940946
1.6194324
1.617748
1.6042489
1.5936917
1.5833246
1.6090381
1.6569798
1.6520822
1.6394285
1.5964983
1.623031
1.6423525
1.582482
1.5928723
1.5642385
1.6011535
1.5842785
1.6403537
1.6114932
1.6341913
1.6275892
1.5922925
1.6107857
1.6422955
1.6060892
1.5898302
1.6281445
1.6237892
1.7198336
1.5945902
1.5809703
1.590603
1.668673
1.6330582
1.6766057
1.5499631
1.5422769
1.6056252
1.673995
1.6650262
1.7040718
1.6239475
1.720665
1.6560881
1.7209777
1.617646
1.666206
1.646764
1.6326227
1.6586423
1.6435924
1.6990227
1.6787457
1.6507686
1.7276251
1.6118888
1.6104649
1.6913385
1.5809462
1.6336203
1.6362002
1.5419815
1.5866486
1.615508
1.559133
1.6158823
1.5924777
1.6114135
1.6359408
1.5549482
1.592748
1.5700965
1.6489971
1.6349683
1.5650553
1.6033195
1.5847716
1.611529
1.597897
1.620047
1.6491066
1.5521642
1.6178608
1.576243
1.5802073
1.5816584
1.6053498
1.6170729
1.5893852
1.5439271
1.5803177
1.614751
1.6155252
1.6098098
1.5892452
1.5572343
1.6311716
1.569878
1.7313834
1.6871914
1.625212
1.59568
1.6853533
1.7250929
1.6564298
1.5819107
1.6607745
1.6059208
1.6007313
1.6028349
1.6273395
1.5684359
1.6329664
1.5938323
1.5647292
1.5840207
1.5771663
1.6508129
1.5652602
1.6040804
1.6368589
1.5650616
1.5672855
1.6320816
1.587902
1.6275138
1.5809052
1.6060035
1.7308807
1.5540634
1.6360775
1.6155845
1.6472497
1.6295573
1.5967238
1.7041618
1.6317348
1.6017983
1.6616272
1.6080735
1.576297
1.5504798
1.5555804
1.5906415
1.58781
1.6007754
1.5875102
1.5831475
1.6126914
1.572827
1.6146153
1.6912675
1.5549734
1.6039574
1.5491488
1.5807493
1.5981284
1.623765
1.6202593
1.5962499
1.5568526
1.5759897
1.5664175
1.6007565
1.5553412
1.627857
1.6423405
1.6019714
1.6468236
1.6459855
1.623616
1.6045219
1.675196
1.5666125
1.6441224
1.5860085
1.6505016
1.564235
1.5549283
1.7261446
1.5723252
1.5706313
1.642598
1.6679505
1.7132547
1.572054
1.6148955
1.7612747
1.6124837
1.7388141
1.664595
1.6009289
1.6007878
1.5870415
1.6279668
1.6583955
1.8499199
1.7213428
1.5966147
1.616619
1.7796165
1.7082378
1.6318858
1.6506
1.615099
1.6659018
1.737169
1.6983824
1.7325205
1.6227822
1.6280484
1.7721655
1.8362367
1.6616743
1.6662973
1.6816005
1.6360346
1.7094171
1.5847292
1.6206565
1.6108582
1.5744033
1.6358826
1.6816096
1.6294342
1.6004838
1.625755
1.6382143
1.587059
1.6514101
1.5837231
1.6262836
1.6111902
1.596757
1.588739
1.5683314
1.6323297
1.7107921
1.6212828
1.5935992
1.6140498
1.6176398
1.6006974
1.6225275
1.5960605
1.61219
1.5596197
1.6597732
1.6162707
1.6488234
1.8013988
1.6588103
1.5655308
1.6016027
1.7019206
1.8746597
1.6940497
1.5672188
1.6049491
1.722092
1.6112217
1.5738108
1.5807575
1.5804353
1.6267458
1.581657
1.5861907
1.5777478
1.5915346
1.6673893
1.6241275
1.6021636
1.5704564
1.5525621
1.5865562
1.6710625
1.6826917
1.6107423
1.6611978
1.6426655
1.6620107
1.7144552
1.6984056
1.6725016
1.6073225
1.700918
1.646384
1.6118387
1.6084516
1.6811315
1.6898557
1.5951982
1.5668852
1.5868131
1.5935718
1.5647463
1.6804721
1.5646545
1.5884132
1.5771623
1.5863618
1.6327646
1.6821538
1.5998968
1.6029882
1.6337638
1.72043
1.6030167
1.5670695
1.5580406
1.6665012
1.6176747
1.5976413
1.6245345
1.6513642
1.6105226
1.5921333
1.6105872
1.5925035
1.709969
1.543623
1.5821517
1.604945
1.6063722
1.5960224
1.7105817
1.6238085
1.5876114
1.5537618
1.5540988
1.5724517
1.6212685
1.6031226
1.6130807
1.6238058
1.654112
1.580136
1.5495203
1.5783818
1.5712148
1.5819608
1.6297141
1.5736518
1.5616622
1.5715921
1.6066375
1.608465
1.6251905
1.60952
1.574858
1.5765398
1.5974187
1.6013958
1.5980215
1.560388
1.6475595
1.6079059
1.5959127
1.611842
1.6248597
1.685519
1.6581848
1.62373
1.667894
1.5869545
1.5510126
1.7045432
1.5756812
1.6798867
1.6746062
1.64262
1.6295205
1.5878091
1.6213803
1.6986754
1.5736805
1.6005888
1.5502387
1.7186817
1.6136196
1.6455885
1.6536977
1.5902402
1.5749518
1.5710073
1.605106
1.604859
1.6151513
1.5805844
1.5688243
1.550894
1.5725728
1.599025
1.6223955
1.641486
1.5459785
1.576772
1.5734366
1.6700808
1.594552
1.5620093
1.590959
1.5573428
1.5751655
1.5623128
1.5531194
1.5870067
1.6937995
1.6212335
1.6282637
1.6447636
1.8494935
1.6192786
1.6676481
1.7416943
1.6539888
1.6192975
1.6651973
1.7303454
1.646908
1.6193131
1.6773036
1.678664
1.5953075
1.6977067
1.6111425
1.6213893
1.6167315
1.628659
1.8770287
1.6254207
1.5865489
1.6551358
1.6991342
1.7029712
1.5597241
1.5726494
1.5764325
1.6693523
1.6153709
1.6384915
1.6214262
1.6088897
1.5704613
1.71912
1.5614288
1.5997423
1.6744127
1.5942329
1.6666727
1.6283343
1.6640418
1.5624264
1.6314156
1.6300362
1.5620927
1.643217
1.5733285
1.5695931
1.5710049
1.5938877
1.5547099
1.5915064
1.5417093
1.6223029
1.737072
1.589177
1.5950539
1.6124305
1.7419057
1.640902
1.6433743
1.5724618
1.6718452
1.7088666
1.6807365
1.589336
1.6502068
1.6428125
1.67858
1.5779783
1.546111
1.5830323
1.6231849
1.5965863
1.6367732
1.5965488
1.6135294
1.6129274
1.5459751
1.5703458
1.5970488
1.6296765
1.6888195
1.614626
1.5820652
1.57361
1.5765432
1.6413049
1.5927125
1.5829865
1.6144035
1.56764
1.596485
1.6230797
1.6863085
1.6577822
1.5849975
1.696373
1.663359
1.8143117
1.6037883
1.5828422
1.6901814
1.5843908
1.7038018
1.6178048
1.6512573
1.6491892
1.5557595
1.5992355
1.6212612
1.6381421
1.5983291
1.7143536
1.6327757
1.6269608
1.6170992
1.6234804
1.7087315
1.6002635
1.6811135
1.667228
1.6435944
1.5631796
1.6375265
1.6394194
1.5870125
1.6091825
1.6057688
1.6196296
1.6272718
1.65738
1.670209
1.5953358
1.6031489
1.6133922
1.626733
1.6465703
1.5976713
1.6123805
1.6417385
1.6825368
1.5638027
1.6756495
1.5606655
1.6560385
1.5471659
1.5901214
1.5672065
1.6953504
1.678588
1.6017795
1.5850883
1.6577592
1.6263436
1.6151417
1.5492315
1.5565975
1.6507511
1.6378888
1.6708829
1.571301
1.6118008
1.5800285
1.581742
1.5878557
1.6455026
1.5987854
1.5882763
1.5514436
1.6384884
1.5703255
1.5648828
1.6811713
1.5791912
1.6709121
1.54565
1.6087083
1.5704422
1.5795175
1.6340958
1.5957613
1.5772569
1.617292
1.5578036
1.582839
1.589489
1.5908862
1.6113722
1.5821408
1.5494058
1.5825121
1.5772415
1.5749347
1.5726609
1.563302
1.6017975
1.548812
1.6173627
1.570537
1.5944332
1.5835944
1.6155847
1.5516148
1.5473032
1.5824491
1.5563935
1.6304202
1.5642921
1.5958557
1.5858861
1.5503191
1.6306235
1.6048671
1.5810413
1.553859
1.5870162
1.5393419
1.6466998
1.5867343
1.5995188
1.5935215
1.565553
1.5721649
1.5539724
1.5944233
1.6574471
1.5577312
1.545065
1.573085
1.630628
1.573214
1.5661043
1.5424678
1.6336361
1.6429747
1.6865243
1.6942
1.6379638
1.6353959
1.672114
1.6561092
1.6501489
1.7127695
1.598617
1.6202942
1.5848244
1.7346767
1.7215594
1.6026477
1.5483968
1.641076
1.7241952
1.6887797
1.6160204
1.5533543
1.5790985
1.7443464
1.5824188
1.5893532
1.6498334
1.5622298
1.561693
1.6036404
1.6502132
1.638889
1.7100823
1.5967041
1.6234622
1.6854136
1.581867
1.617092
1.7648325
1.8679048
1.608212
1.6428359
1.6913617
1.6396153
1.712436
1.614083
1.6088183
1.5551807
1.5801597
1.5954415
1.5766557
1.6410046
1.6110325
1.595986
1.609467
1.6064731
1.6207958
1.6663488
1.5898442
1.5584629
1.5654992
1.6247697
1.6299177
1.648031
1.622878
1.5529492
1.6674571
1.5973283
1.6092918
1.6276901
1.6350272
1.5790128
1.5491585
1.5905427
1.5590453
1.591193
1.5664989
1.586648
1.588141
1.5435753
1.5473201
1.5858247
1.600572
1.5766197
1.5635958
1.5537726
1.5565332
1.5983902
1.5364249
1.6125977
1.5866266
1.5603353
1.572668
1.6586609
1.5789852
1.5937418
1.6481898
1.566847
1.6837622
1.7692972
1.6546406
1.7676632
1.6116407
1.6611743
1.6705376
1.5839918
1.564642
1.5723848
1.5466157
1.658835
1.6166716
1.5402312
1.6597704
1.5869557
1.5970769
1.5897106
1.6305412
1.6037283
1.5990181
1.6061513
1.6584367
1.5883485
1.5487424
1.6482724
1.6290029
1.5717827
1.5684991
1.5639474
1.6648158
1.6219395
1.5930527
1.548646
1.5541451
1.6740142
1.6035591
1.5773348
1.541201
1.6489004
1.5664873
1.5767736
1.5875014
1.570573
1.5550307
1.575454
1.5983665
1.5413265
1.6474035
1.5911583
1.6481652
1.5844699
1.5800958
1.5877392
1.5508366
1.5796838
1.6540263
1.5796825
1.5475508
1.5794625
1.5681458
1.613064
1.6060443
1.5724767
1.5537672
1.586331
1.6352975
1.6160696
1.5766077
1.5508574
1.6065468
1.5495776
1.6695884
1.6357888
1.5535167
1.5711126
1.632243
1.6918858
1.6888531
1.5533338
1.5964433
1.6129148
1.631249
1.5621444
1.6126952
1.5529197
1.6012464
1.5708886
1.6408827
1.570715
1.5604242
1.5530977
1.580087
1.6002415
1.6056634
1.563106
1.5635793
1.5936685
1.5524597
1.6079215
1.6009457
1.6270125
1.6007293
1.5901253
1.5812907
1.613461
1.658129
1.5846225
1.5901198
1.5617138
1.5598539
1.6509377
1.6276599
1.5874112
1.5832808
1.5559709
1.5725621
1.6583452
1.5640854
1.7382567
1.5730587
1.5852121
1.5930614
1.57576
1.7532538
1.6083032
1.6198603
1.5593761
1.6072618
1.6331375
1.6737702
1.6109034
1.5500116
1.5678425
1.6221483
1.6061724
1.6707054
1.6495543
1.5735532
1.6668316
1.6051501
1.6368338
1.6710445
1.729104
1.682897
1.6817802
1.6384772
1.6576078
1.6039885
1.6016833
1.6755563
1.625695
1.6562958
1.6621016
1.6420048
1.5970781
1.5351897
1.6115437
1.6136638
1.6376327
1.6369365
1.6120613
1.6100707
1.5670075
1.5750495
1.6869777
1.5871222
1.634959
1.6919751
1.6098043
1.6011715
1.5657337
1.5677567
1.688313
1.6320106
1.5637052
1.5939546
1.563596
1.6596565
1.5528896
1.6166017
1.5987288
1.6361227
1.6634935
1.5358877
1.5509857
1.592435
1.6633247
1.6838863
1.571614
1.584992
1.6688112
1.6819073
1.5668279
1.617353
1.5630583
1.5619535
1.5990503
1.6221523
1.6457081
1.6108222
1.5522164
1.5559708
1.6202705
1.6322011
1.5452392
1.5885066
1.6234738
1.5537258
1.5807068
1.5796938
1.562734
1.5667613
1.5637378
1.5647207
1.6418941
1.6210372
1.58812
1.618462
1.6213057
1.5936402
1.6185044
1.5665787
1.646566
1.6426501
1.5866785
1.6615618
1.591479
1.5766587
1.6333402
1.614062
1.63636
1.5904268
1.5593348
1.626813
1.5415426
1.6231452
1.5615263
1.598166
1.5535402
1.5483404
1.5714587
1.5862242
1.5507101
1.5638843
1.5917002
1.693404
1.5996503
1.5533465
1.657565
1.64523
1.6555395
1.7197974
1.602315
1.5652958
1.5817811
1.5498275
1.643275
1.5754124
1.6809849
1.5543478
1.7312069
1.5722218
1.5720028
1.5929374
1.6172602
1.6266862
1.6443763
1.6479813
1.6382872
1.6185309
1.6184331
1.5497757
1.6295757
1.5791572
1.5919763
1.5728933
1.7800236
1.6891228
1.559419
1.5689434
1.6081984
1.5966427
1.6399722
1.5789613
1.6103817
1.6054533
1.594489
1.5396421
1.615895
1.6152145
1.5626947
1.6167912
1.5993065
1.5550519
1.6115931
1.6192615
1.57257
1.5588099
1.6120954
1.5786265
1.6705427
1.6994135
1.6125371
1.6284244
1.655111
1.6028523
1.7011379
1.6321756
1.5965887
1.5997168
1.6099626
1.6246876
1.6253037
1.6675795
1.601458
1.6172107
1.5611202
1.6103677
1.556398
1.5966704
1.6495956
1.5626419
1.543404
1.6035485
1.614632
1.7045473
1.5734637
1.6175973
1.6113551
1.5626045
1.599817
1.7124115
1.6248305
1.5506605
1.57475
1.5628643
1.5386473
1.5655406
1.5619812
1.5917051
1.5878743
1.5503212
1.6222497
1.5605159
1.5326805
1.5579174
1.5424817
1.5491401
1.6004145
1.5678974
1.5820262
1.6186212
1.5424998
1.6354594
1.6088927
1.6284013
1.816726
1.7399812
1.5842351
1.670054
1.6407906
1.6912037
1.6779068
1.6417054
1.6907312
1.5774074
1.6284996
1.6636553
1.6514982
1.6377447
1.614778
1.5834575
1.7288682
1.5434065
1.5580602
1.5653228
1.628156
1.5671904
1.658114
1.560583
1.615093
1.6496462
1.6370972
1.562185
1.5838287
1.645292
1.6257633
1.6364585
1.616419
1.660212
1.5677652
1.6337587
1.5632442
1.619409
1.6013911
1.6735585
1.5696863
1.7199374
1.5961565
1.6197177
1.6134412
1.6083912
1.6379257
1.5866876
1.659544
1.6229798
1.6104927
1.6769933
1.6037103
1.555313
1.6178685
1.5617626
1.6076869
1.715626
1.6420965
1.5985129
1.5472002
1.583593
1.6067808
1.5702168
1.736177
1.6461889
1.5523423
1.5812387
1.6100144
1.5967829
1.5999075
1.5607737
1.6070179
1.6029769
1.5886803
1.569042
1.5919328
1.595133
1.5934608
1.6189404
1.5697262
1.5865017
1.585929
1.5708698
1.5454315
1.6079574
1.5882264
1.5512865
1.6007702
1.625674
1.7513932
1.6057507
1.6511647
1.6460919
1.5832636
1.601327
1.6001513
1.640765
1.6479107
1.5975797
1.5434327
1.5420972
1.538954
1.6332113
1.5542413
1.5907857
1.6216255
1.56884
1.5332235
1.5785183
1.551329
1.570828
1.5713183
1.6062144
1.5922295
1.5774926
1.5600694
1.5713553
1.5820576
1.5666777
1.6650654
1.6375104
1.5440242
1.637106
1.559908
1.5849073
1.5639763
1.595313
1.557533
1.5525383
1.5482497
1.5525606
1.5431839
1.5892673
1.6496215
1.6117084
1.5900631
1.5581478
1.5826564
1.6452689
1.5888865
1.7233797
1.5909963
1.6002473
1.5996045
1.600811
1.6412988
1.6272203
1.5775408
1.6244502
1.5355364
1.5798186
1.5805641
1.6325713
1.5875593
1.5978383
1.6697793
1.5422692
1.535396
1.5537281
1.5686498
1.557179
1.5974743
1.5909365
1.6014555
1.5738235
1.5951048
1.6902814
1.6804987
1.5927273
1.5730174
1.5660256
1.5569192
1.6336032
1.614331
1.5511096
1.6284148
1.5715415
1.6068195
1.5991057
1.6844954
1.573288
1.5555545
1.6249646
1.634502
1.630153
1.6040523
1.5849748
1.5589645
1.578611
1.6617627
1.556941
1.6014955
1.6249284
1.587041
1.5841055
1.6130472
1.5854625
1.5642447
1.6135027
1.5476145
1.5484964
1.550581
1.5518593
1.6300557
1.603126
1.6851802
1.5390972
1.5922977
1.6793482
1.6106164
1.6810164
1.579725
1.604787
1.6051757
1.6322048
1.6583627
1.5653174
1.68071
1.5621347
1.6549429
1.5863743
1.5634714
1.5479478
1.6190605
1.5562103
1.6067855
1.6152874
1.671136
1.6036615
1.5636392
1.5802095
1.562242
1.6627308
1.586167
1.5689977
1.5995455
1.6212767
1.6112453
1.5359141
1.5556415
1.6168811
1.6962283
1.5665795
1.5547192
1.5965096
1.6182624
1.572458
1.6565831
1.58279
1.5759497
1.6154482
1.5907837
1.6700667
1.5957212
1.6620443
1.5935858
1.612787
1.6969872
1.6295972
1.610068
1.5928708
1.561787
1.6647434
1.5909215
1.6083914
1.5707874
1.6050433
1.6116415
1.6325922
1.595152
1.6626917
1.6739604
1.7054689
1.5681838
1.580379
1.6670907
1.6205423
1.6570125
1.6095202
1.5740498
1.5682625
1.6426356
1.6207044
1.641703
1.5404048
1.5809994
1.565134
1.5490365
1.6415974
1.6458751
1.5936857
1.6454867
1.5718017
1.5644207
1.6568525
1.6613227
1.5726793
1.5656701
1.5912321
1.6228315
1.5966275
1.6228465
1.6774193
1.5759021
1.6096828
1.565912
1.5891353
1.601033
1.6120098
1.5939945
1.6124254
1.6027472
1.571486
1.5810413
1.5989928
1.6038678
1.5880429
1.5504067
1.6296669
1.5906273
1.6000677
1.5787064
1.554934
1.6294991
1.615947
1.6470941
1.6042211
1.6683208
1.5936772
1.6153944
1.7199863
1.5927885
1.561766
1.691911
1.6483773
1.5500493
1.5743747
1.6308954
1.6847283
1.61554
1.599637
1.5939634
1.6401576
1.5704275
1.5945003
1.6707475
1.7587374
1.6314216
1.5646992
1.6133553
1.6882287
1.6354411
1.603207
1.610035
1.5621083
1.5695289
1.5809587
1.593248
1.5470005
1.5875041
1.6101547
1.6507922
1.5516913
1.6182411
1.600884
1.555981
1.615281
1.5854635
1.5495373
1.6413637
1.5755935
1.5847896
1.585634
1.5740548
1.5772237
1.6345465
1.5629984
1.579593
1.58114
1.5716168
1.5558512
1.5826157
1.6164675
1.5880347
1.5425907
1.6038564
1.6961784
1.6490756
1.5609581
1.5562422
1.5651497
1.6376286
1.5541875
1.6826828
1.6223267
1.5474916
1.563068
1.5677735
1.6212102
1.6188267
1.6482117
1.545088
1.5660455
1.7972653
1.695712
1.583932
1.57332
1.6639787
1.6448817
1.7015253
1.5815214
1.5898095
1.5553912
1.6762983
1.6850147
1.5866668
1.6225019
1.6079555
1.5731132
1.5855051
1.5559303
1.5784104
1.6390923
1.6230409
1.652171
1.6096182
1.5754766
1.6040854
1.5712875
1.6007923
1.6073581
1.6103753
1.5830176
1.5534385
1.614486
1.577069
1.5531245
1.5775485
1.6272081
1.5755383
1.5654559
1.6521062
1.5624442
1.5804031
1.5764253
1.5770187
1.5529811
1.6132236
1.5828367
1.5606297
1.5837355
1.6228925
1.6200576
1.6580786
1.5713162
1.6312612
1.5373069
1.5790994
1.577637
1.6228018
1.6106827
1.5665635
1.5700238
1.7019032
1.5380553
1.5678117
1.6144582
1.6411254
1.6309032
1.573849
1.5442165
1.6463827
1.5355678
1.6206945
1.5908165
1.5989283
1.5430778
1.558899
1.6005278
1.5604258
1.5500413
1.661181
1.6149213
1.6196582
1.6353122
1.5663469
1.6263067
1.563312
1.550733
1.6517025
1.6077315
1.5630411
1.5591534
1.6263747
1.5813413
1.6062373
1.5893025
1.5719777
1.5369815
1.6135
1.5721058
1.5497875
1.5579818
1.5779135
1.5764992
1.572387
1.6081008
1.604231
1.5844818
1.5582362
1.5814242
1.55058
1.5849724
1.5647969
1.5658916
1.6312134
1.5452791
1.6528354
1.5903592
1.5351189
1.5975319
1.5564817
1.6148374
1.6086564
1.6124349
1.5794815
1.5688697
1.5782856
1.6444672
1.6565689
1.5875509
1.6158696
1.5597992
1.5616691
1.5853231
1.5896366
