26.8006
27.51945
26.87904
26.33721
26.206673
25.774197
25.942131
26.09988
25.762115
24.542648
24.572817
25.157104
23.842482
23.638826
22.900965
22.19814
21.323545
20.70574
20.750748
19.632977
18.917658
19.310371
19.231153
18.985178
18.646145
17.914463
16.709963
15.077085
13.745627
12.662035
11.475826
11.580862
10.722842
10.933919
10.351523
9.459382
8.333429
7.840607
8.537138
8.360687
9.275827
8.9381
8.037756
7.376646
7.459006
7.4735923
7.28975
7.8857284
7.946984
7.491351
7.072317
7.197243
6.181717
6.5886183
5.9805775
5.910311
6.140139
6.4169545
6.165902
6.1246104
6.214549
6.211147
6.114629
5.471174
5.626852
5.254448
5.1183534
5.006588
5.072165
5.2202115
4.988241
5.3851438
5.156729
5.385491
5.4558
5.7544746
5.278863
5.241976
4.8764596
4.957842
4.945485
4.595835
4.684806
4.5126786
4.6025305
4.5825324
4.508084
4.589747
4.766371
4.619265
4.724894
4.597882
4.801878
4.595738
4.814329
4.6850176
4.7924438
4.8083
4.936537
4.82764
4.910243
5.0666313
4.976052
4.9386864
4.882027
4.5201883
4.5549436
4.606901
4.634669
4.6964006
4.2014813
4.637744
4.759521
4.51673
4.4317603
4.4187016
4.4215145
4.28856
4.4816594
4.617228
4.483275
4.571645
4.63916
4.526024
4.876775
4.639201
4.6026335
4.405989
4.494003
4.537628
4.626482
4.6302333
4.6718493
4.7841763
5.1027265
5.09636
5.1361494
5.0513296
5.019905
4.419143
4.547556
4.474464
4.598666
4.591613
4.310869
4.6505456
4.799314
4.4455066
4.9370766
4.708729
4.7252126
5.0031033
4.532846
4.670588
4.325822
4.3086085
4.301588
4.4538403
4.1594806
4.199109
4.216705
4.603287
4.309099
4.480506
4.676053
4.611547
4.621903
4.293334
4.3131895
4.383695
4.119328
4.312926
4.1057644
4.2333894
4.254943
4.315056
4.4734983
4.436264
4.215968
4.466981
4.3816094
4.342737
4.2543583
4.270719
4.2921524
4.1398287
4.197375
4.4817057
4.278454
4.501551
4.4594717
4.433047
4.586547
4.38989
4.2515564
4.143348
4.269687
4.1083364
4.3114243
4.2247796
4.366426
4.315626
4.556024
4.377585
4.4082284
4.540906
4.1145425
4.0844355
4.1465573
4.080009
4.0960307
3.9612734
4.253011
4.270907
4.254293
4.2005033
4.221489
4.089859
4.109736
3.939761
4.0310783
4.075443
3.9975996
4.2947955
4.3783474
4.344516
4.638223
4.439062
4.1646013
4.21151
4.0570045
3.9345622
3.798256
4.0205793
4.016089
3.9143429
3.9795368
3.9702096
3.8098972
4.3108015
4.013602
4.054309
3.866032
4.0712185
3.978808
3.6904545
3.9072316
3.871352
3.7626135
3.7963336
3.9799886
3.8724902
4.0224986
3.8774505
4.030003
3.8456154
3.9755774
4.2167463
3.9486058
4.0224056
4.1091104
3.938957
3.9206314
3.9190123
3.9037664
3.7772174
4.157922
3.966505
4.1576743
4.1620255
4.366003
4.1722875
4.0874276
3.7244048
4.029883
3.768898
3.825327
3.841448
4.172463
4.300757
4.582033
4.9408674
4.5254436
4.2349634
4.005114
3.8762887
4.213361
3.6195443
3.866322
3.8730984
3.856417
4.019242
3.9470444
3.978577
3.919633
4.0437016
3.7141738
3.802665
3.706199
3.577012
3.794696
3.6657588
3.4595
3.62476
3.531116
3.5679524
3.7636304
3.7599375
3.8433263
3.7197964
3.992206
3.8506877
3.6755219
3.5966775
3.5729737
3.3478713
3.6566136
3.6487238
3.5419412
3.807311
3.8115354
4.0221324
4.0209427
3.8702588
3.7578459
3.8450913
3.6842165
3.6088946
3.559276
3.4022803
3.721458
3.7408128
3.527987
3.6489031
3.601522
3.580392
3.5815835
3.453726
3.4878435
3.5393004
3.7634878
3.5640154
3.8722591
3.8407414
3.8310764
3.6290615
3.5497894
3.787075
3.4224515
3.3567438
3.4997284
3.5137575
3.547989
3.565132
3.327774
3.4127088
3.548358
3.3183892
3.3604214
3.6442897
3.70116
3.6079888
3.713591
3.8411014
3.4849393
3.39723
3.3598278
3.2735403
3.4851325
3.51948
3.6379023
3.656483
3.5822773
3.532895
3.5371702
3.3124087
3.529845
3.4712913
3.738959
3.8085635
3.6171596
3.5586674
3.4252026
3.088002
3.2259588
3.6694522
3.3820584
3.4034214
3.5639393
3.3039818
3.5621057
3.348675
3.3510492
3.212502
3.1569703
3.1591618
3.0876336
3.3473206
3.2683196
3.2091553
3.0610783
3.104373
3.0059786
3.1314116
3.0697918
3.0673144
3.311192
3.3292658
3.1966255
3.1760867
3.10945
3.0970576
3.1599138
3.171333
3.2440002
3.216946
3.253628
3.0982184
3.1209505
3.1193163
2.893185
2.9326138
3.1052969
3.019079
3.1398742
3.1624005
3.4831495
3.1219726
3.1427305
3.0819504
2.915569
3.1048684
2.9861896
3.1514585
3.0864904
3.0762086
3.227706
3.0485568
3.1045
3.082159
3.007827
3.090025
3.0030355
3.0500104
3.117541
2.9751234
3.178526
3.0019474
2.9801044
2.973899
2.7978172
3.1825233
2.790828
2.9727657
3.012195
2.9184895
2.9008534
2.9061294
2.9091618
2.905379
3.2516649
3.0856755
2.9013715
2.8956082
3.027817
2.7464192
2.864664
3.1986108
3.0697174
2.9203815
3.0949774
2.9093542
2.9277833
2.9315114
2.79511
3.1511548
3.0549312
2.9071963
3.1411276
2.7923472
2.9681373
3.0039377
2.8046746
3.097259
2.8249395
2.8261762
3.0909266
2.7589924
2.7436073
2.8868356
2.9035957
2.8986623
3.0901651
3.5093014
2.7947392
3.1580794
3.0556052
2.8802655
3.4280727
2.9753306
2.833875
2.830863
2.8351924
2.7817187
2.764387
2.8846302
2.7319853
2.7559636
2.8921785
2.8676386
2.6998487
2.740535
2.722406
2.9403298
2.8086455
2.6919425
2.6562245
3.0284743
2.7024777
2.973062
2.6663444
2.6163752
2.7528632
2.5258815
2.706789
2.7633712
2.637759
2.469922
3.013146
2.6821024
2.646174
3.2551274
2.6396325
2.792171
2.7513125
2.6805
3.163763
2.828969
2.5844657
2.7495525
2.7826362
2.5480084
2.8045158
2.696531
2.7310817
2.6328704
2.6115158
2.709066
2.443656
2.4646256
2.6976693
2.5347984
2.5297613
2.548335
2.427936
2.525326
2.534755
2.3779938
2.4305627
2.7167094
2.55404
2.6896856
2.4495609
2.6215415
2.7298105
2.5674329
2.4855914
2.706753
2.4453647
2.6075375
2.8208923
2.9040096
3.0795195
2.7406476
2.6180916
2.7035685
2.4270606
2.413398
2.6938581
2.591545
2.4599354
2.427062
2.4038706
2.5700583
2.4993577
2.3960078
2.4703653
2.7491405
2.4021685
2.42912
2.4061482
2.4090095
2.4498513
2.3791454
2.1956482
2.2457507
2.846026
2.4393675
2.628709
2.597597
2.2828407
2.4479594
2.3375895
2.34443
2.3724844
2.6001635
2.6402528
2.5855556
2.4255304
2.5791774
2.3925047
2.3958886
2.671329
2.7576144
2.2525551
2.6654506
2.4695375
2.2504005
2.571635
2.4288538
2.4852724
2.3632514
2.3776536
2.3485196
2.2817335
2.3828547
2.2720854
2.3451004
2.3486798
2.340283
2.4761126
2.524926
2.4571216
2.4233298
2.3779194
2.3532948
2.6985762
2.3286395
2.5762343
2.5283651
2.5543995
2.2677684
2.7076576
2.5042088
2.3585732
2.4395554
2.6389084
2.2077298
2.3429465
2.7696655
2.3167386
2.4165096
2.4516265
2.4021256
2.4320183
2.384114
2.2933695
2.4274116
2.4271884
2.2934844
2.3788137
2.465614
2.2830245
2.2865565
2.3477483
2.316616
2.526164
2.401233
2.298659
2.2645874
2.339879
2.323605
2.434837
2.3201134
2.2037494
2.5307634
2.3961425
2.184809
2.5201874
2.2626276
2.293354
2.3926775
2.5992045
2.3070505
2.539866
2.3074825
2.1838212
2.421563
2.3594363
2.2665236
2.165324
2.530111
2.3059146
2.2003415
2.4228625
2.3035066
2.236821
2.3475533
2.1835809
2.476857
2.427283
2.307381
2.0875113
2.243233
2.3211882
2.290782
2.1756291
2.2244115
2.3466604
2.188507
2.2818916
2.3896172
2.1621306
2.1908014
2.2863092
2.3368785
2.3851109
2.456936
2.3135445
2.2931402
2.2048845
2.2667885
2.4184575
2.411233
2.465871
2.220921
2.453502
2.161643
2.2213771
2.3248248
2.2084997
2.261945
2.2032304
2.1889377
2.3232713
2.0964332
2.0674727
2.1034615
2.1585054
2.2501974
2.1821582
2.213928
2.1400301
2.126786
2.2646623
2.2120764
2.0857484
2.3628454
2.2223506
2.2869203
2.103599
2.1615734
2.1340063
2.337225
2.123106
2.2128704
2.1135795
2.1535902
2.3194554
2.1193063
2.1449573
2.2673035
2.146167
2.195114
2.240455
2.1969013
2.221894
2.235464
2.222025
2.283841
2.182837
2.1958678
2.0851636
2.3242865
2.306888
2.3099377
2.154399
2.3257096
2.0699036
2.2042024
2.1258373
2.372148
2.126836
2.072562
2.1266408
2.0573597
2.4127586
2.237891
2.2095184
2.3027048
2.1488695
2.080532
2.2675445
2.1902435
2.108866
2.1717553
2.304839
2.3219085
2.1228414
2.4270556
2.3608792
2.117904
2.091521
2.2505875
2.269349
2.2890482
2.330316
2.378835
2.1521375
2.1278958
2.359906
2.4440453
2.0301938
2.096361
2.693397
2.0300474
2.288254
2.429252
2.1762528
2.258188
2.127191
2.513602
2.594058
2.2160647
2.417663
2.3677905
2.129415
2.8766365
2.1159456
2.4744866
2.2249634
2.3857446
2.565679
2.0578854
2.2079623
2.0618296
2.3579962
2.0049884
2.3167405
2.0475361
2.304826
2.180429
2.3434935
2.237028
2.2632225
2.2842543
2.1495676
2.2461278
2.3130713
2.0704453
2.317438
2.2638824
2.1787376
2.1443605
2.0836513
2.1047962
2.264024
2.0490594
1.956558
2.2755256
1.9538122
2.1517045
2.0442495
2.0597582
2.0502324
2.196292
2.1507554
2.1259844
2.083376
1.995579
2.0442126
1.9840106
2.185458
2.071772
1.9772965
2.0155377
1.9214464
2.2307427
2.230712
1.976287
2.032692
2.123985
2.184905
2.115858
2.1660886
2.1450834
2.192848
2.1259797
2.0201583
2.0908327
2.1890204
1.9723935
2.1588187
2.268225
2.0876389
2.1009364
2.0267358
2.2391474
2.147141
2.1097505
2.0672739
2.137919
1.9830296
2.021313
2.1010742
2.1578178
2.280095
2.1737704
2.3669696
1.9956417
2.0104773
2.428493
1.8948027
2.148793
2.3717594
2.1588619
1.969957
2.2929964
2.0418637
2.072496
2.1688235
2.0478718
2.096807
2.3859549
2.0150628
1.935082
2.3525944
2.112962
2.0373156
2.3773153
2.2317204
2.5528963
1.9994193
2.1217062
2.1735885
1.9796828
2.2979994
2.0597305
1.966385
2.33631
2.0880773
2.341961
2.174185
2.0183089
2.289157
2.098548
2.3181503
2.2341535
2.4041805
2.345121
2.0576692
2.6777704
2.2216854
2.8498495
2.0466099
2.100302
2.6330218
2.0866232
2.081338
2.306822
2.089294
1.9378272
2.327833
2.3070288
2.1109035
2.1557157
2.0870056
1.9321352
2.2232132
1.9751076
1.9795808
2.1381707
2.1848555
1.9935834
2.0473359
2.0005405
1.9082335
2.0117857
2.0019546
2.0997534
2.1022778
1.9634378
1.9731305
2.0246618
2.010563
1.9805747
2.0010433
1.9362133
2.0883873
2.030321
1.978735
2.082542
2.04214
1.9786053
2.0051374
2.0248666
2.089271
2.0997083
2.1833544
1.9101051
1.9347973
16.281096
22.740507
23.970196
25.626352
26.127413
26.06268
25.544636
26.105242
25.61432
26.492329
26.578424
26.608135
26.948957
26.443832
25.880072
26.322344
27.402184
26.311428
26.906935
26.830812
25.736425
26.482458
26.491644
26.831234
26.72797
26.463158
26.290077
26.27589
26.528713
26.467585
26.77764
26.910244
26.472435
26.561335
26.238249
26.22883
26.625952
26.69643
26.31558
26.360178
26.42582
26.176922
26.58024
26.310188
26.45921
26.608051
26.609362
26.067236
25.886866
26.83165
26.34482
26.302391
27.037115
26.229437
26.13756
25.93532
25.94962
26.370043
26.626722
25.693785
26.630255
26.071411
25.940344
25.514645
26.410898
25.980211
25.926495
25.90514
25.99387
26.144354
25.932968
26.194916
25.60727
26.128296
25.822866
26.39876
25.350843
26.48984
25.721088
25.723885
25.713768
26.228067
25.860073
25.732857
26.078823
25.604176
25.770325
26.515095
25.826363
25.741678
25.792583
25.252811
25.493984
26.36099
24.956041
25.475788
25.615076
25.049812
25.353014
25.95356
25.53727
26.067772
25.895988
25.807924
25.726791
25.181408
26.517853
25.435513
25.290276
25.403177
24.822351
25.529383
25.247353
26.013866
25.559774
25.660175
25.467651
25.863598
25.806738
25.368885
25.128132
25.506016
25.008858
24.831516
25.124989
25.717941
25.36648
24.733292
25.630167
25.085888
25.3725
25.361378
25.259008
25.209352
25.426357
25.146088
25.019854
24.9853
24.956781
24.55357
25.099768
25.445152
24.48004
25.486124
24.9349
25.088375
25.265608
24.938103
24.973907
25.154224
24.829674
24.857664
25.1311
25.411673
25.40653
24.950243
24.825144
25.111555
24.243872
25.230927
25.135244
24.556896
25.036177
24.654564
25.220572
24.34599
24.187702
24.736076
24.118675
24.619244
24.297253
24.805836
25.117224
24.39554
24.506735
24.478949
24.280872
24.675816
24.93235
24.509281
24.816769
24.83137
24.293762
24.811028
24.065233
24.590548
24.44225
24.300468
24.111525
23.895458
23.520432
24.089788
24.592104
24.287395
23.93246
25.098597
24.967651
24.394123
24.374275
24.389832
24.121931
24.442223
24.39604
24.293905
23.592245
23.348843
24.354584
24.450678
24.24964
24.332447
24.135004
23.70964
24.257734
23.89944
24.180748
24.450806
24.038485
24.053408
23.964954
23.695646
24.038216
23.969992
23.79868
24.041012
23.269732
23.719412
23.267376
23.940517
23.719973
23.522194
24.00822
24.095787
24.032007
23.458656
24.135317
23.506878
23.894272
23.878014
24.315512
23.721952
23.00332
22.691357
24.381016
23.056244
24.070656
23.556034
23.458752
23.583206
23.256262
24.025135
23.602774
24.194342
23.583153
23.861113
23.642231
23.872591
23.171518
23.133593
23.413792
23.231632
23.350216
23.88209
22.654804
23.5495
23.58784
22.944607
24.048975
24.241964
22.958683
22.910564
23.392042
23.007904
23.50065
23.070433
22.474705
22.80454
22.916462
23.17045
23.052277
23.576012
22.7106
23.129326
22.493088
23.04892
22.974913
23.027384
22.453463
22.89943
22.5545
22.724123
22.886284
22.245108
22.994812
23.042887
22.337635
22.419935
22.662657
22.620396
22.088478
22.087324
22.548693
22.169327
22.603134
21.926508
21.857084
21.720877
21.81147
21.445316
22.527002
21.957392
22.583467
21.888386
22.196432
22.26819
22.747765
22.358324
21.988768
21.706669
21.97068
22.011917
22.714365
22.033947
21.672955
21.934092
21.884708
22.11194
21.78356
21.7179
22.091356
22.353954
21.3653
21.66685
21.761343
21.668865
21.604443
21.479893
21.920336
20.743233
21.263084
21.232351
21.360416
21.347006
20.982922
20.780085
20.93286
21.726133
21.259893
21.474253
20.344023
21.149471
20.702196
20.87244
21.420292
20.289564
21.318556
20.974607
20.433842
20.347525
20.81094
20.690409
20.604725
20.814348
20.935684
20.730831
20.64268
20.794592
19.857204
20.437449
20.32706
19.568432
20.02242
19.975264
20.207262
20.416948
20.567171
20.5125
19.567005
19.796432
19.35094
19.776651
20.113684
19.314196
20.025461
20.047384
19.58514
19.78546
19.890032
19.496511
19.78679
18.979958
18.795567
19.760292
19.699438
19.604729
19.0038
18.37886
18.91379
19.184551
19.03866
18.859306
18.618027
18.890436
18.094484
18.016947
18.250053
18.153332
18.772915
18.266026
18.048212
17.93239
18.48106
17.296701
18.357985
18.210419
17.445965
17.850508
18.700695
17.522455
17.78531
17.649328
17.989063
17.043688
17.152792
17.193949
17.613682
17.391296
17.132454
17.307148
16.745049
16.697342
16.493715
16.794348
17.061972
16.107145
16.223118
16.382439
16.294197
15.949944
15.9713335
15.599763
15.839424
15.613805
15.583266
15.426652
15.508658
15.196586
14.414376
14.700244
14.544287
15.089612
14.083317
14.562534
14.89499
14.30467
14.320882
14.41899
14.893993
14.363751
14.201086
14.355575
14.054367
14.757115
13.603274
13.561876
14.051046
14.384122
13.583102
13.852621
13.13908
13.539044
13.45292
13.486952
13.399904
14.195469
13.498438
14.044096
13.12303
13.026108
13.439227
12.9822855
13.40081
12.978428
12.981553
12.798556
13.083769
12.763264
12.596103
13.151714
12.809036
13.081395
13.501458
13.085322
13.000749
13.338159
12.5982
12.5074
13.06237
12.84258
12.430321
12.39968
12.008412
12.885669
12.768521
11.920256
12.574136
12.279224
12.26771
12.724221
12.149421
12.855875
12.523044
12.048807
12.027614
12.843338
12.293
12.665384
11.99488
12.294025
12.028717
12.401203
12.440811
11.861998
12.432317
12.029645
12.571455
12.239608
12.114809
12.096413
12.015887
12.106411
12.084544
11.815702
12.03699
11.955032
12.218176
12.072956
11.938714
12.322208
11.881552
11.32489
12.348638
11.835693
11.505543
11.848098
11.66763
11.838452
11.737388
11.533328
12.001335
11.670598
11.978
11.937853
11.880261
11.829688
12.013367
11.585654
11.197492
11.368937
11.703548
12.062352
11.705332
11.627302
11.621691
12.299099
11.960234
11.435051
11.469196
11.202972
11.847697
11.039164
11.322174
11.765826
11.324176
11.112215
11.69016
11.08991
10.284804
11.869424
11.177186
11.362291
10.954125
11.347963
11.044248
10.995829
11.021008
11.030344
11.133705
11.252123
10.816101
11.235313
11.354724
11.043338
11.155358
11.046276
11.034626
10.600702
10.369117
11.130693
10.86461
11.185963
10.7888
10.714844
10.56198
11.628114
10.29195
11.027546
10.696524
10.773112
10.95689
10.588238
10.9146385
10.328174
10.688394
10.64597
10.840536
10.341322
10.606892
10.321372
10.683566
11.131775
10.598925
10.643203
10.523089
10.559904
10.6284275
10.411814
10.566064
9.984329
10.497536
10.279238
10.354912
10.8565235
10.560084
10.6887
10.753238
10.275072
10.105656
9.674058
10.350841
10.20946
10.196762
10.813714
9.880555
10.123592
9.854988
10.280215
9.775498
10.251438
10.324629
10.135854
9.860077
9.897586
9.406742
10.243453
10.073296
9.638079
9.784872
9.761917
10.076555
9.823889
10.107767
9.841143
9.844723
9.509908
9.714658
9.421858
9.8575115
9.8872175
9.977765
9.409644
9.721188
9.759653
9.587346
9.677674
9.446397
9.721426
9.648838
10.376609
9.44819
9.51942
9.369908
9.402139
9.436669
9.366616
8.934682
9.284258
8.875606
9.604681
8.953564
8.730194
9.307719
9.24336
9.629746
9.010551
9.132858
8.914901
9.20171
8.539014
9.123394
9.109576
9.041023
8.861804
9.101644
8.74704
8.514817
8.402988
8.347917
8.44494
8.66179
8.06785
8.452731
8.125294
8.422533
8.339255
8.36423
7.969116
7.9859543
7.75244
8.3446865
7.861574
8.395618
7.837238
7.827296
7.574627
7.997978
7.987692
7.460565
7.466167
7.571828
7.1373844
7.609503
7.444628
7.474756
6.968066
7.253605
7.103244
7.157182
7.153453
6.814577
7.1933
7.000705
6.660851
6.875146
7.116327
7.2114835
6.612464
6.2983494
6.382294
6.1399784
6.1128144
6.105813
6.283323
6.02579
6.2852654
5.92884
6.063863
5.8895044
5.628199
5.821648
5.723952
5.5281606
5.5901423
5.3809013
5.275776
5.561905
5.4663606
5.5164948
5.4830914
4.9906116
4.935326
5.0427794
4.850655
4.744855
4.544246
4.686764
4.525853
4.5612707
4.562807
4.677004
4.373073
4.5160103
4.2830524
4.29209
4.1270876
4.145699
4.083259
3.9328222
4.124594
4.0659566
3.930562
3.9304128
3.735285
3.7445095
3.8427274
3.718785
3.8544915
3.6959481
3.674028
3.563885
3.7428465
3.406336
3.3936296
3.4179308
3.4740825
3.3529892
3.3763847
3.3248172
3.1923053
3.2756405
3.228887
3.3022046
3.2622595
3.1177113
3.2920265
3.072574
3.1430786
3.1566956
3.0200064
2.9849985
3.001685
3.040671
3.1318016
2.929292
2.9903815
2.8986702
2.8382666
2.9339836
2.889758
2.946362
2.7206814
2.934392
2.776411
2.870666
2.8694825
2.9552073
2.8890865
2.6066768
2.7446856
2.7998698
2.8270755
2.684146
2.840565
2.7656698
2.6081243
2.7574716
2.6678212
2.632804
2.6576736
2.5688531
2.8976085
2.705346
2.8079324
2.7133706
2.6643016
2.4959779
2.6507554
2.679825
2.6110365
2.471127
2.4616978
2.5405211
2.6288564
2.682957
2.5977914
2.6116722
2.6683714
2.4819992
2.6171012
2.4395056
2.5016508
2.5509894
2.431366
2.517259
2.489754
2.5809038
2.5532756
2.4240692
2.508422
2.436033
2.4872396
2.383864
2.5016005
2.3823671
2.4982896
2.4173515
2.3241742
2.511243
2.509446
2.3663194
2.500829
2.4427774
2.560403
2.502885
2.475993
2.4515474
2.2543266
2.583878
2.560244
2.4660182
2.4252195
2.4232807
2.4111834
2.4636037
2.5793896
2.4602056
2.3861485
2.411487
2.341125
2.557207
2.4883885
2.3995454
2.519852
2.251002
2.4663625
2.522707
2.277528
2.3134553
2.3884134
2.3396378
2.5155
2.3260255
2.446343
2.3201745
2.3486414
2.354736
2.3221614
2.3093746
2.4780169
2.2562463
2.2696772
2.314331
2.2470415
2.616501
2.511748
2.5221155
2.272098
2.2400486
2.469996
2.4949625
2.24536
2.4712367
2.393434
2.4273863
2.4855726
2.426777
2.4252656
2.3949273
2.3731031
2.4375136
2.5759542
2.39827
2.4320192
2.5193636
2.4388542
2.4804523
2.5153635
2.3355334
2.441407
2.3520253
2.3809817
2.4794345
2.394405
2.2237182
2.3483224
2.450976
2.3908477
2.3534575
2.247613
2.397961
2.405137
2.3481603
2.2991712
2.44513
2.2436905
2.3051245
2.2470584
2.3166692
2.2360308
2.3992555
2.3505905
2.427402
2.4623682
2.427073
2.2134576
2.3160782
2.2739065
2.2169905
2.4865124
2.321939
2.4708195
2.6181672
2.2981734
2.2182977
2.2895424
2.3523788
2.330229
2.2647285
2.127986
2.3421323
2.393377
2.238096
2.426472
2.2568
2.2651093
2.3795185
2.3023245
2.271964
2.598623
2.3460455
2.3080213
2.3215928
2.5475647
2.3385096
2.320368
2.287973
2.3807604
2.3125143
2.3391554
2.4591823
2.3248498
2.2576585
2.1859097
2.4781046
2.2291865
2.2467625
2.151359
2.319139
2.3004746
2.3295715
2.3932846
2.294632
2.192642
2.3511496
2.3960476
2.2362442
2.31958
2.3876805
2.4114628
2.3263402
2.2508404
2.4070752
2.1707644
2.4125407
2.3548272
2.2403598
2.3652155
2.2248447
2.3437378
2.3975925
2.276251
2.3600323
2.3219478
2.3895311
2.2551541
2.27959
2.344704
2.3583472
2.337065
2.3888252
2.279025
2.2255623
2.2021616
2.370873
2.3190274
2.177078
2.3212547
2.2907126
2.3290374
2.201305
2.266878
2.16296
2.4340115
2.2278414
2.281899
2.5086434
2.493453
2.2496727
2.260725
2.2630162
2.2925885
2.277018
2.2732105
2.187824
2.3576977
2.3196714
2.1913419
2.169473
2.1414256
2.224231
2.1785724
2.347995
2.436479
2.307123
2.3602405
2.314877
2.381596
2.328567
2.2358325
2.47631
2.328868
2.2432582
2.1875646
2.3286748
2.3885193
2.3741436
2.4367726
2.1464481
2.1695316
2.353942
2.351112
2.2024777
2.3020365
2.3418307
2.3433423
2.3502054
2.3206587
2.3600564
2.204251
2.2401175
2.2157524
2.328051
2.3068898
2.4123268
2.300785
2.285805
2.2285366
2.3131921
2.3348894
2.429544
2.2823462
2.3477998
2.3009613
2.399598
2.1931388
2.3927324
2.3710165
2.1161623
2.3680024
2.2764592
2.337976
2.2283375
2.2404022
2.2276
2.245723
2.0882165
2.2474484
2.2878075
2.2452774
2.390704
2.1546814
2.3432887
2.2754965
2.2852056
2.141775
2.3006248
2.3236766
2.3285306
2.213307
2.2176156
2.2018576
2.4234655
2.2782605
2.393683
2.1299615
2.3170452
2.223524
2.151726
2.3241165
2.5180488
2.147706
2.1826742
2.3630672
2.192364
2.1972046
2.3939342
2.358116
2.1692321
2.2845078
2.230735
2.2067175
2.2541056
2.1883292
2.281083
2.2288415
2.2411323
2.3486552
2.213247
2.443404
2.400402
2.233488
2.292794
2.2198734
2.3705077
2.2878096
2.4104745
2.2303643
2.212154
2.0806699
2.3204925
2.25629
2.280445
2.124768
2.254337
2.1657665
2.2678626
2.2006073
2.2295434
2.0902083
2.108581
2.134112
2.065768
2.3210764
2.233754
2.3568127
2.2709506
2.3535113
2.3767745
2.1721747
2.312769
2.2889745
2.1587949
2.0620546
2.213706
2.148162
2.1652405
2.0712554
2.1757734
2.1573372
2.2478461
2.2559614
2.224003
2.1792371
2.293273
2.3076942
2.280602
2.2208104
2.0660977
2.2972493
2.2241347
2.2119865
2.16786
2.2208066
2.2443824
2.1151824
2.1428206
2.3343096
2.2152715
2.1593487
2.181954
2.1945384
2.155477
2.0464516
2.2915964
2.358041
2.1707761
2.0527582
2.231993
2.2820075
2.047636
2.3237715
2.29525
2.301379
2.232984
2.3028522
2.2342334
2.1707256
2.1876855
2.2177384
2.2737694
2.201802
2.1856723
2.135613
2.1382358
2.346555
2.1102445
2.152834
2.2500625
2.2582042
2.2771463
2.0412884
2.2992918
2.2147105
2.1884174
2.390521
2.2268155
2.2590117
2.2268074
2.0887485
2.1583855
2.1858988
2.3370476
2.0929632
2.1444676
2.1570034
2.300854
2.1950958
2.1943877
2.0223644
2.2946568
2.1592548
2.2667384
2.295018
2.1480982
2.1472418
2.1521125
2.2745326
2.2206862
2.204846
2.2907844
2.186002
2.2039423
2.2423894
2.1055927
2.3555279
2.193577
2.2261546
2.063611
2.1366348
2.1882124
2.0888984
2.1897225
2.2403927
2.102932
2.191862
2.0432088
2.158884
2.1119163
2.2015238
2.1038437
2.125643
2.26099
2.209882
2.2177742
2.18759
2.3438666
2.179791
2.200343
2.2211769
2.1245172
2.0270789
2.0785272
2.2303114
2.15003
2.1386027
2.014365
2.0231657
2.385579
2.1425276
2.2969205
2.0625944
2.2312913
2.119004
2.2104845
2.208453
2.1251724
2.113733
2.2227604
2.07639
2.2312212
2.325715
2.243099
2.2043087
2.2387335
2.2744153
2.3025224
2.1772501
2.0572798
2.1512024
2.201147
2.0266073
2.26221
2.146178
2.216525
2.144947
2.0907044
2.070213
2.2438295
2.1474915
2.0619392
2.2846968
2.0642042
2.1311615
2.1374745
2.3284209
2.1002445
2.079689
2.11535
2.0805962
2.1664116
2.166684
2.1292968
2.095954
2.0930195
2.256293
2.1076217
2.0205417
1.9924412
2.1131225
2.2048447
2.1901958
2.0787082
2.2107606
2.1673121
2.064024
2.2293952
2.419236
2.1114206
2.2424304
2.2755172
2.111891
2.0771253
2.0368254
2.1381307
2.118563
2.127674
2.047072
2.1891873
2.1777878
2.0648415
2.1114306
2.0372531
2.14728
2.0815527
1.9480045
2.1442955
2.176857
2.0573723
2.090893
2.1151085
2.146554
2.1681387
2.0527463
2.0423005
2.0369494
2.0433965
2.1489146
2.1413364
2.2460067
2.1290228
2.0904953
2.0602584
1.9658443
2.1581805
2.0328531
1.9842968
2.1755133
2.0725038
2.0833032
2.0631146
2.0613346
2.130332
2.1330514
2.146933
1.9974338
2.140342
2.1812596
2.014728
2.224016
1.9707673
2.083218
2.0364366
2.0304615
2.083326
2.2210646
1.9698588
2.1295457
2.1879396
2.0703104
2.125512
2.0120058
2.0157523
2.0399911
2.081873
2.014459
2.3836956
2.009879
2.1849532
2.1475954
2.1430185
2.0379376
2.2237499
2.139855
2.1425765
2.173205
2.0690694
2.0806277
2.228333
2.0504227
2.0934255
2.202956
2.1320043
2.1605034
2.0919456
2.1516514
2.178168
2.0258613
2.1318595
2.0490072
2.0083203
2.2363558
2.1187036
2.130767
2.0088243
2.225535
2.099764
2.0730994
2.1065495
2.0764508
2.147214
2.301669
2.211539
2.111474
2.0862584
1.9890332
2.153357
2.296443
2.14195
2.1722558
2.1395617
2.154657
2.2804084
2.0482354
2.2115798
2.0952885
2.0536118
2.1341972
2.1791656
2.0551374
2.0371447
2.090947
1.9912192
2.156325
2.1367915
2.1444507
2.1581907
2.1407635
2.111262
2.0595865
2.0185812
2.0700476
2.1461155
2.14506
2.2039227
2.1045945
2.164562
2.1786757
2.0186658
1.9410211
2.1041915
2.0598476
2.0973902
2.173106
2.1591027
2.1085253
2.0365908
2.0671313
2.0920944
2.0727508
1.9893029
2.1117704
2.004599
2.1197865
1.9490137
2.0080907
2.1212418
2.134164
2.1442902
2.1927922
2.1263866
2.1150203
2.0569854
2.0936067
2.2974975
2.102842
2.118819
2.0305033
2.0346746
2.3539894
2.1041965
2.0323393
2.1075144
2.0364954
2.0418663
2.098626
1.9983946
1.92624
2.1685603
2.0439665
2.18789
2.1975684
2.0570667
2.0924067
2.1284666
2.173164
2.0942955
2.1371639
2.1051865
2.1632068
2.0328753
2.044973
2.175636
2.1216743
1.987697
2.0212233
2.167321
2.201999
2.114346
2.0731618
2.1628096
2.0251062
2.024714
2.041852
2.0063207
2.221661
2.1027079
2.078073
2.1541917
2.0345013
2.0122156
2.136102
1.9407301
2.034298
2.033035
2.1120737
2.0644228
2.0516107
2.0744543
2.1172318
2.069477
2.1013353
2.119321
2.0864713
2.046257
2.0385284
1.9839454
1.9925945
2.163375
2.081537
2.124647
2.141136
1.9842649
2.1412015
2.0292385
2.2205625
2.0459633
2.0469027
2.089708
2.0040975
1.9374255
2.1028993
2.0748808
2.049575
2.151139
1.9288895
2.101839
2.07054
2.167409
2.047223
2.092242
2.1226187
2.1028578
2.1036074
1.9575357
2.1020308
2.0621724
2.0718925
2.1601543
2.0548596
1.9877753
2.1417375
2.228177
2.1033678
2.1021752
2.0861123
2.005875
1.9710268
2.0484698
1.9575021
2.052795
2.16974
2.1249907
2.058936
1.9477317
2.0004656
2.10173
2.0612395
2.049576
2.1002238
2.0584764
2.0650504
2.0076232
2.0016036
2.0881946
2.1110902
2.0547748
2.0662282
2.043814
2.1956098
1.977929
1.9248024
2.0291188
2.1843257
1.9020547
2.0284734
1.991034
2.2443862
1.9023473
2.1711075
2.2321074
2.1234474
2.0082464
2.0527732
2.114912
2.0192375
2.1305578
2.1822636
2.107432
2.0550964
2.0417507
2.1500535
2.0856068
2.1882524
2.0025008
2.1724977
2.067637
2.0532799
2.0934596
2.0372913
2.293643
2.113872
2.1544614
2.047946
1.9324201
2.0446594
2.0131931
2.024032
1.8963003
1.9911765
2.0676675
2.1503565
2.1061854
2.1776817
1.9706203
2.0586953
1.9728397
2.0354521
2.0170283
1.8918192
2.0151172
2.0713031
1.919745
2.0971565
1.9952207
2.0123045
2.0558412
2.0544908
1.9444122
2.037892
2.017791
1.9427121
2.150047
1.8661441
2.0329826
1.8519192
1.9850621
1.9600095
1.9896393
1.8930618
1.8745606
2.0881321
2.0426755
2.0717196
2.0946057
1.872137
2.1155672
1.9706215
1.9834679
1.9841537
1.9353068
2.101357
2.0691123
1.9455442
1.987936
2.0280008
2.055802
2.0775166
2.0219593
2.0980618
2.141697
1.9948028
1.9337978
2.1075141
1.959795
2.0430975
1.9871923
2.0250263
1.964397
2.0351067
2.0201764
2.0872097
2.062046
1.982553
1.9677693
2.0309138
2.0371096
2.0881426
2.0652514
1.947279
1.9185842
2.0011933
2.1118631
2.0340514
2.099662
2.1958468
2.0651462
1.9635884
1.9261552
2.0260496
1.9077046
1.9228029
2.0873904
1.89416
2.08873
1.9273062
1.9452449
1.8934067
1.976756
1.9362524
1.918835
1.9998233
2.027286
2.1786475
2.0261724
2.03833
2.1293936
2.073973
2.0720243
1.9913046
1.9773593
2.1070914
2.1391737
2.1337905
2.076329
1.9155297
2.0253649
2.0406332
2.0134776
1.9595115
2.0507855
2.1177611
1.9362848
2.0330255
2.0168562
1.9128296
2.0915973
2.0310996
2.0915756
1.9939669
2.0681388
2.1125298
1.9444988
1.976073
2.0707026
1.9456753
1.9016355
1.9444035
2.047641
1.946907
1.9266177
1.9965811
2.0860195
2.0655112
1.9800708
1.8868587
2.10321
1.9032222
2.015576
2.260287
2.0429757
1.9509852
1.9868872
1.9842887
1.9254322
2.0474877
2.0133436
1.9484867
2.1702945
1.9483688
2.045183
2.0051224
1.9743712
1.9081672
1.981628
1.9683069
1.9906468
2.1335726
1.9699429
1.9465119
1.9144351
1.9116908
2.033531
1.9156035
2.0665326
1.892969
2.0161738
2.0747132
1.9733187
2.0113018
1.9590486
2.0797064
1.991251
1.9710414
2.02866
2.0407302
2.0543907
2.02227
1.8411105
1.9181944
2.0529165
1.9852359
1.9357817
1.9742963
2.1239858
1.9683727
1.9734554
1.92807
2.0278418
1.9555186
2.0685518
1.8971616
2.008846
2.0098917
1.9251668
2.0339541
1.9262816
1.892326
2.0660634
2.447543
2.4368618
2.432018
2.222493
1.9658661
1.986704
2.1160254
2.0631638
2.1936176
2.0662873
2.2238927
2.0658855
2.0860734
2.0706258
2.0679061
1.9795897
2.2396996
1.9606417
1.985193
1.9614228
1.9367793
2.149026
2.1619878
2.068828
2.1351511
1.9848797
2.057624
2.0357292
1.8932121
1.8929259
2.0351648
1.9820386
1.9865677
1.983687
1.9247395
1.9633683
1.9739054
1.924284
2.0043025
1.8646523
1.9339885
1.8300165
1.8593341
2.0261219
2.1541588
1.9929835
1.968782
2.1109145
1.8495947
1.900481
1.844529
1.9927617
1.870253
1.983485
1.8552486
1.950712
1.8925639
2.0366085
1.9177927
1.9024982
1.929901
2.1289816
1.972001
1.8263258
2.0140698
1.9036645
1.97087
1.8866575
1.8339387
1.9627912
2.0456815
1.9411616
1.987928
2.0704117
1.9122354
1.9878966
1.9254185
2.0142353
2.0351515
1.93669
1.9453465
1.8213798
1.9606723
1.9735329
2.1017106
2.0785809
1.9855144
1.9842491
1.9050425
2.0889819
1.9950442
2.0780394
1.9310155
1.9744033
2.060055
1.9324168
1.9535272
2.0283952
1.9399135
1.9706436
1.9292053
1.867334
1.9938071
1.9813267
1.919025
1.8968456
1.9127584
1.9529333
1.8966495
1.967411
1.9406787
1.9362944
1.9038335
2.0596726
1.8206848
1.962765
1.8159505
1.9926531
1.9981165
2.0073583
1.9026585
1.937082
1.9942522
1.858304
1.906628
2.1240191
1.9992231
2.0241742
1.9522327
2.0997925
2.0351458
1.8838677
2.0294664
2.0271513
2.0103178
2.0018198
2.0004854
1.8765875
2.0797024
2.097378
1.8854254
1.9930009
2.008528
1.972142
1.9950335
1.9729482
1.9332741
2.0928502
1.8643777
1.9306837
2.0902178
1.9726768
1.9223114
1.8931568
2.0302932
1.9596467
1.9494301
1.9108088
2.00445
2.042657
1.9181558
1.9337876
1.9153302
2.0032687
2.0029814
2.0293577
1.9723343
2.04291
1.9711624
1.8535458
1.9916155
1.898483
1.8132281
1.926795
1.9408042
1.8736806
1.9455634
1.9776691
1.9898658
1.9914244
1.89779
1.985969
1.9470202
1.8688632
1.8367677
1.9284809
1.9119605
1.8710034
1.956721
1.9226182
1.8747088
1.9655826
1.9859717
1.8901125
1.838389
2.06244
1.928142
1.9722137
2.024308
1.9879433
2.0060406
2.0625656
1.8881723
1.9966245
1.9274795
1.922378
1.94276
1.9893796
1.9436071
2.004876
1.8978897
1.9099536
2.044116
1.905952
2.006376
1.9660362
1.863121
2.0102515
1.8783673
1.9017241
1.8463585
1.9498463
1.9899169
1.949913
1.8354197
1.9609592
1.8303435
2.1083972
1.9147315
1.9364797
1.9587015
1.9766587
2.091883
1.8749232
1.9482276
1.8828595
1.9270978
1.9704077
2.1103702
1.9001179
1.9095337
1.8725599
1.909066
1.9222802
2.0480244
1.945289
1.8401612
1.9576472
1.9548728
1.9221864
2.0654879
1.9379443
2.044111
1.9987962
1.8727753
1.9571637
1.9984478
1.8829405
1.9088404
1.9346098
1.9572347
1.893612
1.8542057
1.9208945
1.889271
1.874323
1.8204789
1.9960065
2.0612013
2.0182192
1.83108
1.9143853
1.964255
1.8387507
1.928974
2.0676146
2.017783
1.8786802
1.9862485
1.8701843
1.8463303
1.9887303
1.9181895
1.9080993
1.9964827
1.9078937
1.8608458
1.9142172
1.9661677
1.8469622
1.8529499
1.924318
1.9875801
1.9273913
1.933317
1.954633
1.9484215
1.9092431
1.9283092
1.849344
1.8729366
1.8805952
1.898457
1.7977154
1.8676565
1.8929286
1.8227301
1.8969598
1.9129106
2.0096014
1.8782673
1.9843442
1.8157365
1.8240515
1.9163045
1.8893825
1.9340137
1.852904
1.8885723
2.2602
1.9236404
1.8809881
1.9195807
1.9618162
1.8785645
1.9367898
1.8660659
1.9093254
1.8893656
1.902239
1.9014095
1.7510138
1.8679711
1.8272678
1.8559144
1.903811
2.1093905
1.9790238
2.068819
2.034842
1.9072231
2.0487182
1.9823283
1.8198119
1.9337711
1.9137745
2.0203629
1.9030161
1.944201
2.0224457
1.8947171
1.927718
1.8471518
1.8742148
1.8700883
1.902944
1.8234868
1.8724575
1.8625507
1.8214614
1.8992848
1.9642351
1.8795612
1.9080176
1.8995153
1.916059
1.86476
1.8004618
1.9978105
1.8764356
1.8315753
1.909156
1.9080285
1.9684243
1.82687
1.8838375
1.9788523
1.8670093
1.942542
1.9227017
1.9728351
1.9255263
1.9774433
1.817717
1.9997423
2.0257185
1.9420964
1.9008342
1.9058508
2.0615232
1.9304048
1.8206007
1.8427919
1.8462868
1.9097383
1.9280772
2.0515988
1.8436365
1.799701
1.8953803
2.0416505
1.9303261
1.8075554
1.8501958
2.0519242
2.0065155
1.9471275
1.8810397
1.8925623
2.0326018
1.9609684
1.890517
2.0461636
2.0142515
1.9402674
1.9333668
1.9948452
1.8972355
1.9586885
1.871257
1.877666
1.956346
1.906808
1.9057692
1.9753095
2.0380664
1.8970014
2.0042155
1.8279656
1.862655
1.8697848
1.8984393
1.9004468
1.9988538
1.8698918
1.8731555
1.8954945
1.9434137
2.0166662
1.9482275
1.8153528
1.8182348
1.8586488
2.0008497
1.9042273
1.7866385
1.9633754
1.9229232
1.8102778
1.86483
1.9943817
1.8669318
1.8012092
1.881019
1.8900816
1.8539206
1.870082
1.8888965
1.8656412
1.9003373
1.9155372
1.8300235
1.8944162
1.8760005
1.80774
1.8666193
1.811394
1.9262662
1.862381
1.8239039
1.8167531
1.933623
1.850598
1.8124259
1.897606
2.029963
1.9056948
2.0347602
1.8814583
1.9135581
1.7948668
1.8167444
1.8888607
1.8295141
1.873473
1.9169412
1.8971905
1.8423623
1.864958
1.9487914
1.8766154
1.8644347
1.8428787
1.8626169
1.959144
1.7846141
1.8520832
1.9257683
1.8865714
1.954857
1.895504
1.8588713
1.8177307
1.8476453
1.9987831
1.8287013
1.8305185
1.8755288
1.904103
1.8327588
1.8924254
1.8666077
1.8952632
2.0235646
1.7933055
1.8783865
1.9284685
1.8858593
1.8079807
1.818278
1.8964725
1.851904
2.001142
1.8589216
1.975036
1.7806607
1.9069611
1.9084909
2.0447605
1.8647941
1.8805294
1.884732
1.8602427
1.8596725
1.9127624
1.8239733
1.9298358
1.795388
1.9434365
1.8198966
1.9364426
1.9051751
1.8695235
1.9102098
1.8772798
1.833929
1.9744754
1.8827525
1.8766404
1.8227009
1.8748626
1.8869253
1.8542516
1.9941583
1.8690425
1.9007123
1.9335792
1.9632245
1.832846
1.8518202
1.9825929
1.9455398
1.8847346
1.8388863
1.9217923
1.8789376
1.9308802
1.8440816
1.8029587
1.7772398
1.853292
1.8705423
2.0130606
1.8980994
1.8948096
1.8465921
1.8153702
1.7799593
1.9291137
1.8191078
1.874509
1.8577567
1.8150755
1.813011
1.8265162
1.8304412
1.8306764
1.8343889
1.8984637
1.9199313
1.9041917
1.9888538
1.7659284
1.9922175
1.8955947
1.9234225
1.879056
1.8136739
1.8925508
1.8803252
1.7527579
1.858182
1.7781966
1.9301653
1.8651577
1.9555335
1.8561068
1.8928528
1.8707584
1.965232
1.8749985
1.828524
1.9337041
1.868903
1.902874
1.7947563
1.8462541
1.852842
1.8164454
1.8740761
1.8556094
1.8971084
1.9505751
1.8931283
1.9259001
1.7217325
1.9021177
1.968305
1.8554986
1.9072313
1.84291
1.9608543
1.8425742
2.0174863
1.839518
1.8545799
1.8127774
1.8741113
1.9000193
1.8961854
1.8034116
2.0371275
1.8517122
1.8392663
1.9660864
1.8116535
1.8148046
1.9020461
1.8784997
1.8759737
1.7546047
1.8390135
1.890687
1.841767
1.8112466
1.8723876
2.044015
1.8310786
1.8166049
1.8763669
1.8503962
1.8138378
1.854686
1.8451935
1.8627965
1.8077195
1.8587123
1.7441779
1.849774
1.8327554
1.9259973
1.7792791
1.8293376
1.9633726
1.8428183
2.0304134
1.867057
1.897941
1.862353
1.9277505
1.8949575
2.11368
1.8307393
1.75307
1.8340459
1.8849936
1.8567635
1.8594443
1.849228
1.8087127
1.833777
1.8049418
1.9317257
1.9240776
1.8369361
1.9272428
1.8630341
1.8246341
1.7878755
1.8358612
1.8978913
1.8892345
1.7621315
1.8001236
1.8591429
1.9035966
1.9263387
1.9618685
1.8680475
1.8384548
1.9368927
1.8678666
1.7741423
1.8080833
1.8411717
1.9172415
1.8479348
1.8606105
1.8348588
1.8887316
1.9047619
1.812884
1.871829
1.8375068
1.9342889
1.8276244
1.7890623
1.798635
1.7936647
1.8245877
1.8955238
1.9060035
1.942557
1.8248602
1.8321422
1.7677851
1.8766078
1.8300664
1.9203322
1.7938375
1.8706712
1.8034317
1.8904277
1.80682
1.9607644
1.845958
1.9244363
1.8305643
1.8439082
1.9350152
1.9175887
1.7218919
1.8251806
1.7577605
1.9614962
1.828564
1.8116071
1.812316
1.9678059
1.85801
1.897375
1.9895223
1.8097903
1.7769313
1.9443357
1.8322136
1.8705918
1.8376627
1.8208873
1.7846073
1.8652055
1.7900966
1.9291221
1.8892286
1.8920431
1.7617817
1.8421897
1.926934
1.762757
1.8659793
1.8767854
1.9154975
1.8594521
1.8138949
1.799174
2.0027435
1.8517207
1.8872769
1.8681769
1.8804188
1.9215654
1.8135225
1.8661963
1.8558383
1.8189639
1.8447393
1.9118632
1.9258945
1.8949448
1.7902985
1.7650675
1.8256997
1.8461385
1.8190546
1.8056427
1.832796
1.8833476
1.8291243
1.7848326
1.831849
1.9146129
1.788536
1.8734254
1.7210573
1.815889
1.8437388
1.8262378
1.7155688
1.8505957
1.915139
1.7959013
1.7589804
1.7925175
1.9148573
1.7974919
1.9412367
1.8018024
1.8055693
1.898367
1.8561885
1.920292
1.9484757
1.9645152
1.8082339
1.8742301
1.844838
1.8608814
1.8989246
1.9180038
1.8984534
1.8632512
1.7377825
1.7964855
1.807053
1.7481742
1.8106192
1.7916276
1.7647895
1.9708565
1.9528832
1.7956054
1.8075173
1.7818758
1.836141
1.9928471
1.8648142
1.856083
1.8192025
1.8519938
1.8827094
1.8941251
1.7636085
1.7890987
1.8582307
1.9399607
1.8048345
1.8274182
1.738557
1.720498
1.723362
1.8333962
1.8453634
1.7892544
1.844798
1.9118037
1.8374788
1.8053428
1.8057268
1.7578392
1.7517016
1.789405
1.7705058
1.797677
1.7953022
1.8037428
1.9055488
1.7881612
1.9174845
1.7348553
1.7437917
1.9704239
1.8611287
1.7805468
1.726137
1.8513874
1.8901598
1.8407404
1.7362252
1.7826649
1.9139631
1.9220074
1.823574
1.8030456
1.8546054
1.9201895
1.849474
1.8976914
1.7597733
1.7778113
1.8376111
1.8470316
1.8320547
1.8261791
1.8016897
1.829029
1.7855121
1.728037
1.9236516
1.8526689
1.8419759
1.817263
1.9213572
1.9141649
1.7398443
1.7995441
1.747743
1.7840477
1.8314779
1.9115821
1.8152541
1.9482582
1.7928913
1.8515502
1.8937882
1.825724
1.884238
1.9405597
1.8380767
1.8463665
1.734268
1.7440376
1.8131351
1.7765596
1.7947048
1.861311
1.7517862
1.9362419
1.8964947
1.7671367
1.957023
1.856697
1.8217237
1.8828307
1.8490522
1.7678032
1.8545332
1.8461605
1.7968283
1.778925
1.8167366
1.8249524
1.8085625
1.877437
1.7413613
1.7674555
1.7682129
1.8858533
1.7869823
1.7609873
1.7626295
1.8651329
1.7609725
1.8040293
1.828881
1.7342149
1.8136001
1.7002085
1.752388
1.814637
1.7920756
1.7730243
1.7790034
1.8044188
1.8006066
1.9207972
1.8437783
1.7325722
1.730146
1.7606707
1.8256842
1.885016
1.846808
1.7100755
1.8150853
1.8694626
1.8454133
1.854042
1.8467942
1.897299
1.842356
1.8320178
1.7903671
1.8057255
1.8390955
1.7929263
1.7257501
1.810676
1.8007377
1.7539963
1.8903711
1.8162911
1.8699431
1.7780046
1.7592629
1.8098005
1.7323574
1.7807752
1.8602682
1.7471333
1.8435436
1.7377087
1.8052177
1.8185012
1.7837528
1.834359
1.8848453
1.812181
1.8471423
1.8747123
1.8165193
1.767988
1.8034116
1.7988378
1.7832491
1.893597
1.7920803
1.8346457
1.7171296
1.955899
1.7988601
1.7088017
1.8231602
1.845602
1.7169875
1.7999434
1.8301691
1.7988085
1.7447585
1.7543362
1.7070467
1.8280773
1.78239
1.7179232
1.7093848
1.6971239
1.7985761
1.7233969
1.894042
1.6937581
1.9010061
1.9029717
1.7875832
1.7197272
1.7985977
1.8799535
1.747399
1.8142458
1.8324692
1.7640913
1.7669108
1.8265977
1.7205276
1.8788413
1.8694613
1.8246337
1.7249565
1.7676477
1.7579311
1.7130458
1.8065434
1.7898338
1.8038967
1.7779292
1.8139392
1.671663
1.7784039
1.7378045
1.8736652
1.8678855
1.7788255
1.8731668
1.7464982
1.7590674
1.9022522
1.7831233
1.7257168
1.765775
1.8034463
1.8106072
1.7611188
1.7884483
1.8671981
1.8835717
1.7848722
1.9237118
1.7600757
1.7576605
1.9102643
1.7590958
1.7361531
1.7889426
1.7446038
1.80153
1.8809067
1.7890892
1.7000885
1.7273003
1.7202947
1.7179468
1.7352595
1.7565895
1.9405214
1.716187
1.8584917
1.7080003
1.753743
1.7976255
1.798564
1.8118013
1.7640227
1.7749928
1.775093
1.770212
1.952801
1.7312378
1.7924857
1.749636
1.7435755
1.7670754
1.7752507
1.8481435
1.824014
1.7831756
1.7745615
1.8002747
1.8024923
1.8234007
1.7443472
1.705552
1.7697924
1.8062485
1.6984925
1.7651027
1.7444745
1.7732763
1.8399475
1.8377796
1.83793
1.8718582
1.8507828
1.7550355
1.776737
1.8868072
1.7899665
1.7543747
1.6829143
1.7711258
1.7055682
1.8463627
1.7853107
1.7397177
1.7769085
1.6660815
1.8404998
1.7773488
1.8085198
1.7535425
1.706609
1.7483224
1.9642571
1.7583878
1.7689096
1.9295418
1.7618499
1.7845467
1.7242706
1.7989838
1.839079
1.8366728
1.8893965
1.7368912
1.7985123
1.7759683
1.7965256
1.8434815
1.7883327
1.7577674
1.8257947
1.8292335
1.7442691
1.753301
1.7427958
1.8275146
1.7350715
1.7413585
1.7959404
1.7808027
1.710019
1.807151
1.783317
1.778661
1.6995008
1.8272905
1.931546
1.8506339
1.7460619
1.7851033
1.7318238
1.6953205
1.7360808
1.7790296
1.7435735
1.7899301
1.785181
1.8103702
1.8044662
1.7693845
1.776931
1.8578725
1.7984447
1.7860448
1.8186588
1.7877557
1.7011855
1.7318933
1.8769025
1.743728
1.688638
1.7245872
1.7930417
1.7181027
1.8797537
1.7347327
1.791973
1.8033541
1.8988535
1.7087026
1.7107916
1.7041016
1.8515654
1.697521
1.7543694
1.829558
1.8819407
1.7467741
1.8549613
1.6653588
1.7771909
1.7896401
1.7456874
1.7849579
1.7255858
1.8811903
1.8896035
1.7412827
1.7810882
1.7810212
1.8168709
1.738404
1.7721785
1.7793217
1.8025334
1.7743545
1.7769573
1.8486552
1.788132
1.6986878
1.762104
1.7298537
1.775443
1.738721
1.813695
1.820484
1.7318305
1.8372192
1.7236177
1.7049941
1.7076044
1.7230356
1.7154112
1.7370572
1.7149385
1.7691566
1.8205115
1.8192885
1.8392295
1.8620635
1.8199005
1.7837253
1.6921573
1.859546
1.8275379
1.805317
1.76832
1.8209772
1.71015
1.7111337
1.9272927
1.7693748
1.7937107
1.79983
1.8061318
1.7948945
1.8805298
1.832833
1.7088398
1.7651957
1.827176
1.7038767
1.7724226
1.7995613
1.7663842
1.701533
1.880127
1.7694223
1.7231357
1.8213853
1.8152764
1.8355339
1.65233
1.7697893
1.725247
1.7242817
1.7864525
1.8267406
1.7195853
1.8203479
1.7810967
1.7085028
1.7148472
1.7243265
1.7618649
1.8161516
1.755793
1.809714
1.7069916
1.7409023
1.7413869
1.8596461
1.7032723
1.7970045
1.8303597
1.8702527
1.7548388
1.7210474
1.765016
1.9120858
1.7338384
1.7852604
1.8035349
1.7186602
1.8220798
1.8628068
1.7061894
1.752045
1.778775
1.7562113
1.837902
1.7151349
1.8007301
1.752005
1.8728768
1.8253055
1.7511647
1.8264496
1.7371194
1.7495282
1.7293421
1.7740736
1.6732502
1.7332038
1.7580076
1.739235
1.7939787
1.729861
1.7421051
1.8191035
1.7413919
1.7229996
1.954658
1.8977923
1.6943475
1.7205362
1.7886285
1.7789369
1.8094642
1.7123307
1.721088
1.6755078
1.827759
1.7382684
1.7453105
1.7849809
1.696809
1.8338563
1.7222705
1.728112
1.8026595
1.7202835
1.8006208
1.7679942
1.7320051
1.7012688
1.7072042
1.839237
1.7141987
1.7562014
1.7465621
1.6645695
1.6848348
1.7946811
1.8719368
1.7314631
1.7406231
1.741191
1.7427926
1.835861
1.909832
1.821654
1.825583
1.8364019
1.8812186
1.9470587
1.7634039
1.7222595
1.7466131
1.7686927
1.8471936
1.8089873
1.9398915
1.8371625
1.772764
1.7971029
1.7925403
1.7601098
1.6971592
1.7362447
1.757445
1.809017
1.7921288
1.7220309
1.7710263
1.7283406
1.8357066
1.8013843
1.8110973
1.803147
1.7762177
1.7969401
1.7205803
1.7280061
1.730579
1.80304
1.7926767
1.7993585
1.7523206
1.7612963
1.71111
1.707193
1.7560844
1.8212801
1.7335296
1.7002825
1.7291332
1.8701947
1.715927
1.7580991
1.7966895
1.722432
1.783773
1.6803066
1.7191546
1.7145005
1.6956832
1.8206843
1.7866492
1.7196289
1.7098385
1.747299
1.8154173
1.753817
1.7306793
1.7098716
1.7882923
1.6883495
1.7004637
1.696649
1.8038921
1.7913812
1.770833
1.7666907
1.7527647
1.7130678
1.7739315
1.7227472
1.8042061
1.7317263
1.687466
1.677678
1.726912
1.7915827
1.8375385
1.7744572
1.7800913
1.7311981
1.7093279
1.7471406
1.7042848
1.7691615
1.7409277
1.8104492
1.753444
1.8059121
1.866427
1.7511762
1.8373294
1.7027795
1.6696337
1.730671
1.7417152
1.7640092
1.7574737
1.7629955
1.8311572
1.6958753
1.762883
1.7931303
1.7555966
1.7062436
1.7431782
1.7460696
1.7884165
1.7540172
1.7962655
1.7368578
1.7566406
1.7002945
1.7663924
1.707572
1.8561888
1.729878
1.6943967
1.6741431
1.6550813
1.7766123
1.8201343
1.8057276
1.8342682
1.7071698
1.7154016
1.7459645
1.6884913
1.8374227
1.7576429
1.6914755
1.7221303
1.783367
1.730682
1.8173325
1.7048231
1.7806343
1.8043638
1.730751
1.891968
1.744405
1.7034565
1.6950928
1.8454655
1.655732
1.7283505
1.681383
1.6903232
1.7209435
1.7714272
1.7020497
1.7212645
1.7512316
1.7372725
1.8262649
1.7691933
1.7478882
1.733361
1.8014375
1.7153698
1.6786709
1.7031354
1.7768583
1.7436347
1.7180969
1.7463793
1.6844503
1.7380229
1.7630205
1.8686793
1.6638583
1.712863
1.766099
1.6645796
1.7039144
1.8418353
1.7795141
1.6787833
1.704049
1.7589058
1.7282808
1.7275163
1.6603513
1.7243458
1.7961835
1.6856334
1.7228657
1.6309115
1.7284135
1.670637
1.7739037
1.6762195
1.727472
1.6739469
1.782677
1.6898917
1.6733755
1.755096
1.7741572
1.6827105
1.7319272
1.715574
1.7436237
1.6945348
1.6869698
1.7109225
1.6698519
1.7765218
1.8757241
1.8031412
1.7384645
1.89541
1.738808
1.6910026
1.7212536
1.7717415
1.7330302
1.7952627
1.9960005
1.7936039
1.6854137
1.8572028
1.8107563
1.7498221
1.7566665
1.849349
1.744441
1.7960023
1.7274464
1.824825
1.7356162
1.7321718
1.81585
1.7933183
1.7613693
1.8318237
1.8737441
1.813205
1.830368
1.8508835
1.7557937
1.7086987
1.8048733
1.8069625
1.7883552
1.7064863
1.7448086
1.7936363
1.6332266
1.6465214
1.741592
1.6784607
1.7239318
1.6888232
1.7212405
1.7808257
1.7303855
1.7254512
1.7192749
1.6975439
1.7202197
1.792302
1.7817423
1.7143084
1.740609
1.7012932
1.7603651
1.741618
1.7938925
1.8293003
1.8065627
1.752782
1.6778226
1.8315243
1.8051555
1.7161578
1.7120975
1.7836012
1.6663826
1.7056308
1.6608933
1.7530805
1.6172853
1.7929088
1.724241
1.6813675
1.7136754
1.7535583
1.7429335
1.6868887
1.7465028
1.7246631
1.6800643
1.6638345
1.7288443
1.7246467
1.7560017
1.721482
1.779948
1.692237
1.848144
1.8146251
1.8185022
1.7293885
1.82252
1.7820983
1.895277
1.7408557
1.6811641
1.7659476
1.8330958
1.8393415
1.813693
1.6971124
1.6625266
1.9377894
1.8163713
1.6652286
1.7444781
1.659446
1.714015
1.7972542
1.7668529
1.6876013
1.7106569
1.6983292
1.6813945
1.8163747
1.7371588
1.752011
1.8246065
1.7504814
1.7998327
1.7775655
1.8294792
1.6828668
1.7332517
1.7028493
1.7286881
1.8120358
1.767401
1.7934185
1.7345662
1.8487183
1.7348943
1.6650115
1.7612145
1.6795565
1.6945223
1.6985352
1.648339
1.6967863
1.7193487
1.7723362
1.7847767
1.6889148
1.720108
1.6294032
1.7891967
1.7435076
1.6539583
1.67867
1.6799258
1.6889735
1.773527
1.6666387
1.7305863
1.6359552
1.7164325
1.6372079
1.7185224
1.6994756
1.7088255
1.7134173
1.7388229
1.6536963
1.698241
1.756952
1.812193
1.7417413
1.8521125
1.6564611
1.6810377
1.8159633
1.8272195
1.7206218
1.838615
1.7909878
1.7083199
1.7228308
1.6747407
1.7161765
1.6261462
1.7995808
1.6463255
1.83674
1.752775
1.8470405
1.6514112
1.6555506
1.772635
1.7487086
1.7909828
1.6124977
1.6247648
1.6761693
1.7272905
1.6802975
1.642055
1.685735
1.67373
1.761673
1.7732707
1.800886
1.7268075
1.7601815
1.6940948
1.6984752
1.7002592
1.6215978
1.723544
1.7231795
1.6999593
1.724611
1.686211
1.6766655
1.7091945
1.6936307
1.6861943
1.7695303
1.6333071
1.7487
1.687211
1.7110761
1.7425433
1.7710465
1.6490633
1.6936557
1.772867
1.7922797
1.704949
1.6694074
1.6064446
1.7977885
1.7316192
1.6759663
1.8556602
1.7502819
1.6747215
1.6822393
1.7142677
1.703468
1.7614509
1.7357825
1.6456751
1.7849271
1.8072357
1.6730493
1.7297066
1.7219043
1.7107968
1.6690552
1.7857635
1.6637532
1.6643592
1.719373
1.7205164
1.7317245
1.6361022
1.642014
1.7465848
1.6971917
1.6754285
1.6475497
1.66591
1.6765475
1.6796032
1.739557
1.7809595
1.7832224
1.6805007
1.7146508
1.6855673
1.700877
1.6412815
1.720362
1.6737027
1.7477207
1.6866647
1.6491287
1.7209105
1.8707207
1.648987
1.6909605
1.7207785
1.93814
1.6888924
1.8042084
1.7683655
1.9850147
1.660424
1.6543261
1.8035133
1.7347155
1.6549889
1.75922
1.680476
1.646268
1.7254258
1.7320611
1.712882
1.724946
1.6351062
1.651799
1.7021108
1.6741922
1.672915
1.7458068
1.798007
1.721035
1.7937299
1.6770729
1.6834737
1.7298473
1.6251423
1.7558811
1.7069525
1.6781553
1.700912
1.699316
1.7308394
1.6993198
1.6688625
1.665471
1.66093
1.763201
1.6239347
1.7909108
1.6667844
1.647526
1.6741678
1.6405969
1.6526912
1.7422935
1.671152
1.6162517
1.7182188
1.648648
1.6188985
1.8468864
1.617879
1.643077
1.7638956
1.6691917
1.8512882
1.7092065
1.6556762
1.7631426
1.8797224
1.6753178
1.6430495
1.649103
1.8541985
1.718803
1.6991717
1.7333775
1.8134035
1.6411963
1.6468107
1.634398
1.7780567
1.9107893
1.5900931
1.7647433
1.7155973
1.8837646
1.7508065
1.7836679
1.8934572
1.7146848
1.6479053
1.9247377
1.7658173
1.6842567
1.826396
1.7539845
1.8558003
2.0808933
1.6750371
1.8457716
1.9548763
1.743926
1.654079
1.7102517
1.9471607
1.8248497
1.6815089
1.7086227
1.6771915
1.8021866
1.7354167
1.7275974
1.834915
1.7105378
1.7387732
1.6959455
1.6274315
1.7098931
1.6461507
1.6629195
1.6315335
1.6685673
1.6938145
1.6953702
1.74332
1.8371471
1.653993
1.7085615
1.6800917
1.739087
1.6918463
1.7578528
1.6276319
1.7235442
1.6695105
1.722626
1.6772496
1.6728591
