26.288614
26.485376
26.08114
26.08462
26.449375
25.698086
25.438072
25.79034
24.966757
25.050081
24.9771
24.9883
24.563225
24.658978
24.875944
24.091724
24.113983
23.65668
23.969675
23.662153
22.970108
22.637306
22.482544
21.462667
21.660097
20.377459
20.13708
19.612106
18.421713
17.048216
15.89654
14.633844
12.207485
10.817873
9.413236
9.694252
10.340824
10.53199
10.385343
9.186138
8.784836
7.802379
7.043688
6.5824904
6.247111
5.975465
5.746053
5.7914796
5.6672764
5.030833
4.85274
5.1960998
5.0682707
5.093258
4.969756
4.997456
5.0510955
4.932207
4.6570106
4.693623
4.8174787
4.910532
4.902168
4.851039
5.0361238
4.564663
4.375361
4.3296165
4.5663843
4.603593
4.5115285
4.7109056
4.5808287
4.8750525
4.371307
4.535339
4.0755906
4.314784
4.170041
4.3407235
4.1843033
4.252894
4.1710253
4.6509423
4.486692
4.411524
4.4849367
4.511419
4.3198466
4.248046
4.315688
4.226184
4.006334
4.28877
4.359684
4.201532
4.081273
4.426315
4.1607447
4.162156
3.9786367
4.1009426
3.9644933
3.9728026
3.8536668
3.9689145
4.2717733
3.9076684
4.0702715
4.046546
3.8123615
3.72562
4.049922
3.8375723
3.930383
3.9780898
3.7984164
4.141866
4.140434
4.1212234
4.1349
3.9393685
4.160503
3.6513705
3.9981208
4.351501
4.231733
3.978173
4.192939
4.219695
4.003303
3.891852
4.359323
3.8927457
3.9845119
4.1746426
4.3415947
4.2367816
4.3777285
3.9204402
3.831138
3.6773894
3.7514393
3.650964
3.72135
3.6794858
3.8923547
3.8091404
4.085119
3.9264169
3.7881486
3.877363
3.594739
3.9309595
3.669134
3.8264291
3.6864336
3.9711878
3.875068
3.960728
3.649394
3.8603694
3.5919664
3.7855535
3.8353734
3.991288
3.8730056
3.9672217
4.0163193
3.8664455
3.728424
3.708129
3.7079372
3.5887518
3.86941
3.690311
3.7119358
3.7380896
3.6558537
3.3719454
3.687296
3.417765
3.4967005
3.6504984
3.9901662
3.986981
4.327564
4.1704364
3.7007196
3.8638175
3.4651225
3.8083527
4.0311704
3.9397771
4.2393665
4.303472
3.7976556
3.5985842
3.5891762
3.536863
3.8711503
3.5704076
4.0003934
3.9257169
3.973778
3.7298684
3.5552495
3.5220954
3.603497
3.497696
3.7770607
3.568927
3.7493284
3.587689
3.6908846
3.64967
3.5383463
3.544595
3.7661893
3.6008155
3.8226051
3.902509
4.077802
3.7316077
3.8469014
4.287285
3.6243374
3.7386024
4.1666393
4.2111163
4.3931284
3.9096935
3.665382
3.7431595
3.4079425
3.4002354
3.808833
3.8246617
3.6755
4.295595
3.8908784
4.216033
3.79104
3.7311594
3.7275605
3.5190506
3.6767561
3.4946408
3.3329651
3.5657215
3.474552
3.4556093
3.735453
3.7484076
3.6324234
3.808018
3.916075
3.7186544
3.865007
3.6231515
3.475837
3.2822127
3.5295405
3.4451375
3.50515
3.490296
3.7969723
3.8238647
3.5045865
3.6216803
3.398959
3.5209324
3.5805295
3.6079795
3.834147
3.734006
3.5086992
3.3729372
3.620949
3.433225
3.572666
3.5129614
3.4568236
3.3207066
3.268757
3.408892
3.3682392
3.356032
3.260248
3.5785491
3.645906
3.6469448
3.529151
3.3098261
3.3101625
3.5770915
3.3136256
3.2746234
3.3164685
3.2932744
3.2755976
3.3235116
3.1469207
3.5070798
3.400815
3.6004395
3.395101
3.3104794
3.247494
3.3034894
3.422938
3.5057814
3.3907733
3.812208
3.2953837
4.241991
3.5429595
3.8788476
3.6300976
4.361841
4.5267553
3.3635564
3.6914635
4.047742
3.8857665
3.764407
4.6797504
5.158129
3.6537123
5.17282
3.9875565
4.012621
4.616346
4.127118
3.586335
4.092043
3.3509135
4.0716186
4.0023465
4.0078125
4.303393
3.780992
4.2708335
3.4515035
3.6375487
3.7888396
3.4134185
3.730207
4.1750283
3.6501265
3.229959
3.121042
3.593248
3.5812385
3.607902
3.8791556
4.064878
4.116595
3.5373483
4.006738
3.752541
3.3035913
3.7010524
4.0192404
3.7891874
3.6925602
3.4536755
3.4059281
3.253524
3.7014334
3.553916
3.9327564
3.9520564
4.0529404
3.5267196
3.2379591
3.6907988
3.8052058
3.4670901
4.0855575
3.7457275
3.6126006
3.829505
3.11696
3.340031
3.879329
3.286272
3.4627748
3.8896828
3.459738
3.809321
3.783119
3.7136075
3.524034
3.734596
3.159454
3.31729
3.462053
3.2155786
3.2473798
3.5215988
3.3538764
3.245897
3.193861
3.234942
3.189826
3.182277
3.195523
3.2253654
3.2405684
3.1843505
3.2442045
3.1758773
3.1570294
3.1513925
3.2575898
3.1989307
3.2049618
3.1940753
3.3023217
3.3280303
3.2512918
3.250913
3.2307093
3.2670515
3.3709285
3.26691
3.3976464
3.3807173
3.266227
3.2115948
3.203376
3.1269338
3.2706785
3.1446657
3.194148
3.1698232
3.1692388
3.081912
3.0330315
3.355324
3.0750322
3.155167
3.2218325
3.3087404
3.2001214
3.2399375
3.2563143
3.2668293
3.353492
3.0814345
3.119871
3.0803642
3.307779
3.1568239
3.346813
3.336325
3.2617486
3.2161334
3.3122952
3.1099684
3.2177
3.128669
3.289165
3.138581
3.261889
3.0308197
3.2804434
3.20677
3.1974905
3.3608384
3.3089454
3.2392533
3.125384
3.1466856
3.2383885
3.021685
3.3238084
3.2464986
3.3137755
3.2662115
3.701396
3.087731
3.749773
3.3156075
3.75152
4.37553
3.3747616
3.4058506
3.2536035
3.0982692
3.138043
3.552245
3.5080967
3.3422334
3.474423
3.40615
3.7726824
3.5488021
3.1523077
3.4194746
3.2311206
3.1333406
3.384317
3.362593
3.5138216
3.4063432
3.0862775
3.5970898
3.0868664
3.3164485
3.469108
3.593861
3.178021
3.1735213
3.3198807
3.042299
3.324894
3.2803636
3.136255
3.356211
3.2390034
3.158291
3.2426934
3.4831655
3.1174016
3.3042614
3.268073
3.1304922
3.448014
2.9947035
3.539401
3.0239794
3.3940768
3.114891
3.4831665
3.090939
3.3864655
2.991756
3.393735
3.2074728
3.6894903
3.256425
3.7276034
3.3375444
3.1754484
3.804898
3.3763814
3.9602444
3.0752
3.6034975
3.1678514
3.0409067
3.4362936
3.0618105
3.158232
3.330648
3.0015824
3.0456
3.1577446
2.9372964
2.974625
3.1592755
3.0141213
3.1905694
3.0316765
3.048769
2.9680521
2.9602087
3.0216079
3.240807
3.311882
3.5775108
3.1353085
3.3137455
2.9941835
3.0183494
3.3415878
3.38678
3.1762104
3.094445
3.136701
3.1325736
3.2149315
3.2505786
3.0731506
2.9880178
3.1260962
3.068464
3.101504
3.033157
3.0957415
3.141423
3.1343505
3.216518
2.940847
3.168224
3.2245402
2.9803092
3.5406542
3.0353777
3.4990106
3.2003565
3.3244267
3.4750936
2.9630885
3.090192
3.429069
2.983504
3.3003492
3.165805
3.0989945
3.0353594
2.966535
2.8453524
3.014288
2.994479
3.0843828
3.2290175
3.0059714
2.9851184
2.9434829
3.0127974
3.0439188
2.982574
3.2517364
2.9874904
3.2315466
3.060712
3.120415
3.079524
3.0334415
3.1005273
3.158974
2.9313295
3.1141887
3.108666
3.2273736
3.0274172
2.9481883
3.0490289
3.058213
3.040179
3.1402295
3.036091
3.0284436
2.8867602
2.9826329
3.049124
3.3852892
3.5827978
3.029106
3.0921326
3.048416
3.0563014
3.3631535
3.5725048
3.1150665
3.1779566
3.191387
3.013486
3.427797
2.989277
3.3186262
3.3125155
3.110742
3.746316
3.0579643
3.6317708
3.294119
3.551215
4.1080365
4.012085
3.660157
5.064672
3.7271283
3.3024335
5.4656053
3.3279278
3.2872865
3.6991656
3.491162
3.5842996
3.635785
4.3871803
3.5146172
3.545876
3.9764764
3.175183
3.6455295
3.818359
3.6330514
3.608856
3.4784172
3.05612
3.595384
3.4957044
3.5041006
3.3149617
3.3038645
2.9853218
3.332761
3.019522
3.2286613
3.430306
2.9811144
3.3207877
3.5799448
3.0854855
3.6864345
3.65831
3.3041444
3.473278
3.180713
3.041622
3.2776515
3.1530654
3.2236238
3.4404805
3.2040353
3.2954865
3.152521
3.0252812
3.2836094
3.0741634
2.9481442
3.3020184
3.108556
2.9621904
3.094538
3.1072373
2.90733
3.0340087
3.194361
3.2816815
3.318229
2.9424977
3.4385636
3.0682445
3.0229125
3.4243495
3.1721923
3.188116
3.199676
2.945971
3.158181
2.9681857
3.008962
3.2594054
2.9445589
3.0924578
3.153944
2.9968026
3.1301994
3.218255
3.0716014
3.0255535
2.957233
3.0485604
2.9203556
3.0261521
3.0985498
2.9307244
2.9963524
2.9706604
3.001275
3.0745206
3.0639606
3.2856188
3.2983434
2.9492779
3.0174377
3.0214329
2.9976926
3.199068
3.422146
3.206366
3.3488781
2.9832575
3.1789806
3.3505015
3.427501
3.2105243
3.0490327
3.363798
3.1360154
3.407033
3.3944075
2.9288292
3.0714753
3.0899718
3.237299
3.1021228
3.3927386
3.1312165
3.1823833
3.000612
2.945225
2.997519
3.1198964
2.9407485
3.1335595
2.9320548
2.9859304
3.0363326
2.9125216
2.9338462
3.187544
3.1358066
3.1348233
3.327686
2.9565735
2.9095006
3.1322186
3.3063054
3.0171819
3.3281565
3.302643
3.0019214
2.913439
3.0136194
2.9935224
3.0099554
3.1740491
3.0927236
3.123137
3.208102
3.1316307
3.2302935
3.1836855
3.327897
3.1087668
3.4353714
3.2225614
3.3258424
3.063145
3.243802
3.2042937
3.4315784
3.054226
3.1173563
2.9566004
3.040365
3.1072352
3.268549
3.1882725
2.8675756
2.9644394
2.9308593
3.0895312
2.9772918
3.3785052
3.023797
3.2123291
3.0119343
3.0886214
3.0998762
3.09351
3.261425
3.001756
3.276845
2.933145
3.1553345
3.1215296
3.123035
3.2456515
3.4188867
3.38046
3.1719997
3.3946903
3.1350608
3.5312324
3.4472694
3.4425645
3.1798015
3.7745254
3.4111965
3.2388427
3.4354427
2.975721
3.4806921
3.417885
3.445454
3.4188094
3.1613214
3.193876
3.4456325
3.5671504
3.08119
3.752233
3.0006313
4.0447354
3.547299
3.6028543
3.8567946
3.0938795
3.383274
3.6790643
3.1490142
3.585782
3.2755408
2.9935052
3.134408
3.1658647
3.314256
3.2137313
3.746788
3.406858
3.0545745
3.1067069
2.9815152
2.979781
3.0574925
3.2380462
3.1464436
3.0229518
3.000026
2.9400957
3.1664965
3.1828785
3.0853505
3.173269
2.963798
3.114935
3.0659978
2.8905857
3.235482
3.360013
3.0629785
3.8547575
2.9857967
3.2558312
3.055547
3.0022166
3.2264476
3.1165414
3.0614474
3.215648
2.8573096
2.919213
3.194817
2.9131033
2.8602684
3.014071
3.194747
2.9762192
3.2831805
2.8401926
3.0794024
3.0984614
2.9931877
3.3904145
3.19662
3.0079691
2.9747336
2.9224863
2.8805676
2.9325974
2.952411
3.0516515
3.184046
2.9779215
3.1350355
2.9088116
2.9005227
3.0646482
3.0641587
2.839164
2.9884264
3.0471025
3.0746026
3.634182
2.8790169
3.032875
3.2085445
3.0661523
2.877205
3.101872
3.0837498
3.5222034
3.0160334
2.843517
3.200475
3.2886806
3.0211005
3.1850414
3.3476048
2.9925945
2.8858554
2.9366415
2.8931916
3.0169492
2.939569
2.8964727
3.158469
3.0741243
3.06626
2.9599528
3.021713
2.9899642
2.892379
3.0202062
3.0874078
2.9892066
3.1843565
3.175172
2.8861802
3.310065
3.0835195
3.065898
3.7056375
3.0224764
3.5779974
2.837238
2.985806
3.1026335
2.9563694
3.334845
3.030071
3.2269042
3.0911005
3.0479517
3.3833575
3.059207
2.9440656
3.615046
3.048088
3.3673792
3.134443
2.895138
3.3536437
2.970603
3.1619785
3.146204
3.0554607
2.99393
3.2298226
3.0395308
3.1477027
2.922212
3.2314425
3.1897833
3.1079025
3.377255
2.9541593
3.240042
3.0788622
3.0877044
3.1456602
3.6444135
3.073211
2.883749
3.0903194
3.1406994
3.0022135
2.9887624
3.2071815
3.1001163
2.961797
2.8623903
2.998706
3.387943
3.1091294
3.662151
2.8820138
3.0434465
3.012041
3.0592074
2.8587873
2.938295
3.005128
3.1361928
3.0604978
2.8453677
2.8761878
2.8443847
3.041043
3.0366683
3.188978
3.0481339
2.9842176
2.9658818
3.181953
3.083328
3.3175147
3.086617
3.5039222
3.0075974
3.2129877
3.1701212
3.057842
2.8589385
3.04104
3.2151976
2.9643657
3.3842576
3.194015
3.1046681
3.1606443
2.96022
3.1213105
2.9058332
3.2316256
3.1184556
2.992937
2.9593296
3.1008801
3.187168
3.5545235
3.0011268
2.98586
3.2359893
2.9625227
3.1583097
3.155554
3.503167
2.9249818
3.2655156
3.006067
2.836352
3.1528246
2.9725544
2.8631928
2.9888463
3.0168402
2.8887055
3.1997986
2.9910724
2.921565
2.9806273
3.0124624
2.89102
3.118148
3.0636718
2.945433
2.976936
2.9617846
2.9659486
2.9886885
2.8135765
2.9606
3.1008577
2.8859327
3.014293
3.6163454
2.9595182
3.230802
3.2931705
2.8814301
3.2451124
3.5429165
2.9127314
2.970446
3.127017
3.1807764
2.9109704
3.037668
3.208327
2.9585764
2.8447726
3.0854747
2.962114
2.93178
3.1669488
3.039883
3.0034096
2.839968
3.093726
3.023394
3.085249
3.1532261
2.9972365
2.8653407
3.425373
3.058779
3.1063526
3.135806
2.8932326
2.9572601
3.4559202
2.9599197
3.054234
2.8974116
2.9323425
2.9673185
2.868816
2.9982448
2.963039
3.082248
2.911072
2.896945
2.881108
2.9331794
2.9773016
3.0254636
2.917782
2.9128463
2.9166546
2.9180174
3.1191266
2.9207456
3.3532066
2.822747
2.9109595
3.041855
3.2136874
3.1045835
3.1524131
4.1150665
3.0326605
3.0366235
3.0506573
3.1388364
3.1171606
3.4905345
3.12295
3.075762
2.910507
3.087723
3.181184
3.0344403
3.6415415
2.8728795
3.2568934
3.0675023
2.9725752
2.927674
3.5381644
3.034529
3.2206721
3.0359504
3.3421636
3.1134422
3.115967
2.9456718
2.8396437
3.0745494
2.9112215
3.123489
3.1100566
2.9749153
3.3986325
3.0666475
3.6965652
3.1118274
3.269633
3.3082232
2.8693168
3.6483784
3.4703126
3.0537171
4.106715
3.1808429
3.308796
2.9693477
3.289256
2.9457464
3.0575933
3.0050354
2.9594636
2.894491
3.0337758
3.2152884
2.83287
3.223023
3.130102
2.9202726
3.1490653
2.9295764
3.000808
3.1868284
3.072748
3.0341675
2.8513515
2.816322
2.9444273
2.9418726
2.997906
2.9661884
3.0344386
3.0343595
2.800878
2.8868334
2.92397
2.9355304
2.9304075
3.046649
2.8772645
2.938828
2.8994744
2.8654056
2.9219465
3.016468
3.385124
2.8811305
2.9840186
2.832568
2.9619496
2.811729
2.871414
2.94275
2.8468518
3.0540683
2.99731
2.9546754
2.9089339
3.048303
3.0142753
2.8559647
2.8178384
2.9297945
2.8057294
2.9234185
3.0180695
2.9484425
3.0131695
2.9953067
2.8538768
3.0179687
3.0830963
2.888458
2.9831605
3.1439016
2.973053
3.5654643
2.9313872
3.060506
3.119864
2.886965
2.946838
3.2263694
2.9038503
2.986929
2.9702137
2.8824127
2.969808
2.8039618
2.9977474
2.8531234
2.9178967
2.977645
2.8589282
2.9928484
2.9947484
2.9321508
3.1608334
2.912034
3.1899984
3.036545
3.0488698
3.2328937
2.8379035
2.8727264
2.96175
2.8634279
3.0041044
3.2371259
2.8977726
2.850883
2.894512
3.0657532
2.8185468
3.057915
2.8698475
2.8651085
2.8375175
2.9870589
2.8592741
2.8517952
2.889826
2.8536758
2.8423314
2.8645313
2.833112
2.8155606
2.9489677
2.9427655
2.8603075
2.8058906
2.915516
3.0656445
3.0312696
3.2655234
2.808654
2.9361346
2.981854
3.0392392
2.991757
3.151219
3.3790593
3.1938946
2.944094
3.246163
2.999829
3.542122
2.9640236
3.2887347
2.8401678
2.9456356
3.1423354
3.0349874
3.2123334
3.3077378
2.826024
3.0844197
2.9265645
2.8084934
2.9809947
2.9620435
2.9436464
3.123578
3.0785198
2.9598475
2.8670974
3.080158
3.0607138
2.9132721
2.921842
2.894367
2.833404
3.127045
2.8944094
2.8675935
3.030799
2.8736565
2.9746826
2.8373275
3.1131117
3.1515872
3.0146935
2.965945
3.051155
2.854252
2.982593
2.9202306
3.1335661
2.8591845
2.903757
2.9585311
2.9656913
2.7848115
2.9257727
3.0772269
2.949014
2.7845736
2.8907025
3.0373788
2.950154
2.980551
3.0430467
2.9173682
2.8221695
3.0868387
2.918746
2.8180027
3.1322086
2.9500246
2.8075764
2.8872595
2.926185
2.985817
2.9882677
3.1667688
2.8671432
3.16835
3.0352316
2.8919778
3.2543325
2.823112
3.1539946
2.8279555
2.864777
2.9831629
2.9053855
2.9240828
3.2377732
2.9594746
2.8186667
3.220964
3.0958374
2.957292
3.8603234
3.1605453
3.374923
2.9282565
2.937858
3.036313
3.2906947
2.872977
2.9360733
2.7918885
2.9802134
2.9569323
2.9176662
2.8483615
2.929633
2.8421247
2.823798
2.9070904
3.0619764
2.84059
2.9312255
2.9238613
2.8850772
2.7771115
2.808552
2.80688
2.8467784
2.8884892
2.8337417
2.847641
2.8001907
3.022063
3.0344274
2.9863784
3.0699089
2.8245645
2.786933
2.898732
2.9375174
3.0520356
3.0156446
2.826034
2.9018142
2.7727273
2.8459582
2.9302557
3.1787412
2.9378066
2.9775538
2.8273165
2.8843682
3.0365524
2.9003096
3.0872185
2.990396
3.263145
2.820906
2.8157477
3.026412
2.9031682
2.919526
3.1245346
3.0005574
3.276834
2.8882794
2.877148
2.8901167
2.9166336
2.865534
2.961968
3.0388956
2.9704294
2.770591
2.8810833
3.086737
2.812288
2.9271502
2.9369133
3.0898366
3.182107
3.2459974
3.178187
2.9968925
3.2388387
3.157327
2.9719589
2.8926406
2.9153898
2.8662057
2.8730476
2.907359
3.005985
3.2888446
3.0725758
2.838517
2.8982992
3.0346165
2.926482
3.242407
3.114961
2.8981385
2.8875334
3.0046227
2.817627
3.046232
3.184237
2.9716315
2.90993
3.1788054
3.0310397
2.8542657
3.000172
3.177538
2.9020674
2.9738576
3.071696
2.7863615
3.06458
2.892466
3.1748364
2.9102685
2.9549124
2.800081
2.8322918
2.7602942
2.88047
2.8031783
2.9443521
3.0598035
2.86172
2.844814
2.9067495
3.121533
2.8544998
2.8742187
2.791363
2.8372695
2.8238516
2.8717294
3.0886974
2.9098349
2.940838
2.8604655
2.8662074
2.991131
2.9555986
3.1525304
3.028749
2.8650246
2.8322153
3.0281131
2.9653287
2.8217595
2.9821014
2.9890778
2.936091
3.1104245
2.7828355
2.9973378
3.1196525
2.7995856
3.428867
3.047077
2.9117804
3.0867617
2.8140361
2.8443043
3.2297797
3.2439146
2.943527
3.1961906
3.12979
2.7901635
2.880685
3.279677
2.849367
2.8677335
2.7990086
2.8544471
2.7921169
2.9061415
2.856295
3.082639
2.9393291
3.0969145
2.846477
2.9295099
3.2963912
2.851423
3.5310333
3.117951
2.7947695
3.4958167
2.83884
2.8686793
3.2185528
2.9146705
2.894681
3.021678
3.2522922
2.869495
2.9135544
3.4173005
2.8310866
3.190228
2.9816966
2.861413
2.9761868
3.1991215
2.8333766
3.0351121
2.880492
2.954306
2.817113
2.8876057
3.1202025
3.0353923
2.827655
3.0792959
3.0997565
2.869558
3.4865875
2.9444523
3.0380254
3.1668704
2.8538911
2.825922
3.087211
3.0066595
3.3751216
3.0759435
2.9278524
2.9303863
2.882354
2.7327864
2.815649
3.0526924
2.9721787
2.8066487
2.9022548
2.983887
2.8908145
3.0691433
3.477292
2.9826305
3.165578
2.9786904
2.835431
3.1915817
2.8476129
2.7822142
2.960064
2.9645793
2.80852
2.9251955
2.9451306
2.827067
2.8219948
2.9181757
2.920268
2.9422147
2.8606095
2.940164
2.9194565
2.954391
2.8376853
3.0829751
2.9459481
2.873314
2.980549
2.863141
2.955766
2.985035
2.969719
3.1564102
3.1720538
3.126941
2.8745248
2.927879
2.909668
2.8947525
3.090878
2.8383734
3.0611374
3.0450544
2.9904637
2.7536528
2.9633634
2.8012216
2.7975247
2.9668217
3.057508
2.7764988
2.9074235
2.911751
2.888076
2.8677163
3.011703
3.0990195
2.788343
2.8308892
2.89111
2.771284
2.8062057
3.1232224
2.8407025
2.8415043
2.7522008
2.7626648
2.834522
2.8353388
2.9824119
2.9081545
2.988491
2.9881172
2.9675956
3.436958
2.849387
2.7748804
2.9245117
3.0433896
3.1304297
2.9256487
2.9795036
3.1678092
3.1130066
2.8936734
2.929996
2.8835685
2.846807
2.8382657
3.0229754
2.9049618
2.873166
2.8106105
2.9249408
2.9533525
2.856532
3.0758247
2.8588521
2.8728004
2.7949808
2.7685528
2.759478
2.827643
3.1139874
3.0291886
2.7959692
2.814141
2.858486
2.855112
2.8648944
2.8356335
2.8726206
2.828627
2.9667726
2.8049383
2.8255603
2.9254012
2.770041
2.8475094
2.8700416
2.7554216
2.790445
2.8341053
2.8044195
2.8415961
2.8674228
2.881507
2.954613
3.0937822
2.9570124
2.8487518
3.1009817
2.7649236
2.8312366
3.2075279
3.0891654
2.8245394
2.920667
3.0275288
2.8899214
3.075024
3.221397
3.1939683
3.1266835
2.7528841
3.095283
2.8898096
2.7987554
2.8913505
3.1135125
2.8321955
3.003412
2.9818192
2.819435
2.8132634
2.8416893
2.875199
2.905171
2.8401384
2.8634973
2.7700038
2.804259
2.7857842
2.759582
2.8425262
2.9260485
2.7114692
2.8055656
3.1168725
2.7866209
2.891838
3.1078737
2.753424
2.7426155
2.916771
2.9299066
2.8295429
2.962348
2.9619465
2.7789412
2.8544133
2.957442
2.750573
3.1091342
2.991387
2.8549018
2.9750235
2.7863135
2.9690893
2.9801643
2.7629244
2.8055866
2.8637536
2.8377464
2.7371166
2.836925
3.020627
2.8239844
2.86588
2.717756
2.937474
2.7936687
3.0848455
2.7896302
2.7100196
2.782025
2.918666
2.8585858
2.8012104
2.7921774
2.9160647
2.7519586
2.851329
2.780232
2.804873
2.7463999
2.8527935
2.8213701
2.7272913
2.7261355
2.8026066
2.770357
2.770913
2.7831962
2.8889549
3.0176475
2.828945
2.7520707
2.8008764
2.8336754
2.8930843
2.806638
2.9268396
2.7245662
2.810737
3.0416296
2.8525696
2.7757971
2.802198
2.830995
2.7156672
2.730637
2.791994
2.7879732
2.748124
2.9249651
2.844938
2.8123863
2.7955916
2.786346
2.793514
2.77437
2.7358146
2.7173653
2.794048
2.7673123
2.763207
2.8829021
2.768734
2.7334447
2.774974
2.7010324
2.7771485
2.783539
2.7909122
2.84095
2.7208524
2.7633011
2.757284
2.7329125
2.7701263
2.705112
2.92113
2.790186
2.8246913
2.89471
2.8086288
2.990814
2.9064314
2.8231764
3.1183162
2.9640825
2.8864012
2.9551685
2.7704306
2.7963989
2.9853685
2.9443207
3.290213
3.20821
2.7791233
3.088807
2.9438765
2.7812333
2.9135876
3.0970554
2.7349885
2.9501193
2.7954714
2.818867
2.9197154
2.889274
2.757461
2.821897
2.794885
2.752841
2.8842285
2.814995
2.7664554
2.7685854
2.7543943
2.8948872
2.821883
2.8593454
3.0316694
2.7684457
2.806523
2.7123735
2.7529376
2.861431
2.764984
2.710812
2.8576505
2.7420228
2.730653
2.8475904
2.8730586
3.1155617
2.893764
2.785026
2.7801557
2.7489424
2.7897224
2.8103805
2.7719674
2.7495785
2.7801094
2.8286235
2.7988274
2.7610276
2.7746787
2.7036674
2.694619
2.7620575
2.7296393
2.7441366
2.695587
2.8423078
2.6901286
2.8266213
2.8287194
2.9783914
2.70952
2.8410635
2.8342476
2.6832323
2.7905962
2.7463706
2.8115335
2.7366877
3.0257509
3.023456
2.7365334
2.9568098
2.7670774
2.685248
2.7305017
2.814303
2.746517
2.7563076
2.752151
2.873026
2.771691
2.961796
2.958287
2.7917383
2.8427463
2.8351235
2.7242706
2.8639767
2.9962785
3.091079
2.8564115
2.8540294
2.6833205
2.8541448
2.948736
2.8015125
2.7874906
2.9245324
2.9002423
2.727519
2.8018675
2.8881962
2.85838
2.6658595
2.9348514
2.8628254
2.7442029
2.748084
2.8322775
2.7717154
2.7459466
2.802107
2.669183
2.782286
2.829927
2.7074897
2.7886655
2.6842165
2.782281
2.6784174
3.0201638
2.6828165
2.8699064
2.7969832
2.8633802
2.748489
2.8295727
2.6734347
2.6537066
2.9260526
2.854078
2.734915
2.9052796
2.8506703
2.7292619
2.6547484
2.7353833
2.677571
2.7970095
2.8673182
3.1106594
2.654319
2.8664858
2.7755005
2.6835735
2.7618465
3.0925772
2.9360592
2.7414906
2.7001173
2.7121325
2.7615762
2.6526928
2.8744965
2.9763365
2.842301
2.801821
2.727848
2.7630928
2.6983743
2.7401543
2.7009268
2.849829
2.739476
2.655824
2.7751486
2.6187696
2.655773
2.6968682
2.6996346
2.6757903
2.6608684
2.640565
2.8591282
2.6695752
2.7961724
2.7255373
2.6444623
2.6811135
2.7647774
2.8246
2.6344442
2.6486604
2.752574
2.7557688
2.6139085
2.9762106
2.6723354
2.6710052
2.8454285
2.7704425
2.5987847
2.8289201
2.756472
2.730748
2.6748073
2.6992822
2.7418551
2.7467597
2.6722004
2.6546667
2.762081
2.7238505
2.705035
2.651943
2.7015064
2.6437635
2.5706544
2.722107
2.6203732
2.5757434
2.580949
2.5959575
2.740362
2.619983
2.6863275
2.7345426
2.723291
2.7159014
2.5922081
2.6094358
2.654112
2.566954
2.6775258
2.8517056
2.631382
2.839351
2.6759248
2.580269
2.6864026
2.608474
2.7089984
2.636903
2.5955806
2.5832987
2.59044
2.6525235
2.6430616
2.6943676
2.7618358
2.5496464
2.5638776
2.6089935
2.6309679
2.5656893
2.63512
2.7958648
2.605014
2.595656
2.6847756
2.567428
2.5908594
2.6371894
2.7680504
2.5956557
2.707424
2.689592
2.7232094
2.6736574
2.6930616
2.6410487
2.8135264
2.7362452
2.70787
2.7146018
2.6812246
2.723638
2.6004725
2.6121123
2.6531706
2.5391636
2.6344373
2.6137004
2.803307
2.6271553
2.7550983
2.674211
2.566577
2.746662
2.5780256
2.54277
2.5080636
2.5610914
2.5783124
2.637252
2.5145745
2.5664966
2.588156
2.6445005
2.598949
2.6277661
2.579218
2.647857
2.5359907
2.679481
2.682429
2.694113
2.5557182
2.5376005
2.7486956
2.6126366
2.5636635
2.738442
2.5975256
2.596625
2.5339165
2.686692
2.7214446
2.4694633
2.5429797
2.5108824
2.590486
2.6203885
2.562589
2.4524915
2.5464585
2.5523214
2.5676315
2.6331918
2.6123252
2.506032
2.572192
2.5258105
2.5472658
2.574346
2.5392883
2.4887533
2.4647536
2.619971
2.4194005
2.538972
2.5031514
2.640575
2.421048
2.5052629
2.5604637
2.602294
2.560223
2.487912
2.5937471
2.5784423
2.5814636
2.4954715
2.6174276
2.5599334
2.4850104
2.4769864
2.4791
2.5020804
2.5250037
2.532083
2.5461185
2.485956
2.5782063
2.7293966
2.5673025
2.489987
2.5282521
2.518523
2.6174612
2.5352545
2.529697
3.0188496
2.5196905
2.5781386
2.5895624
2.5447392
2.5124812
2.536221
2.6090646
2.570653
2.5315778
2.4915493
2.4748456
2.7213778
2.5565145
2.496944
2.4186485
2.5367064
2.540306
2.5001645
2.760785
2.8168342
2.4906018
2.6122892
2.5696466
2.5111585
2.4740028
2.778046
2.58947
2.5550778
2.4527857
2.57793
2.5410922
2.5393975
2.788673
2.5645115
2.4491951
2.6436515
2.4439301
2.437148
2.5293496
2.6021335
2.7873666
2.4246523
2.5143223
2.5123916
2.513545
2.4478226
2.3779604
2.4503243
2.636397
2.5172708
2.5274296
2.610607
2.515141
2.5105927
2.4486926
2.5053463
2.4188964
2.4114025
2.5264976
2.4136386
2.4193435
2.4189925
2.4216413
2.5120854
2.4124818
2.4966714
2.4437485
2.4422586
2.5280845
2.5279944
2.3301904
2.44152
2.4843576
2.4557285
2.5868473
2.4006162
2.5085807
2.428142
2.500913
2.3933527
2.403346
2.4489074
2.3369262
2.4464045
2.4880853
2.393514
2.41503
2.4130914
2.5562778
2.456719
2.637368
2.434008
2.33632
2.3561246
2.36557
2.3152122
2.3070738
2.378942
2.3425534
2.3848708
2.294837
2.2779968
2.3050675
2.4258442
2.4114466
2.4480824
2.377602
2.3500376
2.309908
2.37663
2.3490918
2.537778
2.3931725
2.3808265
2.4152255
2.365575
2.4122205
2.3302076
2.375152
2.4549649
2.378044
2.3067033
2.3479846
2.47124
2.2627728
2.387544
2.4311204
2.5434246
2.4325714
2.3504546
2.2850492
2.3085063
2.4046361
2.4195714
2.2785363
2.2764962
2.3304405
2.311632
2.310232
2.290288
2.287228
2.3078988
2.4150164
2.3464978
2.2389035
2.261107
2.3029437
2.3655689
2.3445528
2.292165
2.310346
2.3404574
2.315333
2.213997
2.2665198
2.2737734
2.4858875
2.27471
2.308788
2.2723055
2.3274114
2.2138476
2.2002358
2.3200605
2.305302
2.2593975
2.2460642
2.297342
2.394156
2.293495
2.2650025
2.274643
2.3637383
2.425644
2.271666
2.4419293
2.290773
2.1917663
2.248528
2.267652
2.338801
2.31861
2.2917426
2.300238
2.3021507
2.234371
2.1542156
2.2048595
2.2646525
2.2228389
2.2208705
2.3033164
2.2972307
2.188928
2.3060575
2.2535942
2.1737392
2.1848686
2.287319
2.1508667
2.271365
2.2489002
2.1814947
2.3014686
2.159695
2.2778728
2.4262817
2.2123384
2.2032535
2.199915
2.3706203
2.276691
2.2961202
2.2064285
2.477812
2.3907425
2.3046565
2.2289271
2.26392
2.2550614
2.3526068
2.21253
2.2799735
2.2285914
2.3118296
2.2036498
2.2649195
2.1900015
2.2462544
2.226429
2.143545
2.2308714
2.243853
2.1694548
2.2158935
2.1639512
2.2710166
2.2091253
2.3699496
2.313101
2.310551
2.1491594
2.1834939
2.152419
2.1491694
2.2261302
2.1835508
2.220877
2.357744
2.1678834
2.250633
2.1422563
2.2480822
2.3598456
2.1405275
2.2612915
2.2079606
2.210751
2.1333487
2.1397324
2.2575774
2.2888467
2.183175
2.1506705
2.1549423
2.107631
2.20967
2.1681695
2.1177032
2.1670544
2.1147344
2.1282494
2.1285279
2.1072736
2.1763792
2.212454
2.2494576
2.1152616
2.1432476
2.2139466
2.2387924
2.183813
2.1230147
2.0825553
2.2935896
2.098188
2.1935844
2.0909784
2.0250247
2.1609986
2.151257
2.0755746
2.152473
2.1409204
2.3238692
2.1273422
2.0561464
2.0451438
2.1518414
2.196827
2.043669
2.0804913
2.023672
2.2154782
2.0586605
1.981196
2.1231227
2.2421236
2.2753956
2.0247855
2.0632288
2.1089792
2.0091083
2.118565
2.0047014
2.066389
2.0950034
2.0615435
2.0079029
2.0848916
2.121358
2.0270684
2.0235758
2.1318214
2.123394
1.9952867
2.0087414
2.0538337
2.1035988
2.04247
2.0447938
2.0766544
2.1755264
1.95899
2.1005685
2.1986992
2.0976107
2.0855682
2.0365224
2.077086
2.0856657
2.1155596
2.0571175
2.1818564
2.0990417
2.1861236
2.1446347
2.1967065
2.1220596
2.056645
2.2379594
2.024818
2.232833
2.096998
2.1530852
2.0973125
2.1143692
2.0405824
2.0496874
2.03931
2.2362602
2.1368642
2.1003714
2.0166407
2.0804942
2.0767024
2.043863
2.0177026
2.0037816
2.055691
1.9688545
2.0928035
1.9975942
2.0419257
2.0363069
2.0642772
2.0966432
2.0692115
2.1116776
1.9947139
2.0857534
1.9368633
2.1653414
1.9890416
1.9980518
1.9968685
2.0338821
2.017039
2.000676
2.0075917
2.0606515
1.9303739
1.965905
2.001908
2.094415
2.0827572
1.9308678
2.1305175
1.9321885
1.985625
2.023754
2.0659182
2.100847
2.057716
2.0001163
2.005889
1.9713243
2.0282457
2.0035398
2.0450296
2.0882518
2.0712438
1.9968404
1.9240359
1.957126
1.9739815
1.9145205
1.9847893
1.9555367
1.906349
2.005149
2.0655124
1.9969497
2.070224
2.0251772
1.9950536
2.0261617
1.9876583
1.9384214
2.0456088
2.02137
1.9121101
1.980078
2.048983
2.140433
2.075808
2.019071
2.0670588
1.9115436
2.080336
2.075668
1.9581054
1.889187
1.9951212
2.0835383
2.0039387
2.0282664
1.9480928
1.8871706
1.9708648
2.0203116
1.9431535
2.0514848
1.927117
1.8513713
2.0631137
2.06671
2.0805173
1.8940175
1.8742146
2.093372
2.0457537
2.032946
2.0164547
2.1602347
2.158167
1.9546012
1.9906814
2.0860763
1.9824339
1.9475539
1.9864175
2.1010377
1.9526353
1.9322715
1.9696233
1.9246153
2.0012732
1.996455
1.9970392
1.8952558
1.9034764
1.8986517
1.8955492
2.0354943
1.9833835
1.866069
1.885674
1.8908707
1.9716359
1.8474302
2.0199103
2.059137
1.962332
1.8713733
2.073135
1.9167825
2.085875
1.9623482
1.8386561
2.0006418
1.9284288
1.9131278
2.0571263
1.8368165
1.9764681
2.0741675
2.1968348
1.9053807
1.8596166
1.995138
1.9740248
1.8873705
1.8608265
1.946523
1.89825
1.8903881
1.8330275
1.898016
1.769729
1.8259808
1.946079
1.8420436
1.8440976
1.8763882
1.8212322
1.8593372
1.798101
1.9858301
1.8650943
1.8585855
1.8673276
1.9432025
1.8615434
1.8277179
1.8306413
1.8755713
1.794007
1.874486
1.9844673
1.895753
1.977423
1.9224808
2.0166366
1.9742177
1.8680104
1.982362
1.887936
1.8326124
1.8230512
1.8800849
1.8474987
1.9156985
1.8797358
1.919554
1.9565065
1.9620173
1.8156005
1.9251057
1.9256667
1.8424251
1.9011041
1.8362592
1.7975155
1.9145163
1.8449225
1.8985314
1.8327098
1.8259897
1.7721359
1.935157
1.8286405
1.869481
1.8572272
1.930389
1.8704404
2.008668
1.9133362
1.9088641
1.8103061
1.9472665
1.8526345
1.926846
1.8337648
1.9201396
1.9004785
1.8444242
1.8384793
1.8396417
1.7635376
1.8221267
1.8349895
1.8499385
1.8484057
1.783337
1.8491513
1.8637623
1.9445357
2.0561314
1.9469045
1.8720446
1.8156166
1.8105187
1.9673568
1.9919789
1.9126475
2.065747
2.253141
1.8231379
1.8720802
1.8927
2.2977529
1.8802987
1.827986
2.0441477
1.9681764
1.8122193
1.8404014
2.016169
1.9392619
1.9083235
1.8870318
1.9067655
2.0489326
2.155362
1.9380957
1.857424
1.8480761
2.079908
2.0649085
1.8156469
1.9355941
2.007815
1.9565812
1.764566
1.959333
1.9254951
1.841725
1.8720043
1.812881
1.8735633
1.8427962
1.8562437
1.8040525
1.8645746
1.9532006
1.7932417
1.8622408
1.7840577
1.809882
1.7792966
1.9015945
1.8725772
1.7532235
1.805815
1.8306057
1.8421986
1.8440559
1.7891225
1.7433292
1.7873453
1.8254635
1.8218504
1.8551786
1.9354843
1.851799
1.8406868
1.8622649
1.909585
1.7914745
1.7638507
1.8273832
1.7594895
1.8376279
1.8050224
1.8078208
1.7653937
1.8169007
1.9415147
1.7570332
1.9158243
1.8040802
1.8818402
1.8249742
1.7306637
1.8796613
1.759195
1.8414643
1.841475
1.913979
1.8700367
1.7987876
1.8821895
1.9540602
1.905432
1.7449036
1.8630042
1.9054996
1.8441557
1.8890942
1.8703495
1.7134
1.7640213
1.8462483
1.8017927
1.7700372
1.8021874
1.7892033
1.7464145
1.7864878
1.7915622
1.7528338
1.7060131
1.7170786
1.7996516
1.7787187
1.7734268
1.7276514
1.8387892
1.7236807
1.7935702
1.8071332
1.7753736
1.8402045
1.825887
1.8843372
1.7355545
1.739804
1.738506
1.6973085
1.7531731
1.8018086
1.8241832
1.7678134
1.8154925
1.8082472
1.900623
1.82619
1.8036462
1.7218822
1.7554045
1.6973567
1.7388072
1.7271998
1.6896632
1.7403933
1.7859005
1.6856174
1.716945
1.9540789
1.6840199
1.714514
1.7682223
1.8359735
1.7275838
1.7776972
1.6589476
1.828925
1.8598034
1.759831
1.8454993
1.765676
1.7255547
1.7426854
1.8186108
1.7653207
1.9131815
1.8951232
1.9308866
1.7786973
1.856735
1.8203832
1.7617239
1.7051522
1.7854214
1.8522265
1.7272718
1.790076
1.7533804
1.7258735
1.7825936
1.8561605
1.899536
1.6838235
1.878885
1.8765801
1.7956027
1.7786468
1.8279212
1.6960235
1.7330124
1.8263092
1.8137088
1.7357748
1.8321193
1.8267343
1.7461832
1.7468641
1.9073449
1.8151008
1.8478534
1.8830907
1.9619702
1.796649
1.8871495
1.7755615
1.7168785
1.7754263
1.7458814
1.9293963
1.7652992
1.7438195
1.891238
1.7999399
1.7566063
1.7321082
1.776388
1.8724831
1.7776705
1.8182068
1.7153622
1.8358876
1.9479403
1.7108413
1.8224508
1.8963735
1.7377212
1.8761084
1.7415422
1.7323759
1.7538164
1.8056891
1.7410102
1.6787853
1.790595
1.9365832
1.7139463
1.7703723
1.7530082
1.7660234
1.8219208
1.7667195
1.7469174
1.7858094
1.7928455
1.8929969
1.7326329
1.7080709
1.799983
1.7561766
1.784042
1.7463102
1.9294815
1.7196802
1.7900487
1.7693442
1.7842705
1.7328632
1.7197127
1.7346044
1.7373112
1.7888231
1.8106828
1.6733795
1.6786355
1.7650187
1.7228782
1.7527884
1.7298609
1.6897814
1.7161977
1.7752725
1.6717918
1.7002133
1.7268063
1.7748607
1.6759735
1.7252197
1.7379394
1.8205351
1.7178078
1.687743
1.6835626
1.8027925
1.6798472
1.67289
1.738739
1.7566725
1.6335601
1.6917392
1.7313825
1.7050664
1.801232
1.7322292
1.8770827
1.6981511
1.7004006
1.6438957
1.746618
1.6877022
1.6635453
1.662707
1.7589334
1.7237585
1.6387379
1.7196388
1.6741155
1.8110538
1.6704857
1.7658603
1.686989
1.7128452
1.7178395
1.8707247
1.6791584
1.7443248
1.697752
1.7132385
1.729938
1.647989
1.775972
1.7044122
1.6337638
1.7862439
1.7115406
1.809006
1.7086388
1.742654
1.8473723
1.6493173
1.6804793
1.7706082
1.7320806
1.850046
1.6693753
1.857917
1.9449469
1.8050498
1.6069974
1.7830832
1.8418298
1.6836499
1.8096915
1.8309888
1.7084053
2.060207
1.716712
1.744056
1.7587863
1.771456
1.8469177
1.7189256
1.6805176
1.6936837
1.7620462
1.6876103
1.7502456
1.7416782
1.6803074
1.731289
1.721464
1.7161442
1.6868321
1.6863592
1.8173633
1.8382015
1.7439187
1.9341214
1.7504573
1.9984885
1.6992878
1.8045876
1.9865083
1.7805189
1.7197669
1.899327
1.7557935
1.6834111
1.6827749
1.8819482
1.7433485
1.7096939
1.8730712
1.8101035
1.7550151
1.8061879
1.6343802
1.8259727
1.8417482
1.6686722
1.6057354
1.8073772
1.7221415
1.7885631
1.651277
1.6727188
1.6664248
1.8298672
1.8192892
1.7615008
1.7753042
1.9465768
1.7416067
1.8890382
1.8035158
1.8523773
1.7863185
1.9253082
1.8103307
1.7136316
1.7714996
1.6874901
1.6752977
1.7079937
1.6947602
1.7933477
1.6921892
1.7243621
1.7165656
1.7799817
1.7242975
1.6018522
1.7792615
1.7625787
1.793264
1.7997085
1.7320645
1.9788702
1.7218835
1.7113467
1.681264
1.8272505
1.6672105
1.6117201
1.748287
1.731304
1.8571199
1.7372601
1.8691875
1.7837175
1.6584507
1.761687
1.7031626
1.7606485
1.9320762
1.752459
1.7008795
1.719028
1.9413146
1.7587707
1.7415876
1.7235062
1.7005228
1.8976994
1.8227413
1.7371782
1.6216453
1.7746645
1.777053
1.6895168
1.6935557
1.742992
1.8177065
1.6889902
1.6245055
1.6109877
1.7261403
1.837829
1.6176103
1.6402237
1.6494077
1.7018647
1.736042
1.7840142
1.6467175
1.6877285
1.7262609
1.6361595
1.6873307
1.599034
1.7267325
1.6620255
1.7499301
1.6815143
1.763933
1.6160953
1.7229141
1.6914958
1.6840096
1.6428319
1.7140862
1.7748959
1.7025888
1.702685
1.6638832
1.7696654
1.7162777
1.6459785
1.7106358
1.7190388
1.9338398
1.644977
1.6656128
1.7532632
1.717583
1.6587067
1.6525534
1.7664495
1.7335942
1.6682788
1.686721
1.7629026
1.811788
1.7288977
1.7250128
1.7617048
1.8574903
1.6302326
1.6694897
1.6887093
1.7568622
1.7227228
1.6962037
1.6822399
1.678734
1.5929155
1.6633539
1.6486484
1.5950129
1.6845765
1.7523772
1.6415713
1.6975653
1.6994976
1.789271
1.6738217
1.7175175
1.6803265
1.6930902
1.628415
1.6410246
1.7278475
1.6788393
1.7753735
1.7025688
1.6815045
1.7847668
1.657957
1.6180395
1.7452863
1.8627503
1.7466997
1.6990964
1.760087
1.6551045
1.6350365
1.7219099
1.6666759
1.6799208
1.6910005
1.7942162
1.6978499
1.8058519
1.6299102
1.6478531
1.7062968
1.7269204
1.6254855
1.6156522
1.6676185
1.6801406
1.666793
1.6159145
1.662222
1.6415199
1.6836452
1.6495185
1.6963948
1.6525025
1.6341292
1.6922338
1.6163542
1.6803511
1.6389107
1.6475222
1.6747208
1.6672947
1.6619732
1.6914665
1.6270486
1.6518844
1.7019626
1.8710968
1.7878482
1.7384317
1.7471995
1.9265467
1.719216
1.6854892
1.8162572
1.7415965
1.6386513
1.7120951
1.6691585
1.7535025
1.6583189
1.63212
1.6186935
1.6837151
1.7884418
1.6397724
1.7099901
1.6495812
1.6430056
1.6169237
1.6175883
1.969755
1.7040715
1.8355623
1.7408315
1.6719477
1.658465
1.6323297
1.6603413
1.7070205
1.699328
1.6757151
1.7445304
1.6299717
1.6084596
1.6705246
1.6403346
1.8397312
1.6144556
1.6855043
1.7241426
1.672778
1.6069206
1.6611657
1.61611
1.7198746
1.9963623
1.6501071
1.6845067
1.925613
1.8038625
1.5992876
1.6507955
1.7467322
1.8907427
1.7127419
1.7065083
2.2034163
1.7309577
1.6805454
1.721712
1.7588928
1.6408622
1.6980288
1.9935012
1.6642373
1.6161675
1.6298339
1.8018018
1.7196444
1.826544
1.7186944
1.93346
1.7341317
1.6065221
1.6768618
1.6536478
1.661662
1.7003875
1.7758818
1.779956
1.6860685
1.8990949
1.6459899
1.6400144
1.6066837
1.7857976
1.6159859
1.6583333
1.6606212
1.6016233
1.6627997
1.6049712
1.6736172
1.6760143
1.78144
1.7029045
1.741407
1.6020643
1.615568
1.7600944
1.713167
1.6706102
1.6210332
1.6667297
1.8385832
1.6785091
1.7346923
1.6841768
1.7579979
1.6358823
1.6127925
1.6391697
1.9560374
1.7907171
1.677139
1.7551144
1.843767
1.7801925
1.8061455
1.8885565
1.7352707
1.730409
1.8817171
1.6941445
1.6354022
1.8334873
1.604375
1.675297
1.7602715
1.8700576
1.6229898
1.703322
1.791872
1.6987289
1.7069212
1.62268
1.695791
1.7236042
1.786408
1.650226
1.6778698
1.7077657
1.7102062
1.6641287
1.8617374
1.7862302
1.6995759
1.7369697
1.8128774
1.7665533
1.6035062
1.6523871
1.8286366
1.6319532
1.6625339
1.6218921
1.6792578
1.6611103
1.7083304
1.6241105
1.7077247
1.6778102
1.766777
1.8409448
1.7465862
1.9351296
1.7061368
1.8558296
1.8040619
1.9013826
1.6293737
1.6977732
2.0006595
1.6982278
1.72544
1.5885397
1.8266015
1.6342583
1.7352971
1.611986
1.6651695
1.6172785
1.6934823
1.6312505
1.6917843
1.7062802
1.6792678
1.708631
1.6460092
1.7265867
1.7515963
1.874366
1.7415749
1.7051836
1.8365103
1.8053129
1.7654197
1.6302367
1.88736
1.8071351
1.6937057
1.6735193
1.6771584
1.7156665
1.6608984
1.6750302
1.8018283
1.6434141
1.6322203
1.6811757
1.6979254
1.7520783
1.7701873
1.7325083
1.6469605
1.6874622
1.7667911
1.6597728
1.621298
1.6351775
1.6651431
1.6200575
1.6509
1.7158961
1.6177645
1.578794
1.5788357
1.5873015
1.6121126
1.607395
1.6373322
1.6588818
1.6848426
1.645992
1.6138813
1.5848835
1.6608986
1.586884
1.7531652
1.6297861
1.5689749
1.5946453
1.5738356
1.6369591
1.6361355
1.6935412
1.7365612
1.7130555
1.6395652
1.7422236
1.6420268
1.6553247
1.6150558
1.6178957
1.7041738
1.5912158
1.7659296
1.6042843
1.6507303
1.5978718
1.6628526
1.6622722
1.7466135
1.6966144
1.5670648
1.6631111
1.7356321
1.681293
1.6743754
1.6404543
1.6207616
1.7053396
1.6168938
1.5917017
1.6395627
1.6182489
1.6745644
1.6741333
1.6225095
1.6138798
1.6449302
1.5692775
1.630224
1.5708227
1.5718054
1.6322002
1.9380877
1.63118
1.7932191
1.6600654
1.6404442
1.573593
1.629221
1.6258582
1.7367892
1.6271638
1.6837659
1.6907852
1.6373447
1.6807495
1.6016858
1.5973656
1.642726
1.6816639
1.6617643
1.6203115
1.6223351
1.640821
1.5763069
1.609126
1.586673
1.681749
1.564783
1.652371
1.6808088
1.6378149
1.7959358
1.6673087
1.6124063
1.651085
1.7301258
1.6116887
1.579577
1.5914731
1.6352814
1.6539165
1.5732313
1.6635493
1.6283834
1.6285882
1.5978729
1.6220158
1.7279865
1.5722382
1.6329643
1.6195825
1.6799058
1.5408423
1.5851355
1.5434275
1.6419817
1.6584204
1.5668615
1.5914423
1.5592717
1.574041
1.590186
1.5670732
1.6495007
1.7074393
1.6278383
1.6013874
1.5577855
1.5786728
1.6020178
1.6118025
1.5513092
1.6202292
1.6511656
1.5921695
1.6068633
1.740458
1.5760812
1.5556372
1.6243196
1.6215072
1.665455
1.5923485
1.6409345
1.6643535
1.6604798
1.7176825
1.6253855
1.705671
1.7014061
1.6010681
1.6946017
1.6266655
1.5827183
1.6481047
1.5510973
1.6293485
1.7542301
1.7191318
1.5580401
1.6331214
1.7955853
1.6680305
1.5822074
1.6452425
1.5910647
1.6667964
1.6521235
1.6260549
1.5615363
1.6296167
1.6258637
1.5804342
1.608246
1.5962096
1.5901892
1.5730643
1.6960133
1.570838
1.5640831
1.5885432
1.554142
1.6215781
1.6020242
1.5738373
1.6238
1.6347486
1.6094967
1.6241223
1.6498867
1.663346
1.6119038
1.580544
1.61858
1.6205531
1.6030234
1.5880293
1.5690225
1.6024033
1.5821438
1.662081
1.648247
1.5850803
1.6725674
1.6378001
1.635187
1.6021069
1.7636951
1.6944599
1.578664
1.5661225
1.6119863
1.6954668
1.6673625
1.7210968
1.5777419
1.6266141
1.5936463
1.6744398
1.5992215
1.6143134
1.6355355
1.5994525
1.5423114
1.6024901
1.5482237
1.6713425
1.593483
1.577335
1.680414
1.6016476
1.5586387
1.693583
1.6783253
1.600114
1.6142046
1.6767279
1.8348455
1.6564896
1.8073984
1.7392973
1.6064761
1.6229447
1.841254
1.7090043
1.6026478
1.6027204
1.7497396
1.6865411
1.6509637
1.6831825
1.695387
1.6757647
1.6392995
1.566718
1.6669606
1.6505275
1.6248237
1.6065297
1.6652309
1.6859399
1.5672587
1.6237535
1.5939053
1.6697538
1.6283909
1.6496596
1.7788464
1.5644312
1.7323695
1.6205567
1.6108755
1.6457275
1.6044855
1.763334
1.5998248
1.623718
1.6047665
1.6442323
1.615806
1.5967001
1.5878237
1.5738355
1.6547322
1.6199062
1.5906477
1.5431421
1.6019185
1.6025864
1.5857078
1.5605992
1.7758528
1.547136
1.6508691
1.6781495
1.6744804
1.7623305
1.614594
1.8584545
1.6963177
1.5843015
1.68707
1.698652
1.6740311
1.6294745
1.6669174
1.6237185
1.7510595
1.9774985
1.660453
1.8276056
1.8242682
1.667423
1.6040673
1.6683025
1.6524178
1.6286523
1.6766285
1.7742879
1.7396612
1.6366335
2.010988
1.6848732
1.6232473
1.690591
1.8805423
1.7950268
1.5669235
1.7397184
1.7226896
1.7331233
1.6366262
1.6003232
1.5663863
1.7083175
1.9098637
1.6420478
1.601889
1.6141416
1.6103241
1.6151748
1.6371008
1.5975198
1.5939736
1.5924968
1.6337923
1.8127128
1.592126
1.6479704
1.6698062
1.615509
1.6168743
1.7710294
1.5860525
1.551441
1.7151427
1.659741
1.585283
1.5909792
1.6046886
1.7066667
1.663269
1.5583476
1.5397894
1.6017487
1.6912735
1.6608173
1.6308577
1.685795
1.6937983
1.5817568
1.5876281
1.6580852
1.6483777
1.629404
1.5857718
1.6549515
1.7570806
1.6196299
1.678351
1.7113132
1.5493255
1.6123862
1.6744615
1.6967741
1.6126784
1.7424495
1.9817612
1.5679915
1.822615
1.9042563
1.7390591
1.9448144
1.7160287
1.7318482
1.6068931
1.7466928
1.8748074
1.6971436
1.6391833
1.5658293
1.6448637
1.7061708
1.6977338
1.7983356
1.614921
1.5987318
1.698316
1.8423322
1.6484776
1.683081
1.5498651
1.580676
1.6728393
1.7661673
1.5932673
1.6511645
1.648166
1.746859
1.6974645
1.6840839
1.569018
1.5808713
1.5902295
1.705553
1.5541781
1.6174406
1.6560508
1.574377
1.662008
1.6399767
1.6009612
1.6820097
1.7070088
1.6083455
1.5918474
1.6598042
1.5909932
1.6022413
1.590197
1.576026
1.6032917
1.636775
1.5691998
1.5588336
1.6046722
1.6419854
1.685817
1.6908189
1.7085415
1.6446865
1.6684432
1.7076211
1.7870828
1.59459
1.6315256
1.71058
1.648369
1.6666865
1.6682937
1.6562365
1.6333684
1.6325097
1.56511
1.6279945
1.639168
1.6074467
1.5863051
1.7476902
1.667037
1.6217293
1.6568812
1.5891061
1.6008211
1.7090665
1.6677685
1.6177175
1.8043411
1.6742473
1.721878
1.6950113
1.792554
1.8179778
1.6967468
1.6284235
1.6747398
1.7200283
1.7634873
1.5915878
1.5971913
1.6326084
1.682238
1.6257771
1.6621406
1.6773195
1.714121
1.6138294
1.893652
1.6200002
1.6801835
1.7032954
1.6268113
1.6196897
1.5844543
1.7473212
1.73047
1.6161332
1.6400098
1.6332505
1.6783413
1.5897775
1.5631195
1.5934857
1.7032658
1.6774725
1.6531982
1.6190593
1.5732259
1.5670782
1.7721622
1.6716863
1.6075318
1.5764804
1.6002928
1.6215087
1.7307112
1.5871985
1.5777861
1.6713803
1.5941449
1.6267569
1.6923856
1.6785548
1.7748063
1.5772434
1.5742954
1.7108891
1.637659
1.6247318
1.5662358
1.6074171
1.6240278
1.5746391
1.5721092
1.5937245
1.6128132
1.6216952
1.6280372
1.5855361
1.6762558
1.6544353
1.5880795
1.608232
1.616914
1.625068
1.598024
1.6515357
1.6707023
1.552538
1.6605445
1.729077
1.5602905
1.5380228
1.6170485
1.5812882
1.5375925
1.5883296
1.6683828
1.5841277
1.5699557
1.551231
1.5947275
1.5798223
1.6556818
1.5894525
1.6066446
1.5813197
1.6485965
1.5768378
1.5925231
1.6124222
1.5446979
1.5532465
1.5394273
1.5467745
1.6432152
1.576426
1.6083274
1.5591325
1.6523468
1.5530655
1.572094
1.5551683
1.5751268
1.6723478
1.6511178
1.6265938
1.615216
1.550669
1.6951985
1.6706865
1.6150987
1.5830461
1.6071019
1.6901945
1.6112676
1.5377862
1.5726187
1.6172367
1.7147619
1.5959456
1.6048813
1.7039107
1.606057
1.5566963
1.5970474
1.5501977
1.5938835
1.6636901
1.5670725
1.6214201
1.6340933
1.5548863
1.7067717
1.582111
1.6821983
1.5470039
1.5848513
1.6230583
1.6197692
1.692986
1.5873818
1.6923532
1.75234
1.8311679
1.606221
1.6169412
1.6240094
1.711458
1.7941551
1.6541295
1.6140698
1.6228529
1.5544074
1.6892227
1.6136167
1.5498904
1.631809
1.6034703
1.6168259
1.642777
1.6227225
1.6205416
1.5512265
1.5489252
1.5872072
1.6068441
1.7040416
1.695226
1.6515505
1.7057828
1.8643577
1.7310828
1.6931177
1.8269663
1.7900012
1.6865079
1.717904
1.7687832
1.6376531
1.560258
1.786831
1.8287383
1.6646868
1.5761611
1.5996505
1.6923538
1.5858748
1.6248368
1.6892067
1.6022755
1.6421392
1.7546502
1.6672211
1.5839747
1.6946578
1.6461115
1.6980131
1.6637162
1.5699693
1.6119629
1.6967771
1.5600482
1.5799584
1.6380838
1.642587
1.6136304
1.6355305
1.7022246
1.5656004
1.5817692
1.6150157
1.5937233
1.5891472
1.6333725
1.6040038
1.6598853
1.649397
1.6039306
1.6552273
1.6144992
1.58294
1.687758
1.5741265
1.5624747
1.5821042
1.5855298
1.5369636
1.5536116
1.5699302
1.5921853
1.6740377
1.6342711
1.5423349
1.6595691
1.5934453
1.5860257
1.5559945
1.623132
1.6760637
1.617377
1.592542
1.5638064
1.7586728
1.6890002
1.6959755
1.6493646
1.7163532
1.7407806
1.760989
1.632374
1.623
1.815361
1.596387
1.6206472
1.5942287
1.6154369
1.6290487
1.5392154
1.6423944
1.5492998
1.5786426
1.6486737
1.5809717
1.6144984
1.6149225
1.5700276
1.6331754
1.5549213
1.6272486
1.5733255
1.7097794
1.6153628
1.5393357
1.5355825
1.730761
1.5934056
1.584063
1.657212
1.6155095
1.6111742
1.5590676
1.6443086
1.645076
1.654205
1.605914
1.62842
1.7290611
1.6662534
1.5918443
1.6265167
1.8382792
1.6059731
1.6291009
1.8259904
1.7344482
1.575136
1.7247381
1.7419077
1.575309
1.6059152
1.63665
1.6263291
1.5626523
1.541371
1.623862
1.5434573
1.6004649
1.5968785
1.6376988
1.6034665
1.5756412
1.6147445
1.6897748
1.6071392
1.5922451
1.6696739
1.740629
1.8919492
1.8298105
1.913064
1.73322
1.5946672
1.6877935
1.6512101
1.8840486
1.5945585
1.7042727
1.6818292
1.7831092
1.6313353
1.5489513
1.5640478
1.7334487
1.7969939
1.7532932
1.575748
1.7019242
1.8147836
1.6828934
1.6887335
1.5953676
1.6101831
1.7485275
1.6228772
1.7183528
1.5846756
1.66045
1.5776979
1.5969529
1.8311307
1.6727653
1.6114688
1.601022
1.7910683
1.6958969
1.6701868
1.6465005
1.554885
1.7849377
1.8139868
1.5829191
1.612197
1.7005438
1.9478457
1.7392132
1.6204225
1.6090912
1.6633289
1.7212433
1.6796185
1.6209327
1.6569394
1.7304145
1.7051528
1.6802264
1.5912008
1.5903373
1.5579177
1.6149257
1.7280642
1.6428792
1.6793944
1.5956914
1.6210476
1.5908175
1.566327
1.6683577
1.6540885
1.6241944
1.5867919
1.6072288
1.6532142
1.579784
1.6331911
1.6882838
1.7031717
1.597996
1.6388319
1.6513851
1.5468003
1.6062059
1.7360779
1.5868725
1.5716788
1.6383318
1.641408
1.64694
1.6405212
1.6980286
1.7614965
1.5937269
1.5858809
1.6130519
1.5728745
1.617247
1.6391245
1.6559818
1.5692078
1.6017796
1.6067935
1.6275244
1.6684304
1.6307139
1.5688605
1.5780808
1.6992971
1.6520041
1.6152202
1.603659
1.6729051
1.6351393
1.6093233
1.6882629
1.5426422
1.7056605
1.5756677
1.7760155
1.5734234
1.62959
1.697786
1.6881757
1.5949328
1.584845
1.564772
1.5422207
1.5853412
1.6145449
1.6534418
1.5789342
1.6057292
1.5439174
1.5431746
1.710456
1.5763452
1.5624175
1.5952747
1.623893
1.598088
1.6547103
1.6290104
1.5785596
1.6371102
1.6050148
1.6866709
1.6109387
1.5650111
1.539805
1.593677
1.6557759
1.6248813
1.6093581
1.6282531
1.5455487
1.6030219
1.6897428
1.6944457
1.6678871
1.6520828
1.8977277
1.7643888
1.5646721
1.5772439
1.645352
1.5893222
1.690021
1.652771
1.7495527
1.6720334
1.5897834
1.5809966
1.7209924
1.596714
1.56048
1.5954744
1.6371732
1.661486
1.5844138
1.5979737
1.5433095
1.5506089
1.6392988
1.570986
1.6240655
1.534426
1.5442216
1.5701243
1.6195345
1.6184721
1.5657053
1.564332
1.5863975
1.5561547
1.5851773
1.6505281
1.5466505
1.5846344
1.6022267
1.5471641
1.554533
1.6018375
1.5789638
1.5751277
1.572656
1.597879
1.6824453
1.6404757
1.6210058
1.5415494
1.5840665
1.6611829
1.6762336
1.6660675
1.591469
1.5642308
1.5696677
1.6385804
1.6781788
1.7568321
1.5934485
1.6111813
1.6247922
1.6572479
1.7488698
1.6641885
1.645596
1.5565927
1.547808
1.6527967
1.6269807
1.5746838
1.584289
1.594916
1.60078
1.5894691
1.6745893
1.6322665
1.5654846
1.7014854
1.5553769
1.6543425
1.5731932
1.641822
1.5898184
1.6662362
1.6096902
1.6038096
1.6271926
1.6453875
1.536715
1.6142591
1.5647995
1.5423782
1.5496354
1.5830432
1.5907557
1.5783663
1.5512537
1.5746837
1.5767825
1.6014873
1.567568
1.6163063
1.6272597
1.591433
1.5386361
1.6344107
1.5878768
1.6080165
1.6634432
1.571613
1.5487922
1.5657872
1.5727469
1.5855478
1.613431
1.554364
1.6030492
1.6264236
1.6883137
1.624951
1.7304313
1.616155
1.6847181
1.612836
1.6229992
1.7946502
1.8063928
1.5892682
1.6387471
1.6215414
1.6039667
1.5913265
1.6316873
1.5385838
1.7687267
1.6778338
1.5695697
1.6361554
1.6825798
1.7358619
1.6494155
1.5748683
1.5747752
1.5697417
1.622088
1.6838615
1.5990711
1.6083512
1.6845075
1.6180044
1.5377569
1.6795923
1.5346255
1.6736007
1.6469356
1.5482242
1.6649812
1.7060275
1.561678
1.6228132
1.575826
1.5769027
1.5425695
1.6538606
1.5930942
1.5965812
1.5601453
1.5691373
1.5803969
1.621414
1.5473197
1.5577523
1.555306
1.5464307
1.5796915
1.6680801
1.6025407
1.6468575
1.5731117
1.580812
1.5690911
1.6226952
1.5456187
1.5941527
1.5600822
1.5684925
1.5645396
1.5740716
1.5918115
1.654557
1.537761
1.5402306
1.5783204
1.6163684
1.6255077
1.5644672
1.5587218
1.5917172
1.5687888
1.6431097
1.5691028
1.5583757
1.5619674
1.5738442
1.706016
1.5556395
1.586862
1.549948
1.5900879
1.6022239
1.5530005
1.6254587
1.5821705
1.5516146
1.6513164
1.724294
1.5867667
1.6983224
1.7124665
1.6255363
1.7589735
1.661997
1.6738015
1.7389871
1.5421925
1.8077937
1.709572
1.6810999
1.5569401
1.708886
