26.495161
27.050932
26.318352
25.807299
25.932072
25.250813
25.630232
25.095797
25.181868
24.543875
24.827412
24.892328
24.319437
23.87806
24.111897
23.383072
22.78584
22.432775
22.364994
22.24971
21.927288
21.734968
21.523296
21.086811
20.511166
20.570946
19.879332
18.944448
18.8292
18.379032
17.592527
16.544939
15.687101
15.401444
14.421904
14.488243
13.549593
13.07946
13.366536
13.272669
12.551845
11.881027
11.057121
11.131868
11.240462
11.15473
10.824818
11.339106
11.417589
10.642899
9.724098
9.798661
9.13189
10.01312
9.674266
10.402454
10.509556
10.727651
10.134622
8.791581
8.666326
8.573718
8.7239065
8.358216
8.68633
8.780182
9.283967
9.152792
9.12424
8.417763
7.713093
7.981034
7.24885
7.738084
7.7537217
7.779296
7.463908
7.524471
6.951348
7.198885
6.9445033
6.484209
6.218805
6.2556057
6.479157
6.2072845
5.827798
6.4022717
6.619243
6.377004
6.060246
6.093877
6.2396965
6.1300335
5.779708
5.4435368
5.394593
5.434301
5.6188154
5.541464
5.1592803
5.4091573
5.342202
5.042996
5.082681
4.863673
4.922801
4.96947
4.8723726
4.788641
4.607039
5.00468
4.868474
4.583009
4.714009
4.3951044
4.7229486
4.68851
4.9201064
4.80949
4.72399
4.7229204
4.803305
4.496963
4.767662
4.558879
4.440591
4.668387
4.819491
4.613953
4.412254
4.548972
4.800178
4.5010085
4.6007724
4.483645
4.390617
4.664041
4.6257596
4.3286376
4.3340635
4.5532823
4.3209076
4.518486
4.531931
4.279917
4.627958
4.492681
4.473858
4.396726
4.3326306
4.39299
4.1867404
4.526573
4.498951
4.3578033
4.403925
4.498449
4.530161
4.660735
4.496864
4.349574
4.1733556
4.2089224
4.484973
4.166254
4.258367
4.272586
4.1017933
4.384628
4.536733
4.5253553
4.328231
4.510184
4.474969
4.125311
4.0584927
4.368324
4.323458
3.9379604
4.3018265
4.29425
4.0045996
4.0956097
4.316786
3.9952223
4.0639744
4.307615
3.9968915
4.1960335
4.110376
4.244976
4.255934
4.3888946
4.3312497
4.469745
4.16657
4.6993246
4.637524
4.3374166
4.442733
4.4077096
4.364678
3.9319024
4.5208225
4.550092
4.3060064
4.321679
4.7429657
4.400882
4.4721003
4.436164
4.656798
4.29306
4.501139
4.414345
4.515739
4.275394
4.211481
4.168035
4.332685
4.365746
4.429458
4.1604967
4.344993
4.2224913
4.032687
3.9868248
4.104228
4.000208
3.7746649
3.752522
4.1942945
4.1838083
4.097433
3.8924744
4.0049195
4.271013
4.0148206
4.060354
4.027865
4.1337504
4.0808973
4.1430917
4.0259104
3.9354267
3.9885151
3.980121
4.0241175
3.9389586
3.9419003
3.7518456
3.9597611
3.8841145
4.0885963
4.0881143
4.05932
4.259515
4.1276565
4.3310156
4.1594586
4.0764
4.292467
3.9239361
3.7898622
3.887049
4.024479
4.016682
4.132216
3.8939486
4.1622996
4.1419764
4.1595435
3.949849
4.1444373
3.885094
3.850544
3.656723
3.8852315
4.072587
4.024725
3.9725385
4.0531297
4.190676
4.228651
4.1034245
4.0786686
4.0512667
3.903724
3.8792994
4.0718336
4.15093
3.696087
3.8472075
4.108769
4.189123
3.9316308
3.8092225
3.9651809
3.953339
3.993664
3.6548254
3.8753304
3.9635866
3.8091035
4.143961
4.0365624
3.7480469
3.7882786
3.7627425
4.1492405
3.705677
3.670486
4.038207
4.0282273
3.9960413
3.8490086
4.222319
3.7930908
3.7867708
3.9189215
3.645127
3.860187
3.7341466
3.9308105
3.6709366
3.741556
3.991287
3.9623754
3.8126376
3.721423
4.0411863
3.8736997
3.6314197
3.78741
3.644736
3.67485
3.6823628
3.8456569
3.6189098
3.848728
3.7121456
3.731244
3.710742
3.8442755
3.9305866
3.6028705
3.6834116
3.5915763
3.5177064
3.6543403
3.483949
3.586269
3.7778528
3.8908544
3.7486575
3.9032414
4.059459
3.7278924
3.7250104
3.6956975
3.6852417
3.61785
3.9830813
3.6708944
3.806023
3.741952
3.7790194
3.8655934
3.8464708
3.691932
3.5757587
3.4618044
3.6779895
3.6815145
3.7552953
3.818239
3.7856905
3.700765
3.841246
3.8104994
3.7563856
3.6880078
3.3888805
3.439748
3.5630906
3.5763612
3.628192
3.667107
3.4450653
3.820934
3.784578
3.5337036
3.469935
3.449611
3.4365284
3.7857835
3.4538012
3.6539502
3.507273
3.583136
3.576725
3.6546526
3.5692189
3.570453
3.3578925
3.504513
3.4781585
3.7552533
3.8412912
3.5930402
3.512235
3.4919465
3.480603
3.624958
3.633292
3.3232927
3.3936222
3.383862
3.602986
3.5235014
3.2623916
3.7650254
3.421193
3.2717948
3.3833213
3.485213
3.315553
3.3731456
3.2771263
3.5597894
3.407225
3.4015298
3.44457
3.4897194
3.4484
3.573676
3.2567348
3.511776
3.434668
3.7185068
3.2726135
3.555672
3.852883
3.532857
3.4969153
3.8358712
3.6625426
3.490299
3.4819355
3.3225782
3.4819453
3.293721
3.2216475
3.6848373
3.344662
3.3989675
3.7212424
3.510051
3.4467576
3.662215
3.5121956
3.358912
3.518018
3.2196577
3.4001045
3.257153
3.5424395
3.3793635
3.105495
3.2369604
3.4950216
3.3228397
3.2975385
3.1535966
3.1814475
3.3744226
3.4019578
3.4809182
3.2112565
3.3358324
3.2903368
3.3787234
3.1540473
3.419699
3.3084264
3.383819
3.259732
3.5123005
3.368625
3.283396
3.320117
3.449666
3.2812557
3.30779
3.3199332
3.4935153
3.4090147
3.2237957
3.2648668
3.17067
3.2931952
3.0874438
3.111524
3.4210942
3.2241626
3.2620943
3.0836143
3.1564593
3.15843
3.120028
3.3245134
3.1527665
3.1288886
3.1365323
3.2137206
2.936028
3.5216608
3.1101534
3.191052
3.1015325
3.212118
3.269132
2.8984177
3.22242
3.0161285
3.073533
3.174011
2.926967
3.1396825
3.0975168
3.2956815
2.9838605
3.100427
3.1331577
3.0870697
3.1987164
3.0989873
3.03888
3.089047
3.0870888
2.902332
3.0581813
3.060584
3.1827548
3.072607
2.9973664
3.08305
3.1057734
3.0611641
2.9665067
2.8662114
3.0010026
3.0511892
3.0865188
3.038378
3.0281029
2.93554
3.0315752
2.8861268
2.8462563
2.9972558
2.912646
2.800348
3.007698
2.927505
2.9768538
2.8414452
2.9107575
3.0259886
2.7777686
2.9973056
2.9141574
2.9420586
2.8552737
2.8461776
2.9616594
3.0482876
2.835192
2.6902835
2.873687
2.8004355
2.8515966
2.7507675
2.7138982
2.988855
2.7562308
2.8536773
2.8111665
2.810576
2.8365045
2.5609677
2.681658
2.7227504
2.6482065
2.678228
2.657974
2.6830144
2.820467
2.660912
2.6105232
2.554568
2.8563836
2.5500197
2.7231746
2.8132315
2.8792577
2.7363744
2.7922926
2.787129
2.6563458
3.0413516
2.6549776
2.6287796
2.7154155
2.7809598
2.7944822
2.7511594
3.0660415
2.818816
2.7910295
2.8780684
2.6455824
2.7150667
2.6220665
2.7625358
2.662877
2.705529
2.7536504
2.8234644
2.6687624
2.8709989
2.810881
2.8659515
2.648661
2.77001
2.7856164
2.782701
2.7804146
2.7047584
2.8910904
2.975246
2.731901
2.6943758
2.8439515
2.764796
2.904175
2.5835922
2.7668815
2.803518
2.793376
2.5681145
2.713453
2.657384
2.797973
2.684347
2.6527338
2.619928
2.800253
2.6208413
2.7190278
2.589244
2.6787019
2.7005742
2.6235757
2.7304688
2.77668
2.6820512
2.7031214
2.6633976
2.7488055
2.6323736
2.7620084
2.5945954
2.7278886
2.6890512
2.6286333
2.5286696
2.5760052
2.7492056
2.5401947
2.766223
2.7452269
2.54084
2.6724994
2.5663035
2.5528164
2.6469905
2.802663
2.5611835
2.500624
2.547279
2.7135994
2.6328416
2.5085955
2.4753795
2.5307784
2.612394
2.7650592
2.5521643
2.6287212
2.6805947
2.498517
2.667154
2.5607173
2.4552684
2.7123995
2.482124
2.6404493
2.5997488
2.3412433
2.7263932
2.6666842
2.720625
2.653063
2.5947928
2.3894784
2.5443876
2.610168
2.8144488
2.5788014
2.4707992
2.5875535
2.7244544
2.3717945
2.559276
2.6875317
2.5864856
2.3504086
2.4945118
2.452312
2.485493
2.5369935
2.3592124
2.5171955
2.3924465
2.3489134
2.245913
2.4955723
2.3930657
2.39346
2.620476
2.4406047
2.433595
2.45619
2.50324
2.3165765
2.4218435
2.5033424
2.2339313
2.5921285
2.28126
2.6309767
2.4791152
2.4384663
2.468981
2.3442395
2.4136646
2.4570477
2.443271
2.518094
2.4716525
2.4019227
2.452912
2.4340284
2.5202262
2.410523
2.411478
2.621814
2.5916286
2.495239
2.5414214
2.422591
2.450651
2.4166374
2.5413775
2.413771
2.7728176
2.4524283
2.465404
2.483569
2.6449878
2.564664
2.4525964
2.5990067
2.395798
2.5946634
2.6279757
2.5049264
2.563514
2.3489134
2.6436498
2.4666486
2.2902293
2.460138
2.4313025
2.3798094
2.40484
2.4086611
2.4796004
2.5277038
2.2718818
2.3362944
2.5559042
2.382689
2.3133245
2.341886
2.4541326
2.2234454
2.2451603
2.3679855
2.414942
2.362009
2.3143568
2.4604685
2.4757676
2.570237
2.4003875
2.313184
2.4501164
2.3992677
2.333415
2.4877918
2.621456
2.5553818
2.5228755
2.6180859
2.3532863
2.474293
2.682282
2.452257
2.4539795
2.518276
2.5271835
2.511302
2.418998
2.396112
2.2666626
2.443226
2.333555
2.3594964
2.5899823
2.5638475
2.4760087
2.5050266
2.458971
2.3831522
2.3668141
2.4254875
2.5034173
2.6456785
2.398266
2.3386774
2.40896
2.342383
2.4274244
2.523584
2.5409732
2.3162544
2.129891
2.386663
2.320996
2.427612
2.39839
2.4661577
2.4013164
2.3819938
2.564152
2.7148123
2.5777578
2.40573
2.3527524
2.47992
2.498829
2.4129915
2.5475943
2.4800377
2.589184
2.641664
2.444654
2.5026114
2.408693
2.298432
2.569369
2.5047655
2.320462
2.14603
2.394407
2.315497
2.3030014
2.3316708
2.366735
2.4212732
2.383293
2.3373241
2.3604014
2.4528773
2.4274378
2.4828393
2.199328
2.4757595
2.4170108
2.383634
2.4051304
2.4779825
2.368152
2.308712
2.4789805
2.5596387
2.308139
2.4543724
2.527906
2.251025
2.5586472
2.3370342
2.3472786
2.409082
2.396831
2.518205
2.3162856
2.384991
2.3201528
2.3525126
2.2374022
2.385792
2.294741
2.4183345
2.2596939
2.298272
2.342198
2.2768364
2.5090075
2.4621322
2.3269145
2.3467815
2.4867823
2.2755294
2.2727993
2.1967914
2.4173927
2.283707
2.2122092
2.4002714
2.4025967
2.32629
2.2686474
2.4637926
2.2624135
2.4409876
2.4557188
2.3204024
2.299751
2.4942048
2.5200796
2.129814
2.3571353
2.806102
2.313162
2.2528288
2.460655
2.5948312
2.214346
2.2403488
2.22646
2.357029
2.3719754
2.3568366
2.108587
2.6267025
2.2770755
2.2709773
2.41708
2.290499
2.1883786
2.351224
2.393406
2.3038385
2.2874966
2.0931144
2.190074
2.433632
2.289613
2.30354
2.2342186
2.2423065
2.270073
2.5024846
2.2284236
2.352241
2.118866
2.2323544
2.3285153
2.3179195
2.3273265
2.3859935
2.394747
2.3556767
2.299089
2.1881022
2.3756537
2.3604734
2.1379657
2.423956
2.3833287
2.3492095
2.5570295
2.3965166
2.2213244
2.3660958
2.4383824
2.2075033
2.3664825
2.6803246
2.0908127
2.2085376
2.2037663
2.1874673
2.3372767
2.2343605
2.2741137
2.319644
2.3864396
2.1543133
2.2421114
2.1170342
2.3441517
2.163182
2.247724
2.2484398
2.4493232
2.336135
2.1656067
2.2628748
2.3087707
2.470785
2.311337
2.2480195
2.3246624
2.2482574
2.2036605
2.3714225
2.2265708
2.3076656
2.376811
2.2126718
2.2467625
2.2340112
2.2918305
2.244332
2.3585496
2.222862
2.320552
2.078992
2.1524525
2.1799686
2.252186
2.5016513
2.3062708
2.4723444
2.247339
2.1950433
2.336516
2.3812156
2.2250965
2.4264185
2.3690488
2.33332
2.1134956
2.1939614
2.2197914
2.143816
2.1528974
2.244759
2.2765338
2.21941
2.351514
2.1629322
2.2420754
2.3111355
2.1666725
2.3367236
2.1213505
2.3614845
2.1580377
2.2388024
2.1470265
2.145517
2.1882734
2.214535
2.28867
2.214959
2.1731527
2.1033862
2.120245
2.0972412
2.0467505
2.1800964
2.1253965
2.1036339
2.1522624
2.197608
2.1917307
2.1097584
2.1543043
2.0770206
2.231076
2.1041944
2.1517808
2.171012
2.0716393
2.0554838
2.0884593
2.0698192
2.1444795
2.2295904
2.259965
1.9333359
2.1222324
2.001527
2.138645
2.0380774
2.2926865
2.0858727
2.1454818
2.0599048
2.1770394
2.173303
2.2118473
2.171156
2.1890807
2.1872394
2.228765
2.2331784
2.185441
2.0704958
2.2844214
2.455635
2.1232615
2.1495051
2.1604517
2.2349854
2.5989227
2.284138
1.8950768
2.5851164
2.239578
2.250703
2.6789849
2.3848014
2.0273595
2.554995
2.3689008
1.9706382
2.3081136
2.4002833
2.1616437
1.9897943
2.1463354
2.1891935
2.107165
2.1983974
2.307667
2.137315
2.1951694
2.0603697
2.1233292
2.0518813
2.200907
2.1794343
2.1164317
2.107082
2.1865761
2.150282
2.3182592
2.1144056
2.2630014
2.2433505
2.0601416
2.0545518
2.2436194
2.2052655
2.1917133
2.1909914
2.265039
2.1796305
2.1481235
2.194894
2.0415213
2.3609335
2.170236
2.0351353
2.0288482
2.2247045
1.9830292
1.9485823
2.0023034
2.1482422
2.1924152
2.1728127
2.077686
2.0681326
2.0077286
2.1758814
2.0105393
2.131769
2.0771205
2.115338
2.0992587
2.1756816
2.427501
2.0932477
2.2229037
2.1052797
2.1160243
2.212477
2.3104944
2.1778474
1.9832462
2.128903
2.3215365
1.9536082
2.1844678
2.5140212
2.045261
2.107645
2.340035
2.0751224
2.3243065
2.321063
2.1690598
2.0294423
2.4628825
2.251958
2.209151
2.110481
2.2154274
2.192602
2.32059
2.307489
2.1652348
2.13087
2.193516
2.084681
2.175719
2.2582855
2.0438774
2.1283689
2.1549654
2.0541244
2.2248394
2.1929214
2.083305
2.0512738
2.2736773
2.11321
1.9577566
2.025489
2.0963745
1.9406196
1.8932561
2.0872521
2.0845847
2.098705
2.189005
2.328342
2.1383533
1.9410763
2.023362
2.264876
2.0575173
2.1167452
2.102068
2.0148582
2.0668838
2.0840492
2.0918987
2.216687
2.2391899
2.3080835
1.9579512
2.1327515
2.0314817
2.32469
2.1563
1.9596035
2.1506176
2.0288045
1.9963167
2.0154068
2.1716156
2.0191035
2.1209795
2.1585414
2.1079438
2.1218605
2.024675
2.079291
2.1748013
2.0813265
2.0302446
2.2105834
2.219008
2.0518594
2.0765336
2.0021825
1.8767645
2.073533
1.9344906
2.14517
2.0329053
2.0532486
2.169667
2.0214107
2.0511596
2.0715244
2.0874035
2.0838306
2.0256302
1.9355155
2.0447195
2.1651838
2.1036205
2.3141472
2.246709
1.8883058
2.0586843
2.0477402
2.274797
1.9257685
2.0299542
2.1779232
2.156183
2.1460083
2.0459676
1.9676362
1.9070108
2.1349845
1.9839255
2.0453892
1.8736135
2.0418723
2.12527
2.1854658
2.108189
2.2773945
2.4972856
1.9905499
1.9578443
2.4965978
2.017118
2.1511288
2.252629
2.066083
2.0390108
2.2672818
2.1771758
1.9728658
2.220814
2.4782748
1.9213493
2.0645273
2.3245828
1.854528
1.9261905
2.111946
2.196853
2.1382349
1.9642385
2.1732235
1.862864
2.0370376
2.008383
2.033933
1.8716301
2.0401225
2.0272954
2.2204533
1.9905478
2.0491323
2.0287166
2.0535254
2.146037
2.118727
2.2916484
1.9595844
2.1505666
1.9315755
2.0261805
2.1104314
2.0947714
2.0075865
2.0958264
2.1616304
2.0391214
2.106121
2.0836651
2.2259886
2.196513
2.036373
2.0624447
2.2087336
2.020511
1.897967
2.126392
2.0896866
1.9262104
1.9347044
2.1179013
1.9236395
2.150345
2.145623
2.0213497
1.917564
1.9435834
2.0032074
1.8804116
1.9571393
1.9329885
1.923177
2.0189095
1.9012963
2.0447476
2.08887
1.9956506
2.0268233
2.1685834
1.886218
2.335658
2.0323162
2.1804278
2.1679144
1.9909081
2.1126525
2.46952
2.192367
2.444824
1.9300892
2.0729918
2.235179
2.036285
2.2650902
2.0476184
1.8567516
1.9242367
1.9675695
1.9658929
1.8553542
1.909903
1.8833473
2.1156652
2.057586
2.015565
1.9050267
2.082167
2.0181482
2.0136275
1.8654362
2.0306647
1.9510849
1.9245645
1.9200168
1.9243232
2.0114665
1.8801359
1.8832109
1.9251208
1.850563
1.9076228
1.8779228
1.9938015
1.8336297
1.96739
2.0500743
1.8806353
2.107354
1.930168
1.9751159
2.1570172
1.9066705
2.1109385
1.8961977
2.0720184
1.988306
2.0178697
1.9191895
1.847702
2.0258954
1.9789153
1.827051
1.9279093
2.0076787
2.0260515
2.0540185
1.977014
1.9652452
1.987757
2.0464356
2.0812144
2.0213063
2.0361705
1.8966227
1.9948298
2.125771
2.0336578
2.2199874
2.0266705
1.7930574
1.8743645
1.8396442
1.9110501
2.0998688
1.8786192
2.1248045
1.985547
1.9819261
1.9435279
2.0095396
2.0553172
1.89079
2.0842633
2.0048134
2.00128
2.039303
2.070428
1.8751644
2.0867548
2.1014426
1.9241035
1.8811911
2.3659625
1.952933
1.8897274
2.2545257
1.891116
2.1550856
1.9654273
2.114172
2.1517606
1.8582495
1.9282155
2.0227864
1.9307562
1.9437557
2.0456698
2.1373959
1.8306887
1.9074094
2.0776427
2.113032
1.9672865
1.922226
2.0326843
1.9801255
1.9141418
2.00122
1.9137759
1.870993
1.9904644
2.0830688
2.1778646
2.3520114
2.174992
1.905622
2.2499006
2.1790805
1.9813541
1.9732407
2.272749
2.0388727
1.8767035
2.137635
2.229125
1.9311985
1.9870495
1.8815812
1.9657815
1.8771636
1.8830405
1.9211926
1.9814235
2.0901961
1.8241414
1.9158596
1.978497
1.8994889
1.9232899
1.9017003
2.2125595
1.9468572
2.3631585
2.029217
1.8729408
2.104995
2.0065389
2.0589848
2.2011993
2.011781
1.8957336
2.3136501
1.9320087
2.1596348
2.0616043
1.8466316
2.0308063
1.9429635
1.805826
1.8524309
1.8504705
1.8587528
1.9899453
1.815477
1.8387363
2.104639
2.039187
1.8830768
1.9481535
1.8950517
1.9379077
1.82227
1.8635371
1.958447
2.153442
1.8981724
1.8176292
2.1365454
2.0094223
1.9071985
1.9695565
1.9092368
1.9154513
1.9324845
1.9747853
2.116227
1.8680713
1.9865098
1.8488072
1.7906327
1.8721843
1.8901345
2.0697358
1.869896
1.8497688
1.908962
1.8579283
1.9212581
1.8631368
1.8959677
1.8930694
1.8873632
1.8357311
1.8212517
1.8757519
1.9027021
1.7142365
1.899469
1.9999442
1.867747
2.0993128
1.945304
1.942112
1.7987207
1.8840712
1.8177497
2.073441
1.954675
1.897773
1.78705
1.9758058
1.7857921
1.8893467
1.8124657
1.7724586
1.9728732
1.862099
1.860299
1.9342793
1.8819909
1.8734405
1.8836615
1.9969724
1.969309
1.8656971
1.8759372
1.8702488
1.9410833
1.9284657
2.004333
1.8984628
1.745906
1.8912233
1.8745139
2.0265114
1.860021
1.8301013
1.9061203
1.7906548
1.787795
1.8606548
1.9285253
1.7860472
1.9256191
1.8916597
1.8365111
2.0030828
1.8114352
1.85448
1.8898404
1.7783004
1.8868531
1.8515719
1.7840714
1.788687
2.0200868
1.8195872
1.7040395
1.8944643
1.9294902
1.9337689
2.0494096
1.8372574
1.969566
1.964085
1.9056023
2.06874
1.8293447
2.2790878
1.8695438
2.277609
1.8555747
1.8815863
2.0878897
2.2274525
2.0215125
2.0862823
2.0220656
1.8758422
1.7969348
1.9206277
1.873867
1.7251134
1.8516775
1.9143667
1.8091773
2.041363
1.9468442
1.856279
1.9183255
1.93458
1.9682086
1.8506393
2.468856
2.0718498
2.4137442
1.9027975
2.2766175
1.892095
1.9386978
2.1432536
1.8907369
1.9305092
2.1126385
1.9688634
1.9361029
1.7939215
1.8574895
1.794093
1.7703995
1.9644132
2.0683804
1.7233553
2.1227174
2.016833
1.858445
1.8423042
1.8379436
1.9445018
1.8898352
1.943073
1.9727861
2.212136
1.9304773
1.8292743
2.0455916
2.4389536
1.8382895
2.1404507
2.0651262
1.8225147
1.9127108
2.0806375
1.9787534
2.2085733
2.0360358
1.8477098
1.8764066
2.023603
1.8285258
1.8490565
1.7607315
1.9050567
2.055133
1.8096687
1.8262938
1.9146656
1.9193105
1.800443
1.7918016
1.8667152
1.8460865
1.7512963
1.9098719
1.9869353
1.7776767
2.0373793
1.9244525
1.811318
2.024063
2.0703523
1.8110222
2.0651915
1.8642957
1.865909
1.964694
1.8866233
1.8426573
1.8108908
1.9583721
1.8445399
1.9022909
1.805215
2.1216235
1.7325263
1.7978177
1.8529578
1.8147572
1.8677742
1.8371778
1.7541069
1.7908865
1.7460493
1.9945543
1.8446935
1.845969
1.9799315
1.7717197
1.867775
1.8524843
1.919324
1.8303697
1.768159
2.222757
1.9190426
1.8846734
2.0513692
1.737155
1.7367524
1.8808682
1.8174453
1.8231801
1.813969
1.9179054
1.9387075
1.8190385
1.914882
1.9485527
1.9104007
1.892789
1.8340094
2.0117183
1.9195312
2.0355396
2.045201
1.7770612
1.9070667
1.8467945
1.849265
1.8722023
1.8369813
1.7757306
1.7325926
1.8100374
1.8110462
1.7174015
1.7427672
2.0834138
2.0012453
1.7299725
2.1767905
1.8595613
1.7348375
1.8544947
1.9310988
1.9492499
1.8986545
1.8289452
1.9404187
1.9951924
1.76708
1.8841716
1.966348
1.8675138
1.8635999
1.6959879
1.9865183
1.9865961
1.8177255
1.9446999
1.835366
1.8159368
1.9454762
1.7939738
1.831396
1.7688491
1.799122
1.7733845
1.8477978
1.847985
2.000609
1.9071374
1.8583118
1.843701
1.8091179
1.7484274
1.8045503
1.9088057
1.821084
1.8002288
1.7785337
1.9695884
1.7930995
1.7576214
1.7200522
1.6960965
1.943999
1.8040222
1.8764812
1.7802564
1.7937385
1.7231299
1.8615799
1.7292722
1.695561
1.855346
1.7889333
1.9825529
1.9116151
1.914493
1.804781
1.8220706
1.8744408
1.8450222
1.7781745
1.8179643
1.9726449
1.9083425
1.9806428
1.7867469
1.8035983
2.0011718
1.7815171
1.7881198
1.8771092
1.7877464
1.7576784
1.886416
1.7656823
1.8494911
1.9268986
1.819739
2.0346775
1.8189358
1.7864125
1.8278885
1.7348554
1.9926461
1.9205987
1.7725712
2.066908
1.93668
1.7584012
1.8886572
1.9553804
1.8643819
1.9083043
1.80145
1.784292
1.7332363
1.8550295
1.8324869
1.8118935
1.9291675
1.8347688
1.769267
1.887818
1.8704407
1.9634855
1.8829912
1.8559971
1.787384
1.941717
1.9611515
1.9366404
1.974945
1.9602838
1.8958718
1.7659787
2.0068104
1.912867
1.8018323
1.8855687
1.8288008
1.8028525
1.8865768
1.7874568
1.8631485
1.874416
1.857338
1.750001
1.7953296
1.80305
1.7969863
1.9936287
1.9254367
1.9328761
1.7084105
1.8102633
1.857261
1.8215674
1.7588435
1.8400862
1.740274
1.8518591
1.7827072
1.8780442
1.9526718
1.8005297
1.7859132
1.7646512
1.8422493
1.8762565
1.7599893
1.909786
1.9753013
1.7779549
1.7789652
1.8759187
1.7988327
1.7911007
2.0482774
1.9631003
2.0346723
1.7761799
1.7419672
2.0656006
2.0210073
1.7389704
1.7718468
2.0474775
1.8334572
1.8025215
2.0208638
2.030317
1.7339728
2.0774224
1.8180506
1.7431135
1.8519763
1.8078302
1.9999943
1.6913598
1.7444342
1.8423297
1.9733694
1.9091388
1.8617811
1.8332752
2.0093653
1.8157495
1.9076535
1.9378388
1.9485435
1.8415483
1.9306827
1.8579483
1.9821467
1.7248471
1.9046888
1.9219037
1.819338
1.912353
1.7620742
2.0159023
1.919667
1.8395764
1.7673292
1.8776053
1.9131573
1.7343149
1.7411722
1.721487
2.0815036
1.8037622
1.8212022
1.7970555
1.7939192
1.8240653
1.8102044
1.8688905
1.8383573
1.8583424
1.7905446
1.739541
1.7402488
1.8644098
1.7849766
1.816057
1.8715584
1.8060539
1.8751456
1.8552428
1.8040291
1.7363749
1.9176764
1.8252933
1.8024868
1.7214714
1.8937814
1.854779
1.7975173
1.8804085
1.8634483
1.8216608
1.8007809
1.8657165
1.7272483
1.784497
1.7963003
1.7000525
1.8349651
1.9753432
1.7919613
1.7711087
1.9442225
1.748155
1.8177658
1.8776102
2.033211
1.7372123
1.8292383
1.9684645
1.9082192
1.8428408
1.842505
1.9621143
1.755959
1.798363
1.7480745
1.910588
1.7343659
1.7434702
1.893284
1.899395
1.9066821
1.7898474
1.7771091
1.8219306
1.779224
1.8107694
1.8786145
1.9099356
1.9226782
1.7036799
1.7804163
1.8235071
1.8447735
1.9313285
1.838477
1.8278654
2.017098
1.7684025
1.7810428
2.163496
1.7786496
1.764912
1.8235903
1.9890246
1.7715058
1.8583664
1.8890797
1.8445243
1.9151675
1.8190374
1.7096477
2.0283206
1.8104985
1.7553742
1.8850023
1.7611744
1.8398788
1.8027761
1.7491777
1.9636312
1.838811
1.733181
2.0184112
1.7958045
1.9090482
1.9413263
1.7480791
1.8234226
1.9913828
1.8077704
1.8781363
1.9080175
1.756322
1.7609107
1.8786943
1.7523763
1.777638
1.8499949
1.842014
1.7447329
1.6823741
1.7083006
1.8371753
1.7400178
1.7302119
1.7794282
1.7872038
1.7468789
1.7813075
1.7269137
1.7706877
1.8062268
1.7505635
2.0529988
1.8156018
1.71659
2.3174584
1.7915038
1.696758
2.1003573
1.8875276
1.7408515
1.7715658
2.0656922
1.8960813
1.8157958
1.7200296
2.0040073
1.9982862
1.7175667
1.7657089
1.8103453
1.8484722
1.8096702
1.800409
2.0427272
1.8105463
1.7034202
1.7186557
1.906896
1.6756669
1.837176
1.8043888
1.8144926
1.9321716
1.7697176
1.7807328
1.9421715
1.7188392
2.119469
1.8693007
1.8269166
1.8822931
1.8672758
1.7673007
1.7567565
1.8252068
1.8135434
1.897281
1.8079348
1.9096073
1.7900345
1.895164
1.8376898
1.9361541
1.8689744
1.7254945
1.7640384
1.8094498
1.9153628
1.8504072
1.8110588
1.7303475
1.8611327
1.9235086
1.7139477
1.7404238
1.8734916
1.7360923
1.8049963
1.8940382
1.9834323
1.6796241
1.7316048
1.8358842
1.7394062
1.6700773
1.8648882
1.7292523
1.7222061
1.9535112
1.7106444
1.7698553
1.7623739
1.79251
1.8157462
1.7590864
1.7819756
1.7407861
1.8326608
1.7147313
1.8929859
1.844635
1.7660875
1.7203761
1.8155226
1.762601
1.6872867
1.6809119
1.822342
1.6681223
1.7816213
1.8125739
1.7756774
1.7280862
1.7903783
1.703492
1.790713
1.7085629
1.7366995
1.7140403
1.6410325
1.7522097
1.7909395
1.7277223
1.7275827
1.750191
1.8746448
1.7244853
1.7416605
1.986833
1.7223995
1.6828221
1.7400872
1.829803
1.8797946
1.8523331
2.030435
1.884688
1.6740619
1.908939
1.7836307
1.7935015
1.7785482
1.812995
1.8213549
1.7599143
1.8043926
1.8468915
1.8698635
1.9822922
1.8978379
2.233167
1.9163908
1.7136848
1.874427
2.1587677
1.8383237
2.137582
1.8194169
1.8808233
1.7972708
2.065798
1.8694363
1.728286
1.7626632
1.7366827
1.9518982
1.753622
1.735318
1.9188558
1.7637123
1.8940033
1.8208845
1.873632
1.8430175
1.8216264
1.8805002
1.8662097
2.080587
1.7023045
1.9655957
2.007209
1.7452316
1.8802195
1.8491426
1.9432789
1.9123242
1.6761585
1.6935623
1.7332147
1.8928088
1.7767905
1.720763
1.7197378
1.7569095
1.9125345
1.6824278
1.8096303
1.8539413
1.8527989
1.7576993
1.8871633
1.9791709
1.8080499
1.6710659
1.8808852
1.923389
1.8388113
1.7898867
1.8181043
1.7880813
1.7263451
1.727082
1.9219046
1.7954912
1.9581405
1.7937639
1.7446715
1.749446
1.7545962
1.7524507
1.7412448
1.7766795
1.8730685
1.7789366
1.7306341
1.8043354
1.7927222
1.7947513
1.7197895
1.7359253
1.8535472
1.7499442
1.7713789
1.7499378
1.7707003
1.7918887
1.8042352
1.7625864
1.7601659
1.9425418
1.9258507
1.7517895
2.0810685
1.8418602
1.7359022
1.9074041
2.0543036
1.6337144
1.7343487
2.174345
1.8380117
1.7210569
1.8365405
1.7955215
1.8270017
1.8988086
1.7471135
1.7589637
1.830473
1.787375
1.8123653
1.8072808
1.9794722
1.718125
1.789261
1.9865599
1.6984575
1.7234501
1.863879
1.8906249
1.7781531
1.6924895
1.7445555
1.8775274
1.7484055
1.6996491
1.9063858
1.7986183
1.8313059
1.8756298
1.7152108
1.7257419
1.8016558
1.867147
1.7216239
1.7352154
1.8295072
1.689893
1.682914
1.8711196
1.7377418
1.7850062
1.8234271
1.6974623
1.6825489
1.9780214
1.7728066
1.6768924
1.9430697
1.670617
1.8427112
1.80701
1.6935005
1.8964462
1.7879652
1.8101436
1.7348249
1.7319205
1.8944271
2.0488877
1.895187
1.7804811
1.6385592
1.9421322
1.7736788
1.8129045
1.8686607
1.8304194
1.8063526
1.9890181
1.8101462
1.8884376
1.90978
2.055745
1.787943
1.7629465
1.8630027
1.8805085
1.7324837
1.729987
1.8431503
1.866388
1.703095
1.7230169
1.8753955
1.7556113
1.7923106
1.6915557
1.8225274
1.710893
1.6958964
1.9711494
1.7270564
1.7725785
1.7600023
1.6550003
1.7022014
1.7211697
1.8256308
1.7929525
1.8500066
1.9495975
1.7265239
1.7246327
1.8392441
1.7278982
1.7493223
1.7339715
1.7519135
1.7533695
1.6882915
1.6888264
1.7012385
1.800805
1.758967
1.7614034
1.795669
1.7611744
1.9519907
1.7604215
1.7663473
1.7095737
1.7790112
1.8553771
1.688978
1.8467349
1.8178267
1.7796563
1.7880089
1.7408465
1.7678387
1.7123374
1.6871289
1.8069127
1.8508714
1.7545282
1.7694365
1.8266058
1.7389365
1.94931
1.9097366
1.7084419
1.7878295
1.8922492
1.7473565
1.6692523
1.8548378
1.7347275
1.7937506
1.8074548
1.7436638
1.8845227
1.7349705
1.7522793
1.6981292
1.7545955
1.8346367
1.7961735
1.7433085
1.7227345
1.8949282
1.6751205
1.6744378
1.6864833
1.693567
1.7721068
1.7777908
1.7217572
1.8308674
1.7485787
1.772742
1.7060957
1.7826948
1.7887053
1.9381769
1.7242727
1.7697737
1.875485
1.6529931
1.8364595
1.6993207
1.7524896
1.720461
1.7288637
1.7111228
1.8470359
1.6681368
1.8793057
1.6825255
1.7267914
1.7038208
1.7839329
1.6626143
1.7527488
1.709572
1.6451563
1.8395505
1.6694075
1.7946875
1.6919053
1.7079448
1.7013849
1.725169
1.7127784
1.69734
1.7163454
1.718545
1.8002145
1.7571304
1.6257104
1.8565192
1.8568778
1.7081004
1.8170236
1.807814
1.748272
1.7427595
1.765987
1.7612476
1.829535
1.7399948
1.8544909
1.8761255
1.9320955
1.9078466
1.7480575
1.7426044
1.7503245
1.8025575
1.6372328
1.653447
1.6993558
1.8372267
1.6726111
1.784089
1.7053235
1.774048
1.7577971
1.7328024
1.7771895
1.7677997
1.9467852
1.9433075
1.7491043
1.8622185
1.730355
1.8018554
1.7189722
1.7894918
1.7236785
1.7849015
1.8407372
1.768616
1.8095636
1.6732476
1.7210078
1.7830278
1.7536745
1.7019494
1.6897354
1.77718
1.7263343
1.7570385
1.6760956
1.7670945
1.777698
1.7540792
1.837523
1.8323677
1.6751889
1.7005173
1.7978837
1.7668327
1.7161535
1.775591
1.6737709
1.8022991
1.7736565
1.8122373
1.7093477
1.7433825
1.7131273
1.7862084
1.7464757
1.7383823
1.7529032
1.855983
1.8294169
1.7536939
1.7055969
1.7811952
1.7022265
1.6533173
1.8509316
1.7464006
1.7024812
1.6820848
1.7484235
1.7569703
1.7161869
1.6952991
1.6847687
1.7143278
1.6797045
1.660917
1.693117
1.774948
1.7764401
1.6927224
1.7854927
1.7295368
1.7716159
1.684025
1.754759
1.7341799
1.7936939
1.8865267
1.7646648
1.8630743
1.6815734
1.7497175
1.7756877
1.8767465
1.7079815
1.7646062
1.8671178
1.7351592
1.7591178
1.7080414
1.8463018
1.7832605
1.7235496
1.7745548
1.7533253
1.7091957
1.9511148
1.8402604
1.7193815
1.9818078
1.7516866
1.8464876
1.812096
1.7809244
1.6172614
1.6581165
1.7413228
1.8862165
1.7309405
1.7534173
1.7679348
1.693496
1.7429123
1.7077862
1.7493712
1.814696
1.835376
1.6815655
1.82899
1.7188288
1.7112845
1.7936593
1.8125516
1.733611
1.6628889
1.7934402
1.6567762
1.719666
1.7360386
1.7766585
1.621064
1.6236541
1.6896155
1.80987
1.6138039
1.7548577
1.7417254
1.7233065
1.6816194
1.7846892
1.6897625
1.6987056
1.6562334
1.6435918
1.7993655
1.74373
1.7365167
1.8132432
1.760213
1.6866635
1.778328
1.9524782
1.640101
1.7013552
2.018307
1.7451935
1.7251629
1.7849888
1.826794
1.6709512
1.7364795
1.8323486
1.8023411
1.663203
1.668958
1.8819118
1.6934364
1.686658
1.7270088
1.764226
1.6778896
1.723211
1.8442065
1.7079575
1.804601
1.7645476
1.7111664
1.6735705
1.7227042
1.695984
1.661599
1.681131
1.661248
1.8331329
1.65774
1.6536287
1.8115687
1.7840422
1.691893
1.6501967
1.7453011
1.723922
1.7747834
1.6652633
1.6774077
1.6573114
1.6904985
1.7152932
1.698081
1.6694157
1.7841944
1.852174
1.6811434
1.7457249
1.7145388
1.7316699
1.7403375
1.8205446
1.7502941
1.803918
1.804667
1.7573117
1.8264683
1.7757686
1.7669208
1.8674252
1.7530777
1.6401417
1.7669159
1.9548864
1.6275222
1.7805616
1.8344642
1.7804824
1.74538
1.6202791
1.7616476
1.9028143
1.6721967
1.7606273
1.8106066
1.7299644
1.7308365
1.8072841
1.7268633
1.7207378
1.7323717
1.7900581
1.7234114
1.8229015
1.7556517
1.738751
1.7609924
1.7743065
1.6919
1.8037615
1.6661481
1.6963484
1.6742235
1.8143972
1.7455151
1.7232898
1.897326
1.6919601
1.6873572
1.7089505
1.6850771
1.6859426
1.7110721
1.6892793
1.6022035
1.7017335
1.852426
1.6588622
1.654976
1.7716436
1.6843797
1.6113132
1.7239399
1.8406023
1.6875333
1.6981119
1.7987039
1.73757
1.676188
1.718218
1.6886854
1.6873981
1.7192156
1.7205508
1.772119
1.723344
1.6776494
1.8371673
1.6893587
1.6875522
1.7598495
1.7121241
1.5977174
1.6984354
1.6695223
1.7089674
1.7192358
1.6636163
1.7168705
1.6951067
1.6799829
1.6848208
1.6429161
1.6567456
1.6556792
1.665729
1.6468105
1.726369
1.6098013
1.7639892
1.6274265
1.6148597
1.7486668
1.7881827
1.7531831
1.7456009
1.813528
1.8096906
1.6791934
1.8414791
1.7042333
1.723971
1.7874173
1.7255847
1.6496003
1.6705105
1.6984379
1.7793492
1.6137208
1.7310816
1.6917248
1.67323
1.6622248
1.5881678
1.6555214
1.748433
1.702723
1.74664
1.7271408
1.755567
1.7121468
1.698392
1.7899528
1.6780427
1.7648022
1.634394
1.726989
1.6529703
1.7782489
1.654992
1.729191
1.7104754
1.6562613
1.734701
1.71548
1.6647364
1.8124726
1.7389493
1.7280809
1.7462612
1.6866744
1.70204
1.7959021
1.761225
1.6487864
1.6362474
1.9308466
1.7085962
1.7915273
1.9144136
1.6849966
1.6930188
1.7091564
1.721164
1.6698405
1.658167
1.7059788
1.7641402
1.6599159
1.6907622
1.6625043
1.7343494
1.697158
1.7038933
1.7521133
1.7154093
1.776441
1.6486224
1.8360977
1.8154517
1.6795311
1.8392297
1.7115722
1.7071017
1.7389277
1.8145257
1.7759913
1.6712745
1.8442659
1.8462098
1.6978205
1.8958802
1.773096
1.7493324
1.9269788
1.6647582
1.748461
2.1131332
1.6035643
1.6643381
1.7334495
1.7501085
1.7397938
1.7218635
1.6367801
1.6478835
1.6881181
1.6499845
1.7059356
1.7501171
1.6828723
1.7029737
1.6918058
1.7873682
1.6753639
1.6618056
1.719064
1.7529281
1.8485061
1.738212
1.7362305
1.7060091
1.9060391
1.7256752
1.7393347
1.882459
1.7519875
1.799054
1.7234508
1.726529
1.6794647
1.6446953
1.6257335
1.8294929
1.6114755
1.6206251
1.7110885
1.6798358
1.7363718
1.6490588
1.7166407
1.7242559
1.6474234
1.6634324
1.6412537
1.7359308
1.7072461
1.8140569
1.6380035
1.6385127
1.7445459
1.8400915
1.6847525
1.7354163
1.8009282
1.7824585
1.7365593
1.8700962
1.6473393
1.7650231
1.7835528
1.7878188
1.7188607
1.7167754
1.8003159
1.772008
1.745605
1.5855273
1.8231198
1.7584223
1.7013055
1.7990673
1.754231
1.9061118
1.7659546
1.643741
1.795276
1.7196393
1.7151409
1.80401
1.6849122
1.7162701
1.7698667
1.6880885
1.7352113
1.6617159
1.6920762
1.801554
1.6856482
1.6547085
1.7072657
1.6599944
1.5995545
1.8757629
1.6967725
1.6942619
1.7963887
1.6960039
1.6428335
1.6770313
1.7593138
1.6564004
1.636425
1.7392479
1.6419011
1.6985413
1.7302039
1.6670655
1.6746713
1.6511973
1.6554942
1.6614492
1.6973351
1.7305382
1.6602191
1.7221454
1.6376343
1.654443
1.6802776
1.6890405
1.5897034
1.735406
1.7144053
1.67528
1.7980311
1.6197845
1.7422719
1.6443765
1.701976
1.7043332
1.7419425
1.7286112
1.6927919
1.6762166
1.6712067
1.6729271
1.672125
1.768552
1.7244595
1.8071383
1.724332
1.6664963
1.6947794
1.6887631
1.6628838
1.6983081
1.6305227
1.7554457
1.9269463
1.65504
1.6764636
1.7344028
1.7639965
1.7558173
1.6345458
1.9845146
1.62388
1.807113
1.7632642
1.7048616
1.7404431
1.6931013
1.7514466
1.8123758
1.6824797
1.7317252
1.7246724
1.8614112
1.7327507
1.7429222
1.9741194
1.650422
1.672062
1.7930115
1.6904784
1.708229
1.7837565
1.8557235
1.7461314
1.6739506
1.779634
1.9044772
1.7819196
1.8011383
1.8018043
1.6626945
1.6913165
1.6811234
1.714063
1.8047541
1.6616576
1.7189349
1.9950007
1.6420455
1.999664
1.8313588
1.7454071
1.842027
1.8401941
1.7257308
1.7437387
1.7988895
1.8115139
1.6485821
1.7058808
1.6518065
1.8584168
1.7414783
1.7965004
1.8195331
1.9554749
1.7901223
1.9174012
2.2820995
1.9109818
2.8015506
1.6914555
2.1952627
1.9676818
1.6895912
1.7408167
1.7299325
1.7690798
1.7064753
1.8068441
1.7343475
1.766361
1.9373163
1.7029277
1.6786451
1.8553275
1.7721417
1.7897898
1.6678755
1.867349
1.6739987
1.8131558
1.8273594
1.7151515
1.7212642
1.6911668
1.7780073
1.851974
1.6540638
1.8497653
1.7514281
1.6241215
1.6515325
1.6519598
1.7094322
1.6848855
1.6390177
1.7783818
1.6518635
1.7151393
1.7380232
1.7896552
1.7016486
1.656229
1.7504457
1.7352332
1.7677051
1.6452204
1.6695958
1.7053422
1.656914
1.7384325
1.7268423
1.6497555
1.7176235
1.915681
1.7570692
1.6174942
1.756586
1.9601966
1.70241
1.6577792
1.7521597
1.8938178
1.6517979
1.582264
1.740229
1.7912756
1.8065412
1.6921134
1.7159382
1.851723
1.7290426
1.7529746
1.7996683
1.6936481
1.664903
1.756841
1.7908614
1.7111667
1.7081779
1.7922083
1.7539588
1.7070433
1.7941903
1.7221048
1.7441124
1.7956938
1.745873
1.76117
1.7324251
1.7647837
1.7915953
1.77307
1.618384
1.8280758
1.6796235
1.7210976
1.6335195
1.7155489
1.7264651
1.7526613
1.6711265
1.7481742
1.8199935
1.6632383
1.7089984
1.6740469
1.6762385
1.7558641
1.6452882
1.7069023
1.7041155
1.8032538
1.701037
1.6667732
1.9372836
1.6816127
1.7174163
1.8762261
1.6983142
1.6374842
1.7075733
1.6593709
1.6801662
1.7232102
1.609614
1.7152833
1.690932
1.7619405
1.7830255
1.660764
1.7331185
1.6780274
1.6796027
1.6809348
1.6226774
1.695905
1.659933
1.6930931
1.7067
1.708024
1.6944562
1.6651927
1.6392705
1.7108588
1.8158543
1.6736095
1.6574744
1.816164
1.7858965
1.7178314
1.7581348
1.6881287
1.6675675
1.700514
1.7348866
1.5989835
1.7017198
1.690163
1.6806712
1.6631794
1.881438
1.6679941
1.825599
1.7163773
1.6688344
1.6314223
1.7285397
1.6819794
1.8119363
1.6671213
1.6809435
1.8415335
1.8144522
1.7547493
1.8581202
1.767336
1.8809386
1.813345
1.7629625
1.8404002
2.0076845
1.6575345
1.8431542
1.7782997
1.7696563
1.8384902
1.7361729
1.8205475
2.2064
1.6778083
1.7374321
1.7584621
1.9121757
1.7866005
1.6387925
1.8813175
1.795711
1.67208
1.7987571
1.7493255
1.670393
1.8042338
1.6715013
1.7032743
1.799635
1.8275392
1.7524012
1.7552283
1.761993
1.7360218
1.8110476
1.6703752
1.6719207
1.65365
1.6776743
1.7338752
1.7231587
1.677456
1.6279052
1.6381301
1.6622107
1.6721067
1.6732312
1.7286731
1.706079
1.6604688
1.7487575
1.7569695
1.6968818
1.6805395
1.7031585
1.7922188
1.6498073
1.8651603
1.7892745
1.7168628
1.7649667
1.7819066
1.816073
1.6846086
1.8718169
1.6906506
1.6548833
1.6816412
1.7149132
1.6971908
1.7518029
1.6654409
1.728597
1.7073271
1.8247825
1.7179265
1.6695273
1.8394431
1.835023
1.6463484
1.7501497
1.7668557
1.6758993
1.7269285
1.665944
1.8092757
1.607152
1.7512668
2.0789688
1.7458743
1.8365867
2.1511483
1.7586509
1.7070504
1.938169
2.037186
1.8984023
1.6892647
2.0004015
1.7868571
1.6409935
1.7746814
1.7268375
1.7272853
1.7120845
1.7288233
1.7254717
1.8062363
1.6949705
1.7357503
1.8014861
1.7605749
1.626622
1.7808295
1.6724705
1.8051715
1.7464695
1.6991882
1.691932
1.7211573
1.7552938
1.6737483
1.689243
1.737888
1.8512198
1.6838278
1.6480082
1.7066542
1.6099619
1.6978347
1.6580657
1.7351192
1.7154733
1.7026672
1.7135973
1.7075709
1.7855992
1.6110225
1.7459848
1.6970425
1.7773184
1.7325428
1.8115079
1.740908
1.6918356
1.6614966
1.692707
1.6914253
1.6593539
1.675975
1.7312077
1.7095883
1.6264168
1.7909318
1.6432995
1.637877
1.7463093
1.7110827
1.6508762
1.6576357
1.6720551
1.6403751
1.7193923
1.6843375
1.6625525
1.6452708
1.8189636
1.7249978
1.6577415
1.655038
1.7181463
1.6877757
1.6788793
1.6447858
1.79743
1.7857555
1.6223522
1.6829125
1.7670105
1.6886097
1.7285687
1.843392
1.6880491
1.6561841
1.6416699
1.6886817
1.6300032
1.8134545
1.7830772
1.7157079
1.8156517
1.7297901
1.6473029
1.6474565
1.7838472
1.8028064
1.7787666
1.738322
1.8018684
1.6598295
1.7430915
1.9288408
1.6698507
1.6694134
1.6892135
1.8880236
1.6910105
1.7869983
1.8054423
1.6770895
1.807698
1.9607607
1.919494
1.6797605
2.0175033
1.7867767
1.8321937
1.657062
1.7341621
1.7909755
1.7590435
1.7240604
1.704396
1.745807
1.6826653
1.7893004
1.6267003
1.7452028
1.6419716
1.8394394
1.7084914
1.6467607
1.6773393
1.8113365
1.7580353
1.8177654
1.6905107
1.8362458
1.6778193
1.7613839
1.6459529
1.7666337
1.687279
1.5994775
1.67562
1.7541147
1.6713595
1.6342317
1.6257051
1.8486712
1.6308669
1.6613611
1.6816943
1.7376179
1.7800694
1.6744537
1.6968857
1.8561678
1.7658125
1.7059163
1.9419588
1.9155338
1.7957822
1.6624632
1.8561398
1.7519437
1.738585
1.7390033
1.72504
1.7122365
1.8379234
1.6763817
1.6749836
1.8438945
1.7116297
1.8075503
1.796594
1.6982305
1.6372669
1.7285252
1.753229
1.644432
1.7496593
1.7155305
1.6315237
1.6305553
1.9610003
1.763912
1.6176913
1.892509
1.730724
1.6878495
1.6774348
1.8275043
1.6625147
1.7792494
1.757971
1.6560152
1.5891207
1.6820593
1.7802727
1.6498457
1.7318039
1.6533273
1.5902171
1.6548737
1.8519905
1.690225
1.6872435
1.6779753
1.7402912
1.7101674
1.6511713
1.7221485
1.6557447
1.673361
1.7068913
1.6035249
1.6510192
1.6624552
1.8405867
1.7148793
1.6519195
1.6057578
1.6506182
1.7521367
1.7131158
1.6503003
1.7087566
1.7391249
1.74566
1.6521051
1.6648923
1.6430948
1.6638515
1.7199367
1.7307675
1.7269272
1.725106
1.743142
1.8141073
1.6439775
1.6895189
1.840918
1.7013525
1.6698613
1.7870862
1.6654787
1.8612298
1.6786712
1.6248378
1.6778125
1.9675901
1.7066498
1.7663414
1.7771896
1.8411446
1.7607875
1.7004223
1.821787
1.7580655
1.6485332
1.7018977
1.6022791
1.680729
1.6957405
1.7770275
1.6566417
1.8272892
1.7337949
1.680251
1.5966246
1.6963762
1.846492
1.6733739
1.6266595
1.7099141
1.6390194
1.7475816
1.6289134
1.6913244
1.7095587
1.7235565
1.7376292
1.6734672
1.6307174
1.6256869
1.6068492
1.8071939
1.6616805
1.6795667
1.7041144
1.7066742
1.6774825
1.7756293
1.617014
1.6930739
1.6797366
1.7510853
1.7335397
1.6222993
1.6464862
1.6013541
1.7199256
1.60859
1.745474
1.6352748
1.7408925
1.636129
1.6653324
1.68578
1.7182672
1.6038842
1.627921
1.7102683
1.6483921
1.6627853
1.639811
1.5740843
1.6601398
1.7818005
1.6449854
1.7299348
1.8689425
1.7062474
1.611351
1.6906853
1.636961
1.617371
1.6389709
1.6913519
1.6559832
1.7551341
1.7327935
1.68425
1.6780396
1.6582103
1.6908547
1.6182166
1.6793122
1.71147
1.6471375
1.6914123
1.6870416
1.6562271
1.7460037
1.6777749
1.740124
1.7668965
1.7897003
1.6857357
1.74406
1.6249063
1.6646807
1.698369
1.809742
1.6870072
1.6944995
1.6598983
1.6473566
1.6286207
1.6303664
1.621509
1.6222582
1.6119852
1.6194799
1.6967789
1.635634
1.6573919
1.6578228
1.6265
1.6766791
1.6082785
1.6984992
1.7280593
1.6145393
1.6094418
1.6455387
1.6682568
1.5809219
1.6275058
1.674418
1.6360325
1.7588233
1.6211097
1.6501304
1.842165
1.7383313
1.6417861
1.701285
1.7107294
1.7399174
1.8181562
1.7541885
1.7551098
1.6616415
1.7903521
1.6841093
1.7518487
1.776421
1.7249342
1.6147939
1.675518
1.6735712
1.6540792
1.6598792
1.7230903
1.5923365
1.623247
1.7203327
1.621913
1.5991851
1.6321405
1.726151
1.608073
1.699628
1.802811
1.6686476
1.6923081
1.7595142
1.771208
1.79472
1.871371
1.8230405
1.7196063
1.8121003
2.0058196
1.842556
1.5979599
1.6428145
1.7811865
1.7334565
1.7003303
1.7000341
1.6701217
1.6837548
1.6015757
1.6741401
1.7180024
1.7480925
1.6435127
1.695311
1.626852
1.7156979
1.6300098
1.659009
1.6501201
1.6763145
1.6294475
1.6426238
1.6775967
1.661586
1.6685866
1.6805347
1.6329135
1.6272564
1.6466502
1.6239791
1.634891
1.7222127
1.6649837
1.7391253
1.6073327
1.6679639
1.6466279
1.7327847
1.6752336
1.7008499
1.7884165
1.6681321
1.6339931
1.7225615
1.7070982
1.6455508
1.6809843
1.6421955
1.7675874
1.6728951
1.8698975
1.6597033
1.6197193
1.6703885
1.7765235
1.7741243
1.6416885
1.7846282
1.685635
1.8916562
1.8728447
2.023046
1.6284654
2.193651
1.8375317
1.725082
1.7244118
2.1407914
1.6349611
1.6593082
1.937674
1.8827555
1.7083907
1.8239787
1.8696752
1.736852
1.643315
1.6973971
1.6671838
1.7659495
1.7146602
1.6880647
1.675885
1.8097478
1.8732204
1.6397777
1.943154
2.0995724
1.7215687
1.8549467
1.9963217
1.7792225
1.6924074
1.6740814
1.8934633
1.6750934
1.7635309
1.7543758
1.83059
1.6495826
1.6675342
1.6584767
1.7079611
1.6647551
1.7293338
1.8143986
1.6616861
1.7752297
1.7525418
1.64629
1.808609
1.9228503
1.7531825
2.071222
1.8149894
1.7625175
1.7776845
1.6946483
1.7277937
1.6873642
1.7628915
1.7137166
1.6926363
1.647534
1.764067
1.7147373
1.6365595
1.6776623
1.7495285
1.7151872
1.6477787
1.7380116
1.822072
1.6929264
1.725062
1.7276351
1.711899
1.6954405
1.6490787
1.7246562
1.604405
1.747072
1.8471308
1.6484938
1.7145025
1.7126018
1.6774626
1.6510645
1.652665
1.757949
1.72513
1.7987207
1.6805044
1.78414
1.7202268
1.7880107
1.7298458
1.6627272
1.7485749
1.7545445
1.7535794
1.7285973
1.6296575
1.6641116
1.7062018
1.7678525
1.6626273
1.6818345
1.7043166
1.769082
1.7115375
1.6663675
1.6295924
1.6941406
1.6229103
1.808707
1.6125454
1.6763473
1.6861614
1.7493118
1.6519904
1.6500365
1.7005417
1.6133478
1.6066986
1.6510712
1.618241
1.5946074
1.685104
1.6048417
1.7509773
1.6198642
1.6969613
1.6394365
1.7555784
1.616999
1.6955297
1.6325886
1.7580128
1.6967626
1.7710953
1.7497505
1.8858048
1.7659353
1.6293403
1.6740445
1.796128
1.6392633
1.6190487
1.6165605
1.705568
1.7308283
1.6283325
1.6905812
1.6233763
1.638535
1.6398954
1.6203705
1.6817822
1.7162703
1.6112722
1.7577844
1.613138
1.6649797
1.7228887
1.7233776
1.6629801
1.5771065
1.6476707
1.6644428
1.6466527
1.6704723
1.7447964
1.7281473
1.6889209
1.6077831
1.6712978
1.6153147
1.6099887
1.6577525
1.6608723
1.6130579
1.8015333
1.613068
1.69154
1.6150542
1.7615165
1.6277508
1.6507465
1.7372223
1.620318
1.802443
1.7184358
1.6120358
1.7335457
1.8132232
1.6809359
1.6617284
1.7653714
1.8861896
1.703615
1.6172395
1.6745495
1.9286548
1.670731
1.6209333
1.6646968
1.776916
1.6401163
1.7321355
1.6026483
1.693458
1.7482288
1.6254282
1.6893171
1.6481909
1.7821745
1.655022
1.6383243
1.7215278
1.593941
1.6111467
1.7188877
1.6491333
1.7656364
1.7537723
1.6538153
1.6355354
1.7241884
1.6397008
1.6140065
1.6389585
1.6649945
1.6969546
1.590076
1.7133248
1.6192155
1.7737057
1.6749735
1.6281731
1.6432859
1.5865177
1.66013
1.6609079
1.7346516
1.7396493
1.6581475
1.6575099
1.7166163
1.6706862
1.670092
1.682785
1.83379
1.6630613
1.641113
1.6641915
1.6670666
1.5864971
1.6500325
1.6718122
1.6240097
1.727321
1.5738096
1.6769487
1.6646956
1.646002
1.7442315
1.6562649
1.6395551
1.8095713
1.6653335
1.6314565
1.6607462
1.6316881
1.7202578
1.653036
1.6856143
1.7747164
1.6354562
1.6221184
1.6435289
1.6598252
1.6914037
1.6768012
1.6630102
1.599543
1.7345368
1.6482592
1.6729559
1.6116463
1.6675955
1.6119685
1.5854979
1.7292025
1.618042
1.7066162
1.6071743
1.6814528
1.6229563
1.6164728
1.7049626
1.5872571
1.6789966
1.5880318
1.8051147
1.6677704
1.637736
1.6314378
1.728611
1.6680515
1.630824
1.6749883
1.646772
1.7275188
1.6766713
1.7041414
1.6479781
1.7514483
1.5923858
1.7091585
1.6807357
1.6946697
1.6534927
1.689767
1.7116915
1.6203728
1.7707094
1.764432
1.748682
1.6131185
1.6610799
1.8212858
1.6378002
1.6801503
1.6274699
1.7090197
1.8209465
1.6969241
1.6815243
1.635459
1.649728
1.6459731
1.6848639
1.7051303
1.6110872
1.681967
1.6296759
1.6290182
1.7033501
1.5956682
1.6520847
1.6414405
1.6533535
1.7587427
1.625216
1.6219465
1.7480007
1.7520187
1.6222279
1.6933959
1.9012381
1.6602671
1.6510149
2.0859327
1.698727
1.7401865
1.8791207
1.8002875
1.6603388
1.6420202
1.9447328
1.8296615
1.595853
1.721688
1.7452635
1.9375635
1.6684043
1.6462761
1.6660488
1.817105
1.6641452
1.6966226
1.5732303
1.6580153
1.8796427
1.653839
1.6496402
1.5980585
1.8479946
1.6849967
1.682271
1.6683266
1.961386
1.6594292
1.6592852
1.9333586
1.7123462
1.6152519
1.648211
1.6438099
1.8491465
1.694661
1.6428655
1.755407
1.9343661
1.7108115
1.6005175
1.7543948
1.9962927
1.6571097
1.7220731
1.8099971
1.6821642
1.6579248
1.7162663
1.6829886
1.6834608
1.8549837
1.6685687
1.6399456
1.6590638
1.7666593
1.7348107
1.704537
1.841889
1.7307445
1.644354
1.6338557
1.7439657
1.7841691
1.6569582
1.8128285
1.6473377
1.6936113
1.7277652
1.7998725
1.6702319
1.7282069
1.6683114
1.6526765
1.732525
1.7203084
1.6434385
1.6883948
1.6368661
1.59566
1.652002
1.5746467
1.6471282
1.664265
1.6256034
1.61986
1.6257071
1.6648377
1.697313
1.6509045
1.6428833
1.7097625
1.680532
1.6060327
1.5971843
1.6660467
1.6365962
1.5870188
1.6945385
1.6637777
1.6443515
1.6112814
1.737269
1.6245517
1.6919408
1.6926095
1.8017827
1.7026203
1.719176
1.714054
1.7669733
1.6479335
1.6417075
1.7823563
1.6657318
1.7672191
1.6407722
1.7429538
1.6569195
1.5807831
1.7669847
1.7510422
1.7131352
1.7357204
1.8935047
1.6156338
1.5932795
1.5731314
1.6376146
1.753559
1.7442973
1.6435082
1.6963938
1.7360754
1.7723167
1.6086477
1.680953
1.7098771
1.641814
1.6246082
1.8624034
1.778916
1.6389472
1.7627606
1.6702257
1.7269905
1.7357572
1.6401242
1.6131665
1.6706812
1.6950462
1.6231588
1.6692374
1.6572407
1.7300506
1.6423686
1.6165798
1.6594483
1.6857609
1.6157819
1.6516007
1.590223
1.7209711
1.665099
1.6291074
1.7248029
1.6611756
1.7066796
1.6297668
1.6050279
1.7294377
1.6994386
1.6269137
1.6440707
1.6223568
1.6852181
1.6077497
1.6665528
1.6417996
1.6161562
1.7761971
1.6610359
1.734898
1.6548197
1.5851872
1.680068
1.6746217
1.6519867
1.5959741
1.60736
1.6365435
1.6863484
1.6308851
1.6503351
1.5794777
1.6670588
1.6840363
1.6497033
1.5869118
1.6227636
1.6509783
1.6332355
1.6796472
1.7214091
1.6426955
1.6295608
1.7124608
1.6387622
1.6559098
1.6405745
1.7085103
1.727117
1.826514
1.5971578
1.7009448
1.727304
1.63457
1.6049235
1.6452287
1.5983713
1.6116587
1.7365415
1.6970935
1.6018194
1.6797476
1.6696424
1.6023948
1.6310753
1.6187954
1.6316115
1.7028451
1.6854753
1.636225
1.785029
1.687997
1.6331456
1.6622481
1.6857958
1.6590914
1.652116
1.7040102
1.7083282
1.8027099
1.6770785
1.604269
1.7249807
1.715907
1.6806629
1.6814095
1.6185622
1.7190938
1.6430644
1.6886822
1.6532937
1.6574875
1.6492045
1.713149
1.6101581
1.6380732
1.6062306
1.7230285
1.6864209
1.6699651
1.6527357
1.743879
1.6453212
1.5846664
1.647412
1.6164715
1.6254805
1.6479168
1.6182269
1.7613574
1.715608
1.5749555
1.6484041
1.7066919
1.642548
1.615287
1.6946675
1.6801925
1.629246
1.6598828
1.7218795
1.5891765
1.634442
1.7286023
1.6958716
1.6383966
1.6740546
1.6170827
1.8272972
1.6489195
1.6068708
1.8806362
1.8096707
1.7579677
1.693057
1.7793865
1.7251257
1.6941587
1.643617
1.6684983
1.6464226
1.8016722
1.6975403
1.7776957
1.6663591
1.8016746
1.6409231
1.6162537
1.723535
1.6582803
1.6436794
1.6149788
1.652615
1.6599252
1.645019
1.7136577
1.5955185
1.626676
1.6874982
1.6771001
1.6545095
1.6427546
1.5899925
1.640075
1.7141353
1.6569955
1.6142496
1.6432709
1.8070415
1.5835302
1.6382238
1.852404
1.672648
1.6305922
1.6849958
1.6301167
1.6830198
1.6788602
1.6449339
1.7299513
1.7734343
1.6493273
1.7163627
1.6862595
1.6226403
1.6151159
1.6430964
1.6490698
1.6155293
1.6803265
1.658315
1.6122338
1.6868674
1.6708795
1.692538
1.6186811
1.7873724
1.6374606
1.7847785
1.7569717
1.7016927
1.6456097
1.6718296
1.7425392
1.7390445
1.6888895
1.7164112
1.6443856
1.7080525
1.621096
1.7249638
1.6485447
1.6422677
1.6380107
1.6809603
1.6931529
1.700725
1.5940965
1.7540727
1.5883193
1.6900837
1.70849
1.7118835
1.6183825
1.6781359
1.6451901
1.6355168
1.622665
1.6248075
1.7001375
1.6381353
1.632929
1.6533105
1.6337425
1.6175255
1.5956233
1.6203032
1.6988355
1.7097908
1.6783483
1.6210008
1.6956364
1.6755452
1.6055444
1.7025687
1.6903187
1.750483
1.6192577
1.712384
1.6025637
1.651148
1.6900449
1.6665386
1.6324644
1.8785652
1.6822445
1.5955349
1.7163597
1.8291707
1.775058
1.639717
1.7589985
1.8564554
1.767139
1.7155813
1.6270872
1.6848878
1.6479801
1.7062827
1.6234682
1.6066742
1.6693883
1.651034
1.709975
1.6279035
1.6975242
1.6510838
1.6548593
1.7157018
1.582456
1.7904007
1.7338603
1.6444263
1.6037798
1.6581887
1.7305558
1.9034312
1.6739597
1.7767006
1.7988005
1.7641976
1.6970917
1.7018762
1.653901
1.7199492
1.7288127
1.7314992
1.704573
1.7586875
1.6307043
1.7291007
1.680827
1.6455219
1.5985365
1.716805
1.6293178
1.7556247
1.6543945
1.7229184
1.7218435
1.636803
1.642324
1.580219
1.9088845
1.6368297
1.5950283
1.8149545
1.6890422
1.7952278
1.591753
1.6496377
1.7539507
1.7994804
1.5972142
1.6947125
1.6987953
1.6436473
1.7062613
1.6575885
1.6727262
1.8043666
1.7196217
1.5979862
1.7600497
1.6061713
1.6225694
1.6076399
1.6949891
1.7142782
1.672506
1.642244
1.6936692
1.6817292
1.7512012
1.6517694
1.7975845
1.737633
1.7800487
1.6324258
1.5944875
1.6927276
1.6823977
1.5865909
1.7268201
1.719743
1.7135012
1.6378592
1.6954775
1.7191402
1.6534581
1.687964
1.6302173
1.6203171
1.61728
1.6574527
1.7261145
1.8219441
1.5931982
1.6576087
1.7500912
1.7257725
