26.438734
27.12116
25.90816
25.319143
26.03202
24.865536
25.179792
24.719751
24.780666
24.161264
24.249565
24.65437
24.199043
24.21859
24.331354
23.078213
23.438086
22.864832
23.203382
22.509855
22.035212
21.853733
21.635267
20.845156
20.131924
19.257387
17.935791
17.159517
16.036486
14.997448
13.9574585
12.4457035
11.069826
11.423556
10.773704
9.164818
7.125192
6.764738
6.523953
6.3504825
7.0110598
6.595034
6.3990026
6.030263
6.5039473
6.525808
6.1233945
6.218172
5.851557
5.6543655
5.367786
5.48091
5.2782483
5.273181
5.1694818
5.402577
5.496837
5.4055915
5.6089153
5.0960417
4.9455767
4.980991
4.85927
4.9009194
5.282526
5.173774
5.1509285
5.1372004
5.4508348
5.228751
5.0614605
4.896382
4.411016
4.7239733
4.450982
4.4852414
4.475807
4.732462
5.179288
4.985917
5.161487
4.74202
4.6123633
4.3178043
4.3896804
4.4383144
4.062271
4.11071
4.147346
4.050682
4.230706
4.207817
4.3994346
4.174695
4.489225
4.312517
4.0446525
4.3112264
4.226671
4.1807384
4.307846
4.5214057
4.428892
4.6587768
4.5721188
4.4234605
4.1744184
4.312189
4.0181885
4.142561
3.914227
4.263123
4.2737865
4.0503917
4.176226
4.284285
4.0766864
4.0886264
4.0306697
4.152972
3.8493383
3.804528
4.1840854
3.8228505
4.0688205
3.9390562
4.0196056
4.251521
3.934147
3.912724
4.09231
4.0005665
4.248778
4.1397586
4.09051
4.182757
3.9189086
4.223843
4.042335
4.0856185
3.9814525
3.6499693
3.817483
4.07119
3.7867072
4.18375
4.334067
4.115181
4.1284647
3.9995224
4.022333
3.9005218
3.7652285
4.076382
4.006627
3.8949604
3.7707508
4.021767
3.8882754
3.6499047
3.779976
3.8694313
3.8170905
3.662183
3.7541764
3.8694105
4.1614275
4.0492682
3.944693
3.61913
3.5774562
3.9302366
3.3925753
3.68865
3.8294377
3.798936
3.7816114
3.80386
3.731526
3.551973
3.8570843
3.7793884
4.030784
3.8082738
4.1900496
4.014401
3.9197314
4.2639184
4.039605
4.676768
3.7474296
4.0881743
4.23381
3.9186704
4.120667
3.738653
3.7463348
3.6047156
3.6617916
3.782673
3.843921
3.774789
3.90383
3.627753
3.516882
3.4819705
3.607723
3.5461175
3.6326551
3.6372285
3.5534332
3.8267872
3.772679
3.6378636
3.5262067
3.4967506
3.5277967
3.71423
3.5763435
3.7059298
3.971614
3.754145
3.466435
3.423978
3.5460346
3.277117
3.5770802
3.6109483
3.6778643
3.78393
3.8654284
3.6706123
3.540365
3.476583
3.4780974
3.423292
3.25801
3.555636
3.5001957
3.7414365
3.693729
3.6851716
3.3920794
3.5102766
3.5972269
3.386998
3.4925177
3.9158337
3.760749
3.7012591
3.3609326
3.552854
3.472097
3.430861
3.64507
3.7187624
3.998524
3.4588897
3.499573
4.050534
3.4839182
3.8094559
3.6465542
3.5669796
3.583749
3.2920477
3.4909616
3.593029
3.7776334
3.6448681
3.8586454
3.665258
3.4258006
3.276696
3.9224212
3.62394
3.5700712
3.8989935
3.8173802
3.6794944
3.475114
3.383038
3.5387943
3.3192325
3.5622067
3.6699755
3.479276
3.4895182
3.450688
3.3479373
3.753144
3.427981
3.4972634
3.540421
3.7785687
3.7678256
3.4222374
3.7923446
3.5441046
3.8451881
3.7143364
3.6756096
3.575449
3.871265
3.4941158
3.7978604
3.520516
3.4409451
3.473904
3.492131
3.3057399
3.3366516
3.3208585
3.8031204
3.3753846
3.348582
3.2858515
3.4193616
3.3627474
3.3501549
3.2567275
3.2992387
3.4490218
3.6178637
4.1751833
3.233825
3.356704
3.510553
3.2659364
3.4361932
3.6128304
4.268106
3.1977565
3.2366333
3.4328525
3.0887923
3.216938
3.4171164
3.830563
3.8259835
3.3074336
3.1453788
3.4517925
3.470861
3.682189
4.0367417
3.636155
3.2360158
3.389124
3.510882
3.2719858
3.794245
3.4310482
4.136471
3.277871
3.233951
3.13602
3.0019393
3.19151
3.4517856
3.585553
3.318316
3.9352746
3.226624
4.103058
3.308269
3.1275885
3.554215
3.2615783
3.40618
3.6759408
3.3212304
3.266544
3.483241
3.4895327
3.386384
3.542612
3.313507
3.3123755
3.4254816
3.1775353
3.4051368
3.1504407
3.125926
3.418336
3.5758023
3.1282432
3.124514
3.277223
2.9402156
3.1478763
3.6106586
3.3530521
3.2447295
2.9793844
3.1419513
3.393768
3.4945118
3.267734
3.6564918
3.2003498
3.030453
3.087571
3.1207068
2.9085817
2.9252646
3.1675382
3.3079245
3.3525333
3.1449134
3.2144363
3.1986573
3.2474217
3.233062
3.6738539
2.965963
3.056833
3.220085
3.112484
2.9661264
3.419881
3.1071568
2.963051
2.9228518
3.0738053
2.8440125
3.0422583
2.959443
2.9236987
2.9197822
2.8548815
2.995672
2.9705281
2.8481586
3.051381
2.993533
2.9220428
2.905606
3.0896935
2.9303048
3.249585
2.787387
3.0875082
2.983222
3.0253747
3.687936
3.08535
3.2682161
2.8770244
3.157157
3.0776036
3.0217104
3.277369
2.8971987
2.930912
2.9843104
3.0057857
2.850661
2.9015005
2.9398854
2.8537323
2.9828098
3.3268116
2.8115177
3.0052543
2.9362524
2.694974
2.933821
2.8913734
2.8506281
2.8262992
2.7569482
2.9471846
2.8979518
2.897549
2.8324182
2.7812226
2.910432
2.746435
2.787456
3.0504618
2.8726208
2.763684
2.8797915
2.7171118
2.8380754
2.870103
2.7404726
2.8765914
2.744768
2.7609975
2.6354985
2.723379
2.7844858
2.795917
2.860207
2.7409134
2.6325657
2.6658
2.6764596
2.7162871
2.9490614
2.694497
2.7271214
2.7964907
2.8271716
2.6967015
2.6694632
2.6995735
2.8558857
2.6614375
2.8330631
2.7622404
2.6619356
2.7495852
2.5118203
2.6461403
2.824361
2.673251
2.4589005
2.8115745
2.6546829
3.060895
2.8491623
2.5633256
2.7139447
2.683193
2.6152494
2.9975832
2.5670254
2.59855
2.548456
2.564865
2.639761
2.6128073
2.646303
2.5412555
2.3562274
2.545823
2.5544105
2.4018595
2.4426582
2.5462284
2.6139107
2.5085645
2.445123
2.407983
2.5604928
2.492811
2.6690273
2.558666
2.5331545
2.530202
2.665271
2.5031564
2.593923
2.754046
2.373226
2.5161812
2.8471475
2.4181602
2.5778399
2.4362996
2.647014
2.5792115
2.5802104
2.6438155
3.7017376
4.762249
5.7025
5.049765
3.7389104
3.7045236
4.4808273
3.885407
2.8201463
3.155884
3.530669
3.3126276
2.9966567
2.846031
2.659904
2.6663835
2.7526486
3.0363238
2.9283266
2.6995838
2.7132094
2.716414
2.6772535
2.4749105
2.4356894
2.4303942
2.7308435
2.5416574
2.3916225
2.379946
2.425445
2.5321956
2.5814116
2.375462
2.428569
2.4350295
2.5097146
2.4216254
2.351925
2.5277443
2.3634942
2.3681355
2.3745415
2.2947035
2.59051
2.3656182
2.3522363
2.312046
2.2800243
2.3546233
2.2391574
2.493277
2.3563046
2.3085797
2.4867475
2.3399222
2.290557
2.2380016
2.4307745
2.2751815
2.2780707
2.2746115
2.3383288
2.288412
2.2608125
2.2243946
2.3388495
2.168818
2.2059405
2.2428887
2.344245
2.2046635
2.30739
2.4296105
2.2514224
2.3057365
2.1365576
2.255448
2.307759
2.3488107
2.318011
2.2460566
2.238899
2.239829
2.388458
10.79451
17.232016
19.850973
20.132898
21.22431
21.575125
22.24122
22.600916
22.056597
22.431974
22.032093
21.68338
22.2371
21.45182
21.465666
21.122662
20.576164
20.695644
20.191793
19.696178
19.60834
20.015747
19.599257
19.188013
18.803318
17.80636
17.361156
17.904442
15.916848
16.080385
15.71884
15.222062
14.748922
13.998932
13.83265
13.9362545
12.863816
12.557402
12.826988
11.8693695
12.393859
12.108514
12.030383
11.292534
11.402059
10.617522
10.650609
10.757226
10.459458
9.920778
10.069303
9.617614
9.424122
9.587392
8.369969
8.179713
8.371157
8.33302
7.2994123
7.9673758
7.449419
6.750394
6.340053
6.062066
5.632719
5.146714
4.93149
4.958196
4.419201
4.152331
3.960442
3.8471572
3.597084
3.3968315
3.2736144
3.099328
2.96382
2.7957642
2.662739
2.5375674
2.5520656
2.69089
2.5562756
2.5626476
2.4425342
2.568389
2.4450796
2.5545108
2.4047194
2.4340475
2.330093
2.4721968
2.267479
2.4328108
2.3230472
2.3244638
2.511482
2.262115
2.4051614
2.4389844
2.4365668
2.6641154
2.2516882
2.3260486
2.4042652
2.3523176
2.175271
2.4174483
2.4281917
2.1838746
2.350896
2.3358653
2.294544
2.416079
2.372894
2.3652422
2.3240643
2.442274
2.168421
2.2314148
2.335303
2.2403464
2.2472796
2.294948
2.3122935
2.4448552
2.2591815
2.2546425
2.1571455
2.2841585
2.3041463
2.3326378
2.2280595
2.2150126
2.2442994
2.3138604
2.2444983
2.2369115
2.2765844
2.5215204
2.243244
2.1548638
2.1673656
2.2636626
2.2995546
2.2238219
2.1920204
2.31946
2.2530775
2.2553058
2.1562414
2.261481
2.1989655
2.142649
2.1147335
2.1420255
2.109925
2.219389
2.123027
2.1374762
2.0299451
2.14546
2.2795115
2.113326
2.310803
2.077853
2.1339884
2.171346
2.1665812
2.2972336
2.1145024
2.2787285
2.1246576
2.1522946
2.176978
2.114176
2.2098455
2.2604172
2.101459
2.220229
2.1455574
2.2379794
2.137961
2.189988
2.2473865
2.0417008
2.0595946
2.1357994
2.2319026
2.2457995
2.17305
2.158983
2.0530517
2.1719074
2.147061
2.0483153
2.1317456
2.1332273
2.1844954
2.157856
2.134657
2.1055944
2.0356748
2.1284678
2.062399
2.23865
2.0004232
2.147766
2.168196
2.083894
2.0830398
2.154212
2.0857923
2.108255
2.0772343
2.141748
2.0862877
2.222931
2.1119485
2.0590308
2.1202753
2.0438843
2.114859
2.1077042
1.9139265
2.0105422
2.1341596
2.017331
2.0170135
2.0875545
2.0048015
1.9565135
2.1164575
2.2471952
1.9332613
2.1403413
2.082773
2.214597
2.018354
1.9321393
2.0442433
2.1645174
1.9967943
2.008636
2.053512
2.1597219
1.98388
1.9578645
2.068609
2.0361125
2.1157265
1.9713387
2.1202538
1.9970852
2.0005658
2.0343301
1.9771854
2.025213
2.008924
2.076848
2.0014946
2.08099
2.0504563
2.0432553
2.144322
1.909653
2.1797557
2.0330477
1.9654237
2.0064173
1.9851308
1.9903744
1.972403
1.963801
1.9914241
1.9756039
1.970598
1.9822017
1.975314
2.0021331
2.0543919
1.937178
2.0553534
2.044235
2.0681727
1.9346684
1.9255108
1.9703138
2.1217775
1.9638507
2.0746696
2.0626233
2.1429756
1.8692199
2.074963
2.0137622
1.9877118
1.9716377
1.9785923
1.9454615
2.011408
2.0679872
1.9618582
2.0192192
1.8836497
1.943355
1.8878945
2.0766714
1.988394
1.9620684
1.9918289
1.9010133
1.9338902
2.1554506
2.336383
2.350503
2.2958665
2.1700487
2.1138158
1.9992275
2.0087929
2.1556392
2.046822
2.1760378
2.1071837
2.120786
1.9792997
2.0176032
1.9866072
1.918398
1.8540373
2.010446
1.9403245
1.9368119
1.9278603
2.0337336
1.93679
2.0225286
1.9194419
2.0316553
1.9853076
1.961407
2.0149128
1.8826307
1.9005373
1.8779942
1.9042864
1.9669083
1.9040606
1.9694074
2.0791912
1.905332
1.9405454
1.9711149
2.0158384
1.9211364
1.9814565
1.9772745
1.8774331
1.9283049
2.0362773
1.9167857
1.8951768
1.929424
1.9126942
1.865923
2.0142758
1.8860505
1.9334952
1.9437225
1.7931577
1.8315203
1.9223279
1.9190034
1.909002
1.9347504
1.9569995
2.0660195
1.955866
1.9217576
2.0182548
1.9043177
1.9537724
1.9917758
2.064235
1.889264
1.9437101
1.7875572
2.1223707
1.9623377
1.9152675
1.9081918
1.9703997
1.9309249
2.048397
1.8597112
1.9038908
2.0386736
1.9230778
1.9203908
1.874208
1.8669962
2.0081527
1.8915268
2.00108
1.8311007
1.9502692
1.9207245
1.9064245
1.9791602
1.8483157
1.9135882
1.9011539
1.9355023
1.9048687
1.8535773
1.8134253
1.8402816
1.9224112
1.9362663
1.979649
1.7942632
1.869682
1.8957875
2.01418
2.061075
1.9314095
1.820412
1.928083
1.8959458
2.0650346
1.9154853
1.8889192
1.8268425
1.8311168
1.9341584
1.9472804
1.8684415
1.8326226
1.7962046
1.956
1.8984783
1.8343977
1.9549642
1.978141
1.9565133
1.850299
1.7890482
1.8821641
1.9378505
1.8896189
1.9430804
1.9296228
1.8875488
1.967923
2.04593
1.8295838
1.8744885
1.8434383
1.8806151
1.9037197
1.8293217
1.9096763
1.8518163
1.8697073
1.948542
1.7969735
1.7564261
1.8112035
1.8397046
1.8164592
1.7695526
1.8955537
2.0482352
1.871578
1.8904088
1.805635
1.8768831
1.8264613
1.8274978
1.896332
1.949436
1.805222
1.8248513
1.8226328
1.8551911
1.8954949
1.8045589
1.8189538
1.8474002
2.0285358
1.8313113
2.047964
1.8120844
1.8151205
1.8699162
1.8888538
1.8562043
1.8669313
1.7890937
1.8015047
1.9368253
1.8968676
1.778389
1.8222455
1.8471463
1.7760363
1.7846613
1.9018306
1.9222398
1.7754214
1.831437
1.760897
1.9358772
1.7349586
1.8127202
1.8606155
1.9108179
1.8696679
1.8162248
1.7548852
1.798245
1.7236973
1.8879861
1.7697088
1.7653137
1.9067299
1.7927542
1.8602787
1.8156555
1.791127
1.9136546
1.8489614
1.8108605
1.8284167
1.7290694
1.7366449
1.746767
1.7837589
1.7479095
1.7807684
1.7413098
1.7358707
1.7347327
1.7449679
1.7372648
1.7518382
1.8179147
1.7054765
1.816667
1.7863666
1.7871325
1.8096403
1.7533554
1.7560112
1.8028487
1.7792062
1.8230561
1.7274077
1.8412879
1.7849158
1.7586927
1.7710133
1.8008202
1.7587285
1.7076768
1.7778455
1.8054757
1.7181623
1.820112
1.8174855
1.7964537
1.7749478
1.8007457
1.7980363
1.7932465
1.8374228
1.7416722
1.7905995
1.7791102
1.8620677
1.8747017
1.7720829
1.7386802
1.7899519
1.8736246
1.803894
1.8116972
1.7585244
1.7130405
1.7222
1.87574
1.7111713
1.706649
1.777972
1.8547654
1.693049
1.8549576
1.7255913
1.695435
1.6950372
1.7077901
1.7294261
1.7539687
1.7294854
1.698837
1.7126766
1.702706
1.7969294
1.7716914
1.6844107
1.7210815
1.7622981
1.7310535
1.7165443
1.7296396
1.9269283
1.7806519
1.7810055
1.7111353
1.6766775
1.7631937
1.6838045
1.7661545
1.763853
1.75741
1.7828435
1.7938122
1.7818935
1.6949896
1.7435224
1.7526182
1.7555022
1.8106858
1.7391765
1.7699068
1.7686528
1.8336675
1.7321073
1.7826028
1.747248
1.8513213
1.8490855
1.783508
1.754621
1.7270465
1.7661378
1.8555523
1.7235827
1.8053516
1.8165778
1.7035064
1.708231
1.833173
1.78403
1.8242828
1.7741263
1.7358336
1.6553862
1.7905226
1.7806175
1.8269609
1.7179462
1.7801366
1.7498342
1.751484
1.7891082
1.7541755
1.7664152
1.7374307
1.738699
1.8189245
1.7373518
1.7783061
1.7607145
1.7245275
1.7435516
1.7516075
1.8034582
1.8223737
1.9040365
1.8272152
1.7311697
1.74649
1.67532
1.7108884
1.8183405
1.7287179
1.826373
1.6662172
1.8000451
1.8310995
1.7200615
1.7656647
1.785223
1.761368
1.7673967
1.7098818
1.8259683
1.7795253
1.8980067
1.6928468
1.6967018
1.7377195
1.6839597
1.7194679
1.7878681
1.730567
1.7892812
1.7003874
1.7199962
1.7196765
1.7799537
1.7556322
1.7096783
1.7421607
1.6743432
1.674651
1.7608583
1.733996
1.7373496
1.7205069
1.6928308
1.7016823
1.7836947
1.8374952
1.7694517
1.6332428
1.7987969
1.7441479
1.6672368
1.8492168
1.72646
1.8521283
1.7128575
1.6883723
1.6738005
1.7043155
1.7346503
1.6897061
1.773603
1.7787539
1.7218518
1.7578952
1.6579404
1.7201521
1.7625923
1.8334415
1.6668003
1.7058405
1.7597725
1.7866383
1.8053986
1.7012223
1.6626966
1.6836144
1.6524829
1.7625097
1.7728963
1.7531205
1.6081953
1.6477628
1.6642323
1.8286335
1.6583188
1.6778826
1.6801772
1.795085
1.7389828
1.6920753
1.713731
1.7310113
1.6850365
1.7662512
1.7020742
1.8047243
1.6742836
1.7451067
1.7004206
1.7311157
1.7402627
1.7335455
1.6612529
1.7905593
1.685652
1.6446611
1.7063475
1.6545818
1.7746309
1.697727
1.6476738
1.7081454
1.7348766
1.6673132
1.673523
1.7301689
1.6798447
1.6750684
1.7257278
1.6510537
1.6617348
1.7190487
1.6751405
1.7235196
1.6454605
1.6999776
1.736569
1.6508957
1.7046953
1.7302552
1.6825788
1.628456
1.728335
1.6749611
1.6209686
1.6882777
1.7887745
1.6753978
1.6498294
1.7476059
1.6975886
1.7518654
1.7572857
1.653365
1.6975005
1.701995
1.6949242
1.7447145
1.6863241
1.7504735
1.7734648
1.6795745
1.6698694
1.6983482
1.7446083
1.7514763
1.7503555
1.6604633
1.742888
1.6665097
1.6968428
1.7406675
1.6271961
1.7457087
1.7821372
1.6765839
1.7113988
1.7096325
1.741356
1.7592239
1.6938776
1.7483145
1.7490922
1.7032193
1.7482555
1.6656263
1.6588438
1.6492087
1.698834
1.7076607
1.7864645
1.6744108
1.6803961
1.7248936
1.8540676
1.6818755
1.705849
1.6599493
1.6592535
1.6928912
1.6551195
1.6506587
1.7157158
1.7379581
1.669527
1.7388792
1.5990683
1.7240682
1.6664263
1.6612803
1.8204298
1.7569747
1.6437219
1.7322628
1.6761286
1.6742795
1.6777356
1.7325952
1.7472181
1.6899014
1.6341115
1.7176422
1.7018827
1.6724807
1.7952412
1.697275
1.7251188
1.6333328
1.6576219
1.686191
1.6742617
1.7431355
1.6895068
1.6644835
1.6436337
1.6704512
1.6915083
1.6927645
1.689364
1.636638
1.6880836
1.6876786
1.679107
1.8102088
1.8060678
1.7215772
1.6193302
1.7505172
1.7474232
1.7089418
1.6701869
1.7271122
1.6484585
2.0150497
1.6818477
1.677157
1.746067
1.6892436
1.6724701
1.6312553
1.646138
1.5967288
1.6933682
1.6283846
1.6858066
1.7034113
1.7663888
1.7079334
1.6179693
1.6975223
1.612772
1.7238141
1.6027317
1.6407068
1.6594768
1.6820322
1.7042506
1.618208
1.722939
1.6497954
1.6480695
1.6775975
1.7357372
1.692908
1.6806655
1.5911916
1.6578684
1.7165395
1.637084
1.665847
1.6807508
1.6464161
1.6223849
1.6787267
1.6725637
1.6397468
1.682458
1.6532108
1.7225301
1.6364672
1.6490192
1.6507826
1.616277
1.6515744
1.644787
1.6094651
1.678819
1.6237375
1.6283917
1.626806
1.7012286
1.7350086
1.7752142
1.738259
1.68882
1.6283077
1.6733704
1.7235043
1.661856
1.6578043
1.646984
1.6279564
1.6816533
1.6281812
1.6996948
1.6465626
1.6623038
1.62532
1.6046205
1.6865277
1.6970718
1.6353877
1.6728958
1.639087
1.5917634
1.6530905
1.7792891
1.7151612
1.6247202
1.5914621
1.68925
1.7046834
1.5930184
1.6054609
1.6341512
1.5980928
1.6350137
1.6846522
1.680185
1.6514716
1.6880746
1.6554829
1.6691668
1.6480345
1.6531937
1.598256
1.619964
1.8285834
1.7254844
1.621911
1.6330568
1.6149467
1.735694
1.6428035
1.6257821
1.6371077
1.6260697
1.6152325
1.5837605
1.669163
1.6109091
1.6663407
1.5695412
1.6998193
1.6120757
1.6353288
1.5896775
1.6229893
1.7214633
1.6352051
1.684925
1.6611841
1.5968337
1.6073182
1.6322634
1.5937558
1.6156378
1.6849737
1.6060098
1.654089
1.6024706
1.6917741
1.6623542
1.6099043
1.704328
1.6901226
1.6300384
1.6267333
1.656734
1.6816663
1.716666
1.6121544
1.6967123
1.6244702
1.6464152
1.6716182
1.6015751
1.6419805
1.5864817
1.6221567
1.6458513
1.689241
1.6520507
1.6234357
1.6118351
1.722823
1.675887
1.7028298
1.6677095
1.6927178
1.7141947
1.672848
1.6828622
1.690647
1.614406
1.6003114
1.6526635
1.5750566
1.6563598
1.6743071
1.6593541
1.6010932
1.6712301
1.6357821
1.5945183
1.6464365
1.6169977
1.6206425
1.7243915
1.7877407
1.7007539
1.5946578
1.630845
1.7009035
1.6422925
1.6511962
1.7055848
1.6271167
1.6572317
1.7282498
1.598706
1.6416606
1.600215
1.6142313
1.7016954
1.7636567
1.5990115
1.5986724
1.617952
1.6564895
1.6311227
1.7683141
1.6248546
1.682114
1.6329192
1.6500412
1.6238917
1.5899647
1.6354162
1.5836003
1.601775
1.6515089
1.6427515
1.6413044
1.6341357
1.5901475
1.6321583
1.7855678
1.7092959
1.6766255
1.605441
1.6088661
1.6849173
1.593245
1.6853837
1.6171383
1.614056
1.6783242
1.614083
1.6994658
1.641395
1.6649303
1.5933282
1.5980875
1.639725
1.6315998
1.677329
1.5895133
1.6449542
1.6074173
1.5947702
1.5915014
1.6040583
1.616855
1.67075
1.6599168
1.639584
1.6862042
1.6974361
1.5876102
1.6348182
1.6016988
1.6028458
1.5955335
1.6418153
1.638977
1.6646032
1.5908182
1.6136688
1.5680045
1.6655465
1.7099112
1.6103603
1.6592219
1.6046025
1.5828948
1.656285
1.6676351
1.6589718
1.669432
1.5709957
1.7254786
1.6540935
1.6594888
1.6136793
1.6196715
1.667717
1.700783
1.6341127
1.647231
1.6319915
1.7780505
1.6128292
1.60216
1.5659295
1.5691094
1.7124668
1.5793022
1.601866
1.6190785
1.62835
1.6180205
1.549551
1.5936937
1.6029944
1.7338985
1.6316525
1.6459838
1.6101942
1.6356279
1.6741636
1.7059767
1.6530052
1.5828673
1.574226
1.619764
1.6590632
1.5798833
1.659904
1.6743573
1.662594
1.617394
1.5818969
1.645164
1.676397
1.7624253
1.5914636
1.6907384
1.6688062
1.589293
1.684958
1.6627858
1.628355
1.5730128
1.7296025
1.5615432
1.7035282
1.6764878
1.604128
1.6004406
1.627869
1.6262187
1.6347792
1.651764
1.5828379
1.6290901
1.6914315
1.6872282
1.6576463
1.6628025
1.6179558
1.6144667
1.6147013
1.5572608
1.5820044
1.611179
1.6846478
1.5802052
1.5863175
1.5893126
1.571982
1.599289
1.6402303
1.6954893
1.6037109
1.610441
1.5666142
1.5523705
1.605849
1.6803617
1.6075047
1.6303115
1.6271787
1.5981323
1.58373
1.5777396
1.6851295
1.7119386
1.6322657
1.586109
1.6844125
1.732421
1.684557
1.6676115
1.6071655
1.6146622
1.6852595
1.589967
1.6378818
1.6411983
1.6560835
1.655354
1.6597238
1.6069269
1.7909007
1.7112155
1.5780498
1.6080354
1.6282582
1.6362535
1.6849961
1.6114184
1.572488
1.5614277
1.6440382
1.6142738
1.5542889
1.63487
1.6030124
1.6010039
1.627276
1.6072285
1.670485
1.6138419
1.5755408
1.7046423
1.5903653
1.6244508
1.5832309
1.643246
1.5925431
1.6207702
1.5819
1.6749542
1.6437615
1.5580775
1.587489
1.5946596
1.6422582
1.6367925
1.6984887
1.6836437
1.6441652
1.670246
1.616126
1.6314944
1.7118034
1.5970538
1.5713507
1.8111533
1.672038
1.6019857
1.5766631
1.5780945
1.6000152
1.6212735
1.6048028
1.5992892
1.640318
1.6100618
1.6793971
1.7108799
1.596382
1.732162
1.806964
1.6469477
1.5757174
1.6768904
1.6530827
1.653182
1.6804875
1.6345533
1.552244
1.610873
1.7458752
1.7324789
1.6179533
1.6687467
1.60209
1.7778226
1.615964
1.6415523
1.5900776
1.663132
1.7841082
1.6746035
1.605161
1.7250172
1.6902984
1.6362993
1.6269287
1.5878992
1.625793
1.6464645
1.5967302
1.6172545
1.5603892
1.6549547
1.6624194
1.660616
1.6321279
1.605618
1.603999
1.628335
1.656204
1.5810965
1.593254
1.5466532
1.5639343
1.6270066
1.620978
1.6335708
1.622313
1.6431925
1.6737293
1.5997307
1.7195227
1.5819141
1.5644245
1.7026677
1.621239
1.606751
1.7084132
1.6411471
1.6591837
1.5789467
1.5951176
1.566801
1.6129174
1.6101683
1.6493802
1.6616228
1.6859685
1.6063722
1.636058
1.6038854
1.580191
1.5653472
1.5514045
1.557763
1.7249824
1.6235819
1.6226346
1.6807784
1.654665
1.6922642
1.5949516
1.6110247
1.5713214
1.599988
1.5577939
1.5970237
1.5597162
1.6175593
1.6211958
1.5973215
1.5425454
1.581534
1.5822414
1.5663543
1.5730951
1.6630727
1.636916
1.5921245
1.5768038
1.6062202
1.816342
1.6706507
1.5555185
1.6001912
1.7139244
1.6715989
1.652356
1.6593218
1.6434726
1.6122427
1.668755
1.6247101
1.5572715
1.5956508
1.7770821
1.6048183
1.6301723
1.5560775
1.622936
1.5775465
1.6452832
1.7291625
1.5838383
1.586336
1.6172493
1.5549963
1.5984018
1.6642302
1.6775622
1.5998847
1.5538442
1.5487972
1.6059637
1.6267183
1.600836
1.6296254
1.5943794
1.5651443
1.5551101
1.6737047
1.6878555
1.7836306
1.5661943
1.6401114
1.6064618
1.7168999
1.5605407
1.6738173
1.650504
1.5657405
1.5566092
1.5997952
1.6012007
1.5608052
1.6011363
1.6307068
1.6739477
1.6335366
1.563134
1.5869479
1.7867345
1.613091
1.6483015
1.5505534
1.6669657
1.6074471
1.558944
1.555367
1.661843
1.57445
1.6070197
1.5668379
1.5637457
1.5549912
1.6416563
1.65667
1.6876148
1.5896908
1.5613012
1.6350545
1.5697736
1.570674
1.6017805
1.5783163
1.5953968
1.565902
1.6181566
1.6646098
1.6242745
1.572328
1.637135
1.5743998
1.6013207
1.581622
1.6216862
1.6779428
1.6260318
1.5869101
1.582623
1.6498808
1.6672428
1.5868245
1.5642933
1.6155702
1.6330905
1.6795444
1.650562
1.5712148
1.6820562
1.5896965
1.5843104
1.5723745
1.6000583
1.5634125
1.6553203
1.6086689
1.630345
1.5835651
1.628015
1.7672187
1.6080362
1.6033559
1.7292424
1.7599101
1.7030866
1.577749
1.605632
1.6711723
1.5766517
1.6393785
1.5630196
1.696639
1.6630315
1.571033
1.6145117
1.53277
1.6228547
1.580982
1.6267365
1.6355046
1.5907418
1.540435
1.6223803
1.5834895
1.5964818
1.6486663
1.5913343
1.5819736
1.5642045
1.7849892
1.6078688
1.5834486
1.5868263
1.6108828
1.644102
1.6002434
1.6064177
1.555353
1.5660127
1.5861506
1.5744534
1.5593553
1.5597523
1.6142359
1.636765
1.6019404
1.5460823
1.6133415
1.5238187
1.541369
1.582153
1.6497623
1.6017578
1.6096072
1.546944
1.6222059
1.5722739
1.5550866
1.5724255
1.5464027
1.5884752
1.6496265
1.5987555
1.6139791
1.5472455
1.606195
1.5813413
1.6284456
1.5938735
1.5350868
1.6104181
1.5627108
1.5756853
1.5896112
1.5700873
1.6021245
1.5601475
1.5713977
1.5578175
1.6037295
1.5950103
1.5323535
1.5551704
1.5536475
1.6019896
1.5661575
1.5750045
1.5803413
1.5605274
1.5577824
1.7082595
1.7201234
1.6041795
1.6096511
1.6363186
1.6705164
1.6858404
1.6461908
1.6402757
1.7308345
1.6344868
1.7612917
1.5514789
1.6298878
1.5871519
1.6012195
1.6074055
1.6095223
1.7678823
1.7110033
1.628718
1.7265196
1.800886
1.6356418
1.6035254
1.6115724
1.7853383
1.6365302
1.6664718
1.724722
1.657973
1.6288903
1.590771
1.5685488
1.578737
1.6040672
1.6993254
1.616356
1.5883092
1.5704328
1.693246
1.6392767
1.59296
1.5341088
1.5790718
1.6542788
1.534487
1.5627981
1.6003411
1.5652255
1.5747188
1.561474
1.5727003
1.5652456
1.596067
1.5317761
1.5941442
1.5401173
1.628189
1.6184701
1.6043274
1.699601
1.6131079
1.7042873
1.5298214
1.655555
1.5883847
1.6102618
1.5437443
1.6371346
1.6437207
1.6974683
1.53441
1.5369915
1.6951165
1.701468
1.543985
1.624242
1.5414655
1.680937
1.6001338
1.5863132
1.612392
1.5982047
1.5600775
1.5394425
1.600813
1.658187
1.6604271
1.5762087
1.5335569
1.6021777
1.5944147
1.6421065
1.5622776
1.581832
1.6020774
1.6080928
1.5713094
1.5592657
1.6244545
1.6665107
1.5672997
1.6125048
1.6781852
1.601106
1.5669076
1.5361335
1.5301292
1.5600878
1.5415518
1.5761178
1.661238
1.5769107
1.5816967
1.5917629
1.6259525
1.6436692
1.689458
1.6000437
1.5805326
1.5692625
1.6311817
1.7221851
1.6969497
1.6486357
1.5618593
1.5724901
1.6949981
1.6101295
1.5945628
1.6631625
1.6254336
1.6186961
1.5344361
1.615444
1.7509192
1.5902044
1.540609
1.6241475
1.5904773
1.5611472
1.6622424
1.6095175
1.611943
1.6015679
1.5521592
1.6311275
1.5738072
1.580564
1.5695603
1.5780454
1.5250175
1.565316
1.6289768
1.6142906
1.5820162
1.5759403
1.5598624
1.6845943
1.6388546
1.5634573
1.5428894
1.604475
1.576822
1.6288515
1.6881316
1.53175
1.5945967
1.8091205
1.5466367
1.6270136
1.660097
1.6227297
1.7215892
1.6383061
1.5392783
1.707522
1.7447282
1.6720695
1.7269005
1.5400846
1.6300524
1.6371342
1.6482338
1.5897009
1.6132512
1.5632932
1.587186
1.5866983
1.6152527
1.6131142
1.8276815
1.6252555
1.5389776
1.6539128
1.7967012
1.6766148
1.6176949
1.6248302
1.5594096
1.6680717
1.7386638
1.7679325
1.5987248
1.551487
1.5966233
1.7553302
1.615995
1.5832529
1.6355243
1.542131
1.5282875
1.5324081
1.5846773
1.6156472
1.5908512
1.5784656
1.553201
1.5665721
1.6480112
1.5336261
1.5969865
1.5501977
1.5958612
1.6002593
1.5418326
1.5904068
1.545477
1.5614122
1.6012478
1.5626533
1.6100348
1.610825
1.5554303
1.5647945
1.6372942
1.5237478
1.5836263
1.5589662
1.6059252
1.5857848
1.5819068
1.6678729
1.6949042
1.5900306
1.549003
1.6177584
1.5991888
1.6846045
1.5935041
1.5386121
1.7469176
1.6247454
1.589586
1.545102
1.6655095
1.5655072
1.6767048
1.5308903
1.5326573
1.5312254
1.6346482
1.7527082
1.5393533
1.5670108
1.6222793
1.6825073
1.5924298
1.5610573
1.5319158
1.6049577
1.6353673
1.6086129
1.5684197
1.5939608
1.7603835
1.6068883
1.598766
1.5577825
1.5830832
1.5451165
1.5822659
1.5749596
1.5254601
1.57175
1.6049575
1.6105535
1.5630574
1.6802018
1.6989905
1.5761027
1.5595717
1.5930954
1.5630206
1.6054955
1.6267053
1.533696
1.5475576
1.5297999
1.60032
1.6039946
1.5858377
1.5502143
1.5589032
1.5997984
1.5668719
1.5451785
1.6483442
1.5802088
1.548861
1.5787927
1.62546
1.5618598
1.5730755
1.735495
1.6757104
1.6457763
1.5870373
1.587311
1.5921342
1.6077555
1.6213067
1.7202132
1.6816235
1.6437006
1.5579978
1.6074607
1.5841217
1.663037
1.558699
1.6001275
1.5694678
1.6566805
1.584365
1.5788548
1.5510385
1.5654085
1.5385222
1.5465868
1.527863
1.5564382
1.5310652
1.5264305
1.585609
1.5384153
1.529621
1.574602
1.5721757
1.5460348
1.5706679
1.5493972
1.5285591
1.5318972
1.5282333
1.526329
1.548854
1.5341679
1.5514133
1.6209302
1.5322562
1.5397608
1.5260572
1.5785241
1.597932
1.5594348
1.5339543
1.525416
1.6142677
1.5292817
1.566599
1.6313854
1.5950575
1.5780634
1.5550318
1.5846144
1.556166
1.5382303
1.5414282
1.5904326
1.5516418
1.5876555
1.5676607
1.5927225
1.5522037
1.536608
1.5658433
1.5669534
1.5518408
1.5787922
1.6366158
1.5672122
1.6962104
1.6124493
1.6553062
1.6363027
1.5913507
1.554928
1.6390591
1.6346263
1.5922035
1.6508062
1.5853999
1.5873779
1.6793705
1.5439129
1.6730589
1.5452927
1.541417
1.568782
1.5589538
1.5991322
1.5466532
1.5901275
1.5321842
1.5921313
1.6056253
1.5869035
1.6157103
1.5169907
1.5639266
1.5975635
1.6163193
1.596667
1.5224049
1.5190605
1.5829012
1.6028905
1.6493797
1.619887
1.637147
1.5760001
1.6016322
1.64077
1.5789312
1.5833337
1.5288063
1.5807972
1.5420642
1.5509803
1.5340979
1.5625107
1.6642708
1.5814079
1.603356
1.6222322
1.6379205
1.67677
1.5469136
1.5318652
1.6825527
1.65978
1.5525475
1.5791249
1.6355057
1.5844808
1.7796907
1.629988
1.6332302
1.569019
1.6117609
1.705727
1.5807754
1.5488926
1.5513481
1.6791835
1.7057972
1.649968
1.6220304
1.5994275
1.6833616
1.5846163
1.6554855
1.5836443
1.598883
1.586449
1.6395432
1.6021178
1.5646355
1.58587
1.67342
1.5664362
1.5995487
1.643993
1.576305
1.613034
1.5843333
1.5986704
1.6334927
1.5525957
1.5846287
1.6044971
1.533285
1.5561988
1.5768957
1.613687
1.6363627
1.6149797
1.5450343
1.5338943
1.5944525
1.5787339
1.6772908
1.574095
1.6125182
1.5432082
1.5994077
1.5943803
1.5614439
1.7022625
1.5856531
1.5781604
1.6268817
1.578365
1.6642863
1.5952307
1.5783798
1.5858947
1.6863937
1.6675098
1.5696329
1.523533
1.6786546
1.5697376
1.529215
1.6065224
1.5782002
1.567727
1.530924
1.5728462
1.614559
1.6250157
1.6230208
1.5809046
1.5773538
1.6055218
1.554625
1.6114035
1.6232604
1.580808
1.6050684
1.6037265
1.58254
1.6254488
1.535736
1.5647397
1.527233
1.6114569
1.6032176
1.5177617
1.586776
1.5822971
1.5869752
1.5431585
1.532308
1.5449848
1.5891265
1.5400274
1.5297573
1.5523705
1.5850428
1.5959171
1.5250169
1.5654198
1.6017587
1.5284313
1.531386
1.5204136
1.5674758
1.5331696
1.5459186
1.5393215
1.5950371
1.5515456
1.5404092
1.5258925
1.5286708
1.5290611
1.544345
1.539614
1.5577222
1.5614493
1.5226845
1.542384
1.5457453
1.618534
1.5491132
1.5400026
1.5636437
1.605323
1.605456
1.5939888
1.5232689
1.5725282
1.6011567
1.5991207
1.6368022
1.5856173
1.539567
1.5750091
1.5822518
1.5766017
1.6332828
1.565658
1.5344014
1.5580009
1.6341763
1.6676843
1.6191846
1.6153915
1.6155632
1.5217667
1.5792181
1.5589283
1.7271962
1.6300391
1.6079862
1.6160595
1.546441
1.572211
1.5281465
1.60102
1.6085378
1.5202131
1.6033746
1.5506703
1.6590488
1.6398537
1.5181983
1.5506815
1.5792524
1.6452942
1.5967352
1.5494853
1.5675752
1.5729746
1.530387
1.59474
1.5866662
1.536377
1.5759169
1.5962132
1.5773282
1.6134332
1.6719148
1.6450088
1.5577563
1.6290395
1.5367254
1.5599155
1.5526272
1.5291378
1.5844837
1.5737545
1.5705882
1.551892
1.6918772
1.5684862
1.7556123
1.6156447
1.5845605
1.5505959
1.607063
1.6345682
1.5730069
1.5351598
1.5759083
1.6128286
1.5209112
1.5641273
1.6811953
1.6223933
1.5773325
1.5790495
1.635567
1.6382424
1.5641898
1.5967746
1.5934248
1.673992
1.548288
1.524335
1.5483997
1.5798075
1.6360612
1.5668685
1.5721709
1.5688865
1.5871248
1.5561836
1.6698983
1.5270005
1.5343677
1.5805128
1.550833
1.6985803
1.5753484
1.5317817
1.6247965
1.6035097
1.5788658
1.5251024
1.6424627
1.6034855
1.5578651
1.5407709
1.5228499
1.5937029
1.5339392
1.586138
1.54936
1.5507709
1.5448002
1.580307
1.5868468
1.5220672
1.5324123
1.6061599
1.6125091
1.5522915
1.6035638
1.5623829
1.5848593
1.5155667
1.5216897
1.5577798
1.660783
1.5303098
1.5322165
1.5714263
1.6044005
1.6268649
1.5715903
1.5852673
1.5847994
1.5323972
1.6428424
1.5434331
1.6065007
1.6217798
1.5582818
1.6215254
1.550563
1.5305905
1.5320607
1.5375042
1.686513
1.5667927
1.6082218
1.5526627
1.583445
1.6584252
1.5733032
1.5521177
1.5639006
1.5600972
1.600541
1.6206872
1.5991609
1.5636343
1.5312034
1.7488879
1.6255575
1.6038382
1.5727485
1.582783
1.6258744
1.6198359
1.5216138
1.520424
1.7027242
1.5775611
1.7051762
1.572591
1.5502272
1.658677
1.6506518
1.8619705
1.6843897
1.5543754
1.7078745
1.973873
1.8127768
1.5999976
1.567343
1.6294816
1.6441144
1.6254117
1.6109817
1.5942864
1.6109886
1.5454859
1.5756758
1.5958378
1.577881
1.5426381
1.5393724
1.6543766
1.6736207
1.567521
1.6319298
1.6066008
1.5330776
1.543985
1.5675195
1.5643665
1.5477314
1.564878
1.5989275
1.5556778
1.5655657
1.6146624
1.628166
1.5554748
1.5424145
1.5319571
1.5970669
1.5419208
1.5498972
1.6052573
1.5807438
1.5670266
1.6540534
1.59963
1.5852325
1.6610383
1.5336275
1.548941
1.6998026
1.5789677
1.5721492
1.6018227
1.6070143
1.6103543
1.6101289
1.5966424
1.5512465
1.5500058
1.6731155
1.5752761
1.5698022
1.573694
1.5312003
1.6415198
1.533888
1.6114722
1.5591054
1.5553702
1.5276972
1.576594
1.626091
1.536704
1.6280617
1.5645005
1.5351617
1.6339368
1.5695972
1.576978
1.5844222
1.5999593
1.6024443
1.5936494
1.5370412
1.6214283
1.5756962
1.5994587
1.5473288
1.5801228
1.6374025
1.5337417
1.5533133
1.5665756
1.6257124
1.6218709
1.6647954
1.5567474
1.6514943
1.5682555
1.6473165
1.7486426
1.6379157
1.6059687
1.5504913
1.5298302
1.5739932
1.6197368
1.5877725
1.6189952
1.666052
1.5401124
1.6572592
1.7244179
1.6603105
1.5908352
1.529576
1.5848426
1.5356188
1.5294403
1.65934
1.5668716
1.5380371
1.537732
1.5468397
1.5412055
1.5651386
1.5480915
1.5208418
1.6028816
1.5653145
1.5749606
1.5546545
1.5379252
1.6563698
1.5179652
1.5310388
1.5870551
1.5147867
1.5604272
1.5886061
1.623791
1.5936569
1.5737821
1.6529405
1.6933473
1.6585302
1.6065243
1.5547477
1.5392592
1.6162355
1.6251148
1.573221
1.524171
1.6467937
1.6130763
1.582491
1.5969417
1.5993445
1.5779063
1.6252277
1.5787961
1.5875959
1.7067728
1.686193
1.5935593
1.5639127
1.5633047
1.7384229
1.7424703
1.6671714
1.6827123
1.5749292
1.6323792
1.5679942
1.8381684
1.540541
1.5779427
1.8458731
1.8451703
1.5658847
1.5845908
1.5413017
1.6199203
1.6213903
1.708678
1.6096436
1.6486584
1.5479252
1.5817485
1.593163
1.5886183
1.6497555
1.5804982
1.6561332
1.576663
1.6055107
1.6128292
1.6185673
1.6701657
1.6365064
1.5720842
1.5434349
1.5460353
1.6234127
1.6340889
1.5421817
1.55741
1.5402975
1.5622567
1.6098809
1.5473428
1.5826995
1.583235
1.5394692
1.5704067
1.5486233
1.6047318
1.5414404
1.6561515
1.5263877
1.5385336
1.5466897
1.5560386
1.6148974
1.5545597
1.6061993
1.6721992
1.6348658
1.7830051
1.8043845
1.6062832
1.5401865
1.643601
1.8465885
1.6478854
1.6421497
1.641479
1.5930642
1.6355951
1.6118933
1.5747349
1.593883
1.6016177
1.657568
1.6993142
1.6196642
1.6842897
1.6173263
1.5658648
1.5822095
1.5971851
1.6077563
1.5443895
1.5928693
1.6193575
1.5646595
1.5521424
1.553097
1.6072919
1.6057483
1.5351565
1.5668805
1.556373
1.5760825
1.657147
1.6207635
1.5389057
1.5585035
1.5509405
1.561473
1.5957763
1.6445374
1.5283986
1.537301
1.6136688
1.6063368
1.6050868
1.5665247
1.5209352
1.5562375
1.62413
1.6119025
1.6087648
1.5693909
1.6413003
1.5479981
1.5513805
1.5364403
1.7119294
1.6172034
1.5430926
1.6279165
1.6219683
1.5350685
1.52767
1.6623827
1.5609212
1.5759388
1.5961132
1.5709208
1.6114732
1.5709555
1.6115623
1.5825716
1.5715113
1.59746
1.5711643
1.6790437
1.5707339
1.5522425
1.530595
1.5948452
1.646549
1.6055043
1.592746
1.6592879
1.6445045
1.527571
1.6733627
1.6060874
1.5555588
1.538044
1.5395155
1.5394535
1.5510303
1.6222675
1.5380855
1.5537905
1.6006322
1.5699675
1.6018286
1.5536933
1.5477215
1.5261683
1.5686264
1.518609
1.5600686
1.5600642
1.5784003
1.5843174
1.5847902
1.5267384
1.5882304
1.5554787
1.5651412
1.7005216
1.5486687
1.6518992
1.6353054
1.7491846
1.6498575
1.5691983
1.6247641
1.6431562
1.5652025
1.5527108
1.5671017
1.6108481
1.5501571
1.6423858
1.5329115
1.5774603
1.5492532
1.6303252
1.5449556
1.5981135
1.5483807
1.533413
1.5653875
1.5568757
1.5709385
1.5728025
1.6174003
1.5710135
1.5751761
1.5224673
1.5608815
1.5832865
1.555954
1.558037
1.5605121
1.696377
1.6220093
1.5422838
1.5528108
1.6099463
1.5543131
1.5536788
1.543972
1.571627
1.5541236
1.5303484
1.5456967
1.562765
1.5813231
1.5875589
1.5625235
1.6027045
1.8220229
1.6361185
1.5234058
1.5479152
1.6256504
1.7287202
1.6257627
1.5984355
1.5179285
1.5573658
1.6741518
1.6455325
1.553766
1.6127971
1.5977818
1.5420562
1.6186103
1.6011591
1.5601625
1.5582047
1.5655205
1.5488805
1.5374843
1.5961877
1.6768913
1.5664608
1.5439632
1.5684896
1.6100165
1.5739566
1.5450774
1.5194279
1.591529
1.5539914
1.5937443
1.5717205
1.5497978
1.5412842
1.5360208
1.535106
1.599562
1.5587162
1.5508405
1.5452645
1.5618018
1.5763829
1.5562146
1.5605415
1.5393178
1.547876
1.514803
1.5202069
1.5584723
1.5568308
1.5366641
1.5475936
1.563911
1.5517062
1.6147097
1.5414155
1.5475844
1.6013768
1.6391675
1.9234345
1.6726309
1.7371114
1.5640657
1.6863334
1.8649172
1.8291851
1.5530941
1.71447
1.7436064
1.770942
1.7165304
1.5809208
1.5519279
1.5720546
1.7231996
1.7355654
1.6346115
1.5884168
1.6359336
1.5441056
1.5319338
1.5875162
1.6062953
1.6203395
1.5863371
1.5234567
1.5336465
1.6047298
1.5518509
1.6796713
1.6014923
1.5539587
1.5658908
1.5841564
1.644286
1.5829809
1.5673273
1.5725852
1.5273453
1.5773189
1.6082842
1.5379686
1.5900129
1.6175958
1.5453167
1.5233767
1.5568203
1.621731
1.5645756
1.6343968
1.5701127
1.569386
1.5316893
1.5834697
1.6089387
1.6143467
1.6853402
1.5262827
1.5166157
1.6099015
1.6430355
1.5818627
1.6177647
1.5312136
1.578366
1.5595137
1.5782025
1.5357821
1.5592604
1.6653262
1.58063
1.5524969
1.52303
1.638148
1.6139766
1.5481802
1.5916318
1.6023504
1.5431725
1.5542998
1.5550206
1.5752424
1.6613272
1.610105
1.5370443
1.6337
1.5934883
1.6007832
1.7198747
1.6898228
1.5632398
1.6019837
1.5279641
1.5661336
1.638677
1.8219278
1.6099495
1.5743808
1.6030434
1.6195157
1.7328422
1.7253076
1.5591199
1.5917581
1.5327444
1.5768826
1.5824218
1.6036918
1.6434232
1.6256384
1.5387394
1.521782
1.610481
1.6887037
1.647193
1.55603
1.5514818
1.5405072
1.5291065
1.5442469
1.5665733
1.5632157
1.551088
1.5819453
1.5269415
1.5415546
1.536603
1.5361288
1.5791233
1.6120322
1.571099
1.5716796
1.521348
1.5299815
1.5355452
1.5708848
1.5391068
1.5271299
1.5717857
1.5266569
1.5486851
1.5288106
1.5726012
1.5429637
1.6318744
1.5515943
1.5750021
1.539928
1.5504425
1.5689467
1.5503793
1.6127204
1.538425
1.5754668
1.6108344
1.6026115
1.6195414
1.5568187
1.5933335
1.5749507
1.5838102
1.5366478
1.605318
1.547512
1.6798086
1.5375874
1.5646198
1.6674412
1.575776
1.6890903
1.5165093
1.5377913
1.560102
1.5299872
1.5501373
1.5466071
1.6358367
1.561782
1.5900408
1.5147407
1.5853634
1.5797267
1.6181765
1.5636375
1.748076
1.5521435
1.5797278
1.5474672
1.6849757
1.5389935
1.5251412
1.5979862
1.54906
1.5328786
1.5398113
1.62326
1.5455788
1.5594064
1.6544663
1.5310622
1.5442871
1.5572333
1.5678906
1.5622503
1.5276092
1.5273527
1.5314525
1.5256882
1.6034905
1.6442883
1.5695145
1.5352664
1.6268162
1.5745895
1.5797135
1.5910357
1.5832784
1.5822257
1.5371612
1.5673624
1.5801089
1.5703835
1.5760373
1.5742342
1.5319372
1.539957
1.5274616
1.5677342
1.5807844
1.5963734
1.5378988
1.6310475
1.5530378
1.52873
1.5528768
1.5784265
1.6025544
1.5514413
1.5341642
1.5468011
1.5359592
1.5396924
1.5173911
1.5496539
1.5334859
1.5292797
1.5515257
1.5242378
1.5290145
1.561115
1.530489
1.5746346
1.5412823
1.5506078
1.571151
1.5688219
1.5360104
1.5180866
1.6147119
1.6491147
1.5782487
1.5746137
1.5688274
1.5855408
1.5806575
1.5257566
1.5290227
1.6230772
1.5689002
1.5531162
1.5907729
1.5617855
1.5332408
1.5360001
1.5317353
1.5219785
1.5575451
1.5448475
1.5577295
1.5359809
1.5707191
1.5926845
1.5467056
1.5146745
1.5204521
1.5918013
1.5655906
1.579236
1.579084
1.5864857
1.6178875
1.5824808
1.5790757
1.5508703
1.633625
1.554687
1.5805125
1.6258018
1.516605
1.574864
1.5529722
1.5726124
1.519655
1.5260855
1.5226599
1.5377257
1.5424083
1.5284718
1.5370865
1.5729027
1.533503
1.5918827
1.5433905
1.5503557
1.5380558
1.5602436
1.5540642
1.5366414
1.5379784
1.5555452
1.5348961
1.5806223
1.5258373
1.5567179
1.5231547
1.5706565
1.5169922
1.5569365
1.5911763
1.522836
1.5516877
1.5576179
1.612365
1.5870321
1.7092695
1.6075507
1.5411853
1.5695717
1.5435127
1.6222329
1.6344092
1.527866
1.5335675
1.5428165
1.5445607
1.602976
1.5465335
1.5538837
1.5376896
1.538645
1.5478824
1.5137457
1.5590317
1.6261095
1.5992378
1.5233207
1.580302
1.5229522
1.577273
1.6217798
1.6172267
1.632364
1.5477403
1.6315
1.6869577
1.5567623
1.5600144
1.5183607
1.669832
1.6697886
1.5786284
1.5110513
1.533754
1.610374
1.5410718
1.6276205
1.5261322
1.5359977
1.6067765
1.5826035
1.583388
1.5858029
1.5588819
1.5253377
1.618921
1.5527267
1.5833029
1.639208
1.6737663
1.6732981
1.568534
1.5331962
1.5790735
1.6221887
1.6619405
1.6496756
1.5841497
1.5665284
1.5707775
1.5371281
1.5670877
1.677874
1.6471266
1.5317757
1.5744728
1.5728716
1.526311
1.5660037
1.6496634
1.5613129
1.5549845
1.5728256
1.566372
1.5546806
1.581828
1.5529988
1.6486355
1.5232105
1.6045603
1.5994583
1.5598817
1.5177583
1.5350661
1.5338024
1.5320152
1.583165
1.6016058
1.5493841
1.5240825
1.5324037
1.5418423
1.54984
1.5333611
1.646849
1.55095
1.5258304
1.5361918
1.5936515
1.6481675
1.6236326
1.5414615
1.5323962
1.5561297
1.521138
1.6281612
1.552611
1.515637
1.5178893
1.5260028
1.6018293
1.5914221
1.5327815
1.5570078
1.5326414
1.5561829
1.5348345
1.5573561
1.5504563
1.543449
1.5563112
1.596395
1.5776354
1.5682846
1.6516025
1.5676875
1.519393
1.5347657
1.5927565
1.5702585
1.5794032
1.5630493
1.573022
1.5677632
1.595698
1.5749979
1.5653298
1.5325042
1.5439672
1.535534
1.5551721
1.574037
1.554273
1.547753
1.5275328
1.5217828
1.5646049
1.656323
1.580516
1.5610076
1.5818594
1.5425735
1.5245823
1.5743188
1.69424
1.6521348
1.5457208
1.5322356
1.5153474
1.597063
1.6011475
1.5503694
1.5478061
1.5732123
1.531135
1.655599
1.58671
1.5638927
1.5401545
1.5356644
1.5504261
1.6656154
1.6518685
1.5904815
1.5610098
1.5856044
1.5689714
1.5686239
1.56051
1.5278409
1.5182989
1.5405015
1.5618533
1.6162714
1.6303858
1.515425
1.5193672
1.5275264
1.5881168
1.6190147
1.577792
1.5162678
1.580359
1.721382
1.6258072
1.5401931
1.5157639
1.6499472
1.6602397
1.662928
1.5289803
1.5412154
1.6301997
1.5200839
1.5596588
1.6441308
1.6185342
1.6209525
1.5615556
1.5625273
1.6655595
1.6702442
1.6002637
1.5523765
1.5927414
1.5352042
1.658571
1.5347642
1.5981407
1.620983
1.6017288
1.5411632
1.554254
1.6959205
1.6224815
1.5478778
1.5789553
1.6344308
1.5189489
1.5436603
1.54561
1.5286375
1.5828682
1.8103687
1.5788604
1.5470557
1.6421555
1.7398884
1.6123707
1.5521495
1.5527866
1.527916
1.5500784
1.5442916
1.5773145
1.5556408
1.5638654
1.6083517
1.5853288
1.5505502
1.6667843
1.6349287
1.6140184
1.570212
1.5312401
1.5540875
1.709043
1.5496451
1.6245621
1.7661132
1.5385386
1.6655678
1.5595379
1.6811148
1.7907938
1.5687517
1.588075
1.6043452
1.6156864
1.6058089
1.674437
1.5881487
1.5621516
1.5395191
1.6550802
1.7490102
1.6223404
1.5792581
1.5595249
1.564563
1.6093875
1.6217581
1.6910416
1.6058595
1.5269432
1.614324
1.6527455
1.8194127
1.6593478
1.6223415
1.5167439
1.6311032
1.6137164
1.6989288
1.5704829
1.5916685
1.523159
1.5663463
1.6612005
1.6465486
1.6446648
1.6192517
1.5829653
1.5791386
1.529968
1.5641948
1.5565952
1.5663984
1.6016489
1.5303258
1.5319346
1.5348058
1.5742953
1.625542
1.6408099
1.5761724
1.5460705
1.6398002
1.594476
1.5747962
1.6143526
1.5617009
1.6480187
1.6653146
1.5897785
1.5783445
1.565553
1.8063197
1.6309627
1.5772332
1.5408895
1.542626
1.5804316
1.7508303
1.7189516
1.6087928
1.6245219
1.5643879
1.530725
1.5724726
1.6661932
1.5869747
1.5344278
1.5591128
1.619104
1.5654485
1.6766235
1.5773498
1.6047207
1.5493546
1.6010303
1.5908883
1.5670003
1.5892895
1.5683033
1.5755283
1.5416617
1.6475828
1.5485164
1.5178512
1.5688815
1.5728227
1.5836482
1.547345
1.5650461
1.553079
1.520542
1.5454553
1.5354917
1.5266193
1.608131
1.5266842
1.5462183
1.5522633
1.5709734
1.5199285
1.7365987
1.5784315
1.6046387
1.6597342
1.5759817
1.7408392
1.5674919
1.5192262
1.6411116
1.6061352
1.6818727
1.6242281
1.6610404
1.5252484
1.5775636
1.522162
1.6244205
1.6433909
1.656496
1.6222283
1.5953946
1.550281
1.5314642
1.5787722
1.6393203
1.5729115
1.6103177
1.5443317
1.6437732
1.5503035
1.5574532
1.5567524
1.5343815
1.541695
1.5791627
1.6223807
1.5718008
1.5681431
1.5851133
1.577087
1.5623993
1.5981036
1.5581123
1.6183512
1.5168257
1.5295831
1.6004043
1.5274192
1.5528293
1.5157218
1.5610323
1.5746882
1.559334
1.5163715
1.5604645
1.550842
1.5483954
1.527877
1.5892652
1.515558
1.5597023
1.5440224
1.5156733
1.5321492
1.5861057
1.5410278
1.5673062
1.5810988
1.526515
1.6131241
1.557128
1.5669911
1.6206023
1.62079
1.5741357
1.6944637
1.6643465
1.7015095
1.5602572
1.6178762
1.5790595
1.5735065
1.6802549
1.6383307
1.5637997
1.5394088
1.615445
1.6621295
1.6528277
1.5857856
1.6251765
1.569353
1.623104
1.6903855
1.7521635
1.6666002
1.5677785
1.6529821
1.5172125
1.5957628
1.5557334
1.5965246
1.5845951
1.6606563
1.6753182
1.5852675
1.517394
1.5408288
1.582088
1.5869533
1.5867665
1.534511
1.6442902
1.5421997
1.6193525
1.57899
1.5369418
1.5343277
1.555138
1.5468762
1.6409087
1.5898063
1.5500832
1.6705066
1.5643231
1.5711809
1.6182297
1.6208042
1.6464165
1.6957712
1.634258
1.5367599
1.6181433
1.676284
1.6043937
1.5504967
1.614521
1.6752903
1.5535948
1.5490351
1.593502
1.6065513
1.6111269
1.5350311
1.5602077
1.5459965
1.525602
1.5561272
1.5619559
1.5698534
1.5251213
1.5307829
1.5355277
1.5168254
1.5738918
1.5769753
1.5437077
1.5205706
1.5330235
1.5237128
1.553252
1.5908352
1.5837501
1.5394905
1.571968
1.5221913
1.5372742
1.5199947
1.5464816
1.6141585
1.5285093
1.5798643
1.5515537
1.5618165
1.5682353
1.5155883
1.5503062
1.5542023
1.522201
1.5391825
1.5247041
1.5262405
1.5200386
1.5141553
1.5474596
1.564263
1.5405854
1.5582148
1.6146575
1.5258434
1.5589944
1.6133044
1.5421045
1.5815198
1.5594815
1.589636
1.5197229
1.518485
1.6245805
1.5711128
1.6436797
1.5665163
1.5525483
1.5618063
1.5454166
1.5375675
1.583154
1.5217412
1.5650537
1.5818353
1.5310949
1.55588
1.5445982
1.5664316
1.5167273
1.537544
1.5260348
1.5736295
1.5529995
1.5379802
1.5371163
1.5319952
1.5418363
1.5690339
1.5129645
1.5586896
1.5567117
1.5874591
1.5639035
1.6454833
1.5712959
1.5138321
1.5763478
1.5540422
1.6763111
1.521225
1.5505128
1.5150015
1.5703635
1.6324607
1.539825
1.6346962
1.5923804
1.6225991
1.5900763
1.583428
1.682692
1.6408329
1.618725
1.6565331
1.6017933
1.6839144
1.5366727
1.5517114
1.5393395
1.5388048
1.6000203
1.571297
1.5821662
1.6216798
1.5794405
1.5816232
1.6374493
1.5659335
1.5767773
1.5351697
1.5619701
1.5329847
1.5134234
1.52286
1.5263865
1.5440445
1.5686928
1.572747
1.5755599
1.611883
1.5221572
1.5399017
1.5228387
1.5381616
1.571383
1.5489694
1.5202491
1.519653
1.5749699
1.5674113
1.6400788
1.5742993
1.5587088
1.6745865
1.5937794
1.6121542
1.5617175
1.540658
1.5248252
1.53397
1.645556
1.5367328
1.5383955
1.5312457
1.5513159
1.5672518
1.570378
1.5899112
1.5287473
1.5702193
1.5862696
1.6059306
1.5874188
1.6130152
1.6021408
1.6238626
1.6322541
1.5436411
1.7444952
1.7346406
1.6426803
1.645454
1.6131122
1.6211667
1.5773612
1.5756307
1.67038
1.5374283
1.6512351
1.5448315
1.548817
1.5443782
1.564671
1.5315373
1.6303914
1.572275
1.545207
1.5619707
1.5246944
1.5743083
1.5244088
1.5948516
1.5672373
1.5417962
1.6239812
1.6072716
1.6135087
1.5664767
1.5490047
1.5221888
1.5215254
1.553043
1.5172437
1.7189755
1.5167807
1.55053
1.5666381
1.5686923
1.5519203
1.6542598
1.5251122
1.5325582
1.5366563
1.5785288
1.5321935
1.5835986
1.5535954
1.5691178
1.5787934
1.5992388
1.5944912
1.5875503
1.5936905
1.5550367
1.6173923
1.5949117
1.5804101
1.5900418
1.6266673
1.5675962
1.6435617
1.7052531
1.651925
1.530184
1.5494319
1.5432713
1.6950654
1.6310515
1.5622532
1.5510054
1.6129843
1.5539185
1.5106684
1.6129266
1.5728395
1.6168493
1.5656166
1.5611392
1.5265057
1.5399
1.5414556
1.5439137
1.5540438
1.5368687
1.5182964
1.5790403
1.5323312
1.5166512
1.5430571
1.5344907
1.557563
1.6005805
1.5484345
1.517943
1.5383693
1.6337497
1.5728762
1.517801
1.514858
1.5833591
1.555667
1.569998
1.526034
1.5484798
1.5149653
1.5543107
1.5482162
1.5659837
1.5448459
1.528914
1.5588735
1.5470345
1.5714506
1.527433
1.5269009
1.5358014
1.5428123
1.5720285
1.5360982
1.5107522
1.5135404
1.533733
1.574698
1.5195128
1.5590469
1.5165821
1.5512606
1.520509
1.5304772
1.5587503
1.5199022
1.5512002
1.5778085
1.5225132
1.519992
1.52447
1.5673326
1.5255334
1.54543
1.568058
1.5625254
1.5360286
1.6004925
1.562865
1.5253407
1.5603002
1.514203
1.5442841
1.5271047
1.541003
1.5589826
1.6323053
1.5666863
1.5168808
1.5266562
1.5680739
1.619413
1.553029
1.5534556
1.6056926
1.5375208
1.5969315
1.5137686
1.5553135
1.6501349
1.563754
1.537585
1.5675945
1.5401957
1.5453359
1.5186595
1.5202613
1.6325343
1.5795763
1.541993
1.5465482
1.5531298
1.5538162
1.5702276
1.5239224
1.52658
1.5304393
1.514348
1.5550301
1.5309123
1.5966986
1.5867699
1.5573665
1.5182912
1.5232363
1.5525225
1.6231178
1.5499083
1.5931188
1.5224406
1.5278105
1.5561436
1.5163628
1.5323898
1.7089578
1.6387137
1.6032612
1.5304508
1.596256
1.7582079
1.630507
1.6095041
1.5121968
1.5851878
1.5845808
1.5601443
1.5778013
1.5633962
1.5656551
1.5716145
1.6285305
1.5166987
1.5710102
1.5781584
1.5836227
1.5392398
1.5616142
1.6053529
1.5594041
1.5624561
1.555687
1.5444419
1.6792579
1.6363297
1.5378027
1.562185
1.5192232
1.5374417
1.6005388
1.5990835
1.5683047
1.5195725
1.6933081
1.5434443
1.5129727
1.5832235
1.6178665
1.5362649
1.6047236
1.5806849
1.8315268
1.5889018
1.5992028
1.7362512
1.5497723
1.7071537
1.6730225
1.5757871
1.5871055
1.5959712
1.5860803
1.6324245
1.6828442
1.5949501
1.5406395
1.5736264
1.6354398
1.5264258
1.5349172
1.5552521
1.6048578
1.5694097
1.5755522
1.5194658
1.5463719
1.6195443
1.5676597
1.5353339
1.5534618
1.5790725
1.5702724
1.6427355
1.6170516
1.573263
1.592769
1.547451
1.5197062
1.5576912
1.593206
1.5598752
1.5298626
1.5228432
1.655526
1.5425541
1.5853835
1.5914606
1.5470393
1.5163498
1.5531235
1.591582
1.5388696
1.5371495
1.5433958
1.5247397
1.5734029
1.5319183
1.5410538
1.540034
1.5195513
1.5612408
1.5229553
1.577004
1.5260304
1.5552531
1.565071
1.5300298
1.5827848
1.5530498
1.6406988
1.563591
1.5831943
1.5661788
1.57214
1.6284266
1.5756397
1.5271605
1.5148623
1.5739528
1.5631047
1.5380735
1.5812575
1.5729988
1.5300112
1.5387939
1.6144935
1.5552608
1.530869
1.5358601
1.541287
1.5327955
1.736459
1.5980965
1.6041318
1.577258
1.5194002
1.5964895
1.6016285
1.5549374
1.6576794
1.59209
1.582927
1.5674645
1.5502721
1.6358215
1.8047668
1.5271623
1.5505598
1.6139265
1.5434119
1.5188495
1.5861877
1.542817
1.5214177
1.5260515
1.58941
1.5576704
1.5888479
1.5333561
1.5778378
1.5909274
1.6037018
1.529022
1.6258107
1.5934412
1.5567365
1.5400617
1.5710732
1.5359225
1.5416743
1.5683908
1.6002378
1.5457897
1.5561568
1.5324497
1.5291259
1.545706
1.610006
1.5711136
1.6031154
1.5632067
1.5803314
1.5827676
1.5587938
1.5128382
1.5342265
