25.152748
24.025305
23.14597
21.959436
20.121569
17.567604
17.483551
14.770286
12.990228
10.112456
7.7874904
8.569627
9.683634
9.541168
7.8546
7.861914
7.539221
6.9882774
6.0839825
6.067086
5.602112
6.0855064
6.5384808
5.89466
5.571071
4.9031186
4.518092
4.6809483
4.5147433
4.9465528
5.229108
5.207103
5.413588
5.2684646
4.7087665
4.6753154
4.644032
4.322175
4.1213193
4.348707
4.598826
4.570976
4.7607517
4.843734
4.294002
4.384353
4.066558
4.3517375
4.258689
4.416302
4.462231
4.664121
4.305719
4.452825
4.194775
4.155206
4.209999
4.359053
4.4408603
4.2911477
4.3406224
4.3009043
4.021553
3.8974924
4.2478485
3.8429053
3.8274755
3.800989
4.095191
3.9787724
4.39085
4.220753
4.101767
4.190345
3.9389255
3.6999507
3.682841
3.8309145
4.0285964
4.0790067
4.2451134
4.0851436
4.0412216
3.9815354
3.8338513
3.8830085
3.58827
3.8899295
3.9417408
3.8592966
3.981383
3.921966
3.9358594
3.7480035
3.7436485
3.8270159
3.7674174
3.803203
3.8526084
3.9503813
3.691841
3.634057
3.85031
3.6576233
3.636135
3.581811
3.8141606
3.8110945
3.816173
3.8793387
3.6715086
3.5602694
3.7763455
3.49143
3.721116
3.991308
3.7356126
3.993865
3.5916345
4.134305
3.6720984
3.573687
4.0701094
3.7874506
4.1138163
3.725553
3.5484705
3.7870574
3.4650712
3.7149043
4.025983
3.969734
4.1323504
4.014988
3.660296
3.7637787
3.2807505
3.986814
3.8830345
4.730729
4.0984893
3.6436036
3.5230472
3.773845
3.881598
3.658
4.5710754
3.906511
3.4630184
3.464772
3.4670649
3.4879491
3.5351324
4.167588
3.7898467
3.531683
3.2551405
3.4244623
3.3528838
3.421276
3.956488
4.53536
4.2065034
3.5348396
3.747009
3.8743324
3.6177156
4.145387
4.240626
4.006869
3.441201
3.5092192
3.5475998
3.622142
4.2283373
3.7117875
3.2818074
3.541505
3.56602
3.2968163
3.5728314
3.7870202
3.9524364
3.661572
3.555715
3.1432924
3.3491635
3.607426
3.4623685
3.5627384
3.3472855
3.1978476
3.5115318
3.2389405
3.167183
3.2078865
3.0515022
3.0302794
3.1394835
3.174656
3.300415
3.1641665
3.5319798
3.0397413
3.3164365
3.1828825
3.0565956
3.14911
3.223621
3.093636
3.249833
3.063133
2.9700794
3.162293
3.0136492
3.0788016
3.123174
3.27914
3.145519
3.058645
2.944119
3.1529834
2.9353445
3.1728785
3.1167326
3.211027
3.1305077
3.0519154
2.987479
3.156163
3.065483
3.0837235
3.2908576
3.281609
3.1948628
3.0199792
2.744551
2.847596
2.8164334
2.88918
2.8742604
2.9981844
2.7715578
2.788567
2.681167
2.8212152
3.1683946
2.86306
2.750734
3.011859
2.8726377
2.770305
2.8387334
2.810141
2.761996
2.8024564
2.8028145
2.928392
2.818119
2.9311986
2.7673864
2.941072
2.8628168
2.8815079
2.8718846
2.61292
2.8756402
2.8345168
2.8794544
3.0649166
2.769228
2.6123405
2.642922
2.776679
2.8946176
2.851934
2.7965508
2.860954
2.747988
2.8434105
2.7618134
2.5919096
2.7170231
2.5583663
2.672874
2.8224885
2.5897377
2.789947
2.652645
3.332841
2.6641636
3.4240336
2.6614861
3.3068402
2.6076465
3.0365496
2.5004644
2.8081212
2.907151
2.5589435
2.9468834
2.6961756
2.5100527
3.0858235
2.6752164
2.565536
2.713968
2.5604851
2.767996
2.6473162
2.612214
2.7764182
2.4114347
2.5308952
2.4921908
2.528839
2.413949
2.6320195
2.4344516
2.6601892
2.7446907
2.4443564
2.5542355
2.7391396
2.4906614
2.535265
2.6318934
2.616339
2.6498482
2.3373895
2.6455643
2.8934228
2.446769
2.7053425
2.5308414
2.7728944
2.9360316
2.4562526
3.5046525
2.4551332
2.578125
2.9758317
2.4951937
2.4854386
2.49372
2.6777484
2.3249104
2.6442347
2.7314744
2.4693313
2.205145
2.3510356
2.6826937
2.3295598
2.367815
2.456384
2.3449438
2.3290675
2.3603952
2.324527
2.3463714
2.3611434
2.4267056
2.3595276
2.2547946
2.16471
2.3145013
2.51668
2.245358
2.2972994
2.209344
2.3926067
2.1588817
2.18177
2.3164976
2.2261305
2.3019993
2.3702178
2.170154
2.3347964
2.2009711
2.2054605
2.2864687
2.0635116
2.1413054
2.3036652
2.2565708
2.1445587
2.3436298
2.1825764
2.2621732
2.266668
2.090061
2.2390723
2.1736398
2.171
2.1955276
2.161188
2.0969296
2.2628224
2.0834906
2.1021485
2.207232
2.116989
2.143014
2.0757606
2.0939589
2.0387766
2.107377
2.1114922
2.0797753
2.0513344
2.1122847
2.0357144
2.0015352
2.0243945
2.1367025
2.026514
1.9843478
2.035544
2.1156147
1.9405372
2.0441816
2.0462306
2.0456948
2.1543076
2.0267057
2.0155678
1.9945625
2.0416093
1.9465642
1.9603
1.967195
1.9235485
2.031495
1.9397027
1.955811
1.8937192
2.0892675
2.0336478
2.0226161
1.9698577
1.9666274
1.8862925
1.9553657
1.9295805
2.174468
2.0495412
1.953133
2.0889616
1.9588481
2.077131
2.181492
1.9495833
1.8890212
2.025633
1.9195127
1.9515421
2.135836
1.9888972
2.154886
1.9620388
1.9259933
2.082463
1.9489893
2.0057254
1.9883555
2.3648858
2.0422034
3.1164024
2.1432934
2.0932088
2.7237
1.9848952
2.2250414
2.426184
1.9739732
2.3667605
2.3472428
1.9786161
2.177059
2.23807
2.3579376
2.1405861
1.9874017
2.1636474
2.27602
2.101873
2.0060732
2.077566
2.1493156
1.8953347
2.0507185
2.028595
2.2230647
1.9821396
1.9754617
2.0248542
1.9907379
2.029551
1.9438936
2.0058577
1.9290864
1.9642967
1.982748
1.8717505
1.8911673
1.8878895
2.0095909
1.969958
1.9145222
1.9845304
1.864025
1.9006284
1.8718477
1.7794868
1.8854933
2.1053262
1.9993018
1.8830695
1.9739813
2.1110985
1.9070377
1.8117087
2.0620968
1.9750627
1.941039
1.8889822
2.0124762
1.9656222
1.9518949
1.9533881
1.9127063
2.0189285
1.8100505
1.8926888
1.963626
1.8516507
1.9089162
1.9115373
1.875258
1.7992527
1.9277401
1.9634472
1.855937
1.8279133
1.8564882
1.8832682
1.932978
1.8659831
1.8321522
1.8291782
1.8829123
1.7791878
1.8087157
1.93819
1.8370522
1.8393939
1.9262666
1.7920134
1.7627093
1.9796023
1.9261864
1.8034052
1.945334
1.7863976
1.800449
1.7677155
1.8314443
1.8617847
1.7804108
1.8149072
1.930336
1.7756824
1.8753109
1.919585
1.844433
1.8130699
1.9628657
1.8785512
1.7899712
1.756348
1.809321
1.9180864
1.8530115
1.9148195
1.9508243
1.8294683
1.8245867
1.9652436
2.0123372
1.8856423
1.8336513
1.993722
1.8222324
1.901811
2.1231282
1.7887332
1.8769155
2.0754437
1.8111025
1.9748907
1.9234799
1.8291588
1.9148823
1.9861099
1.9170548
1.9819658
2.007963
1.8416847
1.8452113
1.9949628
1.9704973
1.7449925
1.8379307
1.914493
1.9625386
1.7700393
2.6534715
1.7708275
2.178976
2.1687748
1.8361565
1.8771082
2.0829237
2.0946424
1.8159386
1.9576699
2.444568
1.8766495
2.0092967
2.116605
2.1586192
1.858781
1.8199971
2.016061
2.0160017
1.9533798
1.8095173
1.7319243
1.9259332
1.9043968
1.806176
1.7566605
1.7539393
1.941915
1.845081
1.76431
1.864543
1.7316254
1.7723894
1.834545
1.8699307
1.8313087
1.9005268
1.8856038
1.8241792
1.7960902
1.7625728
1.7678341
1.7841558
1.8064244
1.775686
1.7452402
1.7946825
1.8130783
1.7867353
1.7537365
1.7767278
1.7696157
1.6855862
1.7362306
1.809586
1.7777805
1.7531004
1.7424209
1.8710515
1.7542558
1.7852027
1.7667502
1.7532676
1.770267
1.7980378
1.6726702
1.813564
1.7544386
1.7350887
1.751033
1.8932874
1.7870862
1.8441713
1.7983718
1.9480954
1.884931
1.793401
1.711363
1.686383
1.8035024
1.7271183
1.7485821
1.6983045
1.8666645
1.6936955
1.7227012
1.7350619
1.7089856
1.7206557
1.6769062
1.707213
1.6944005
1.686003
1.8187758
1.7274892
1.6938498
1.7434243
1.695786
1.7499397
1.9463124
1.8122201
1.8241087
1.8347895
1.9821668
1.7241488
1.9434986
1.8228407
1.827879
1.8590434
1.7694907
1.7400583
1.7395169
1.891191
1.8894483
1.889498
1.761048
1.660569
1.7711469
1.6872822
1.7436959
1.7789592
1.739126
1.7783093
1.6770723
1.7949528
1.7389326
1.7260619
1.8346045
1.633335
1.6959394
1.8262713
1.8048975
1.7730837
1.7592995
2.008537
1.83541
1.7578588
1.9343764
1.8099365
1.7379506
1.716797
1.69622
1.7456573
1.865204
1.7217917
1.7302737
1.6337438
1.6804818
1.7697808
1.7672071
1.774583
1.8452798
1.7444595
1.7338736
1.7496399
1.720253
1.7699716
1.7402905
1.7196705
1.727032
1.7988715
1.8946267
1.7954144
1.7665964
1.8034365
1.8467523
1.9256895
1.8243545
1.9352617
1.7987804
2.1429799
1.76686
1.7379311
1.7367501
1.7631485
1.6850615
1.7600281
1.8184254
1.7675627
1.809394
1.7461153
1.8071585
1.6981088
1.8984697
1.692606
1.766336
1.9691948
1.7115761
1.7771146
2.0916364
1.7369055
1.6426113
1.6784015
1.913025
1.7534045
1.7867495
1.6708691
1.7777022
1.7702308
1.7239083
1.6845098
1.7367712
1.7215987
1.7934562
1.7143011
1.7692088
1.7788345
1.7389959
1.7763426
1.6431513
1.7029715
1.6982595
1.6558275
1.6885452
1.7959931
1.634879
1.6472707
1.7683653
1.6721008
1.6991472
1.7470603
1.6628269
1.7221123
1.6870637
1.6536603
1.7313588
1.6893003
1.8069468
1.6208937
1.7771572
1.7100998
1.6752492
1.7374817
1.6766442
1.6302305
1.6865423
1.6188227
1.6130153
1.6595886
1.7461116
1.7769519
1.724255
1.7159873
1.7273015
1.6851888
1.7874451
1.6183953
1.6651152
1.760505
1.6498678
1.7169429
1.6063467
1.5986958
1.7471613
1.7003553
1.6258285
1.6492281
1.7646964
1.6239835
1.7984091
1.9543159
1.6582958
2.5515695
1.7626787
1.7978561
2.295772
1.7898322
1.6488942
1.8478692
1.9903998
1.6467845
1.7152364
1.7707467
1.7527039
1.6864909
1.6860375
1.8469827
1.7296305
1.7143298
1.6918647
1.655308
1.726932
1.6470885
1.6726342
1.6768245
1.6982611
1.7885125
1.660987
1.664932
1.6885152
1.6073375
1.640532
1.6328189
1.7237808
1.7869452
1.7021573
1.6563855
1.729265
1.7174392
1.6978718
1.6852744
1.8066036
1.6402217
1.6485537
1.6968178
1.6760335
1.8003805
1.6166587
1.9208922
1.6874743
1.6220628
1.749389
1.759519
1.6428994
1.633425
1.6938355
1.7233005
1.7506027
1.6804382
1.8254092
1.6302167
1.7025992
1.7545135
1.817219
1.6788986
1.6368908
1.8391273
1.780892
1.6588119
1.7154248
1.8268298
1.73585
1.7104125
1.7096066
1.660786
1.6776533
1.6546228
1.7173046
1.6263863
1.5849103
1.6822143
1.6693565
1.639315
1.6741115
1.655805
1.609879
1.5918907
1.702537
1.6796682
1.7084882
1.694317
1.6384693
1.6217303
1.6630403
1.66606
1.6782904
1.6046788
1.6087805
1.791776
1.699555
1.6636124
1.6580635
1.6364417
1.592732
1.5673188
1.6401005
1.7011355
1.5889633
1.6607575
1.6940055
1.6162701
1.6064208
1.724386
1.74817
1.7239552
1.593926
1.6949056
1.7470273
1.6929202
1.6559644
1.8476362
1.7914946
1.6514128
2.038267
1.6743382
1.7216362
1.6221012
1.6278497
1.6058034
1.6621717
1.7193515
1.6333741
1.5595675
1.6443526
1.7742252
1.6298428
1.6027207
1.6757737
1.6475663
1.838272
1.6631294
1.7943077
1.70345
1.7185216
1.5899726
1.6702447
1.6146235
1.8041393
1.580215
1.6198281
1.5972337
1.6604887
1.735954
1.6313624
1.6695045
1.7226658
1.7223111
1.6337937
1.5954399
1.6519785
1.646903
1.6061307
1.7072495
1.6800051
1.6071756
1.7198701
1.6692861
1.6647161
1.7320986
2.070765
1.9463761
1.786756
1.873701
1.8417913
1.6659865
1.9714937
1.6204045
1.6642095
1.6380533
1.651398
1.747144
1.6771452
1.717901
1.8115883
1.6604773
1.7509727
1.6113509
1.720379
1.7550898
1.6787581
1.6154209
1.659983
1.6522318
1.629692
1.6942245
1.6015368
1.6915448
1.7101005
1.7034891
1.7807897
1.6416826
1.6529714
1.6389233
1.7654787
1.740913
1.6600841
1.6149298
1.7259144
1.6445723
1.6444969
1.6061327
1.639341
1.6368608
1.6513934
1.8373057
1.5982492
1.7101432
1.7885143
1.5683455
1.6368909
1.7599881
1.7049321
1.6820186
1.6361046
1.7317307
1.7577436
1.63992
1.6182098
1.6165491
1.7037666
1.705093
1.8323835
1.6575124
1.822436
1.7079557
1.6917315
1.7312663
1.7713063
1.6540005
1.9203178
1.7187684
1.685606
1.686372
1.7770387
1.5916162
1.7033135
1.6329718
1.6065514
1.7546016
1.6475506
1.7667819
1.6439847
1.8388202
1.6562968
1.6052258
1.6882335
1.68446
1.6613925
1.7231628
1.5974072
1.5935001
1.5667984
1.6985918
1.7630651
1.6321888
1.6046995
1.7033247
1.8346264
1.8031868
1.6977525
1.6021721
1.855601
1.7249045
1.5989897
1.54515
1.7421418
1.7161964
1.6646317
1.6183605
1.5738016
1.6199348
1.6220427
1.7280933
1.915013
1.5899067
1.6250575
1.762429
1.7162662
1.6480864
1.6069672
1.7158374
1.810859
1.7775402
1.629696
1.6269904
2.0644467
1.6897322
1.7081857
1.74203
1.7978052
1.8218362
1.7992699
1.8631532
1.7170701
1.7612187
1.888202
1.6170868
1.8148197
1.808051
1.6758277
1.5834951
1.6906478
1.6266255
1.5706508
1.6633687
1.5520867
1.6170325
1.6340055
1.6588237
1.6440731
1.6272359
1.6859179
1.5821545
1.6459695
1.5760155
1.6312202
1.6876985
1.6451389
1.5898389
1.5750247
1.6674908
1.5713351
1.5553437
1.6302692
1.6336333
1.6411974
1.6557565
1.6576128
1.596673
1.647152
1.603311
1.563236
1.6372813
1.6445985
1.6826752
1.6603363
1.6050625
1.6368409
1.6781518
1.6523952
1.5669963
1.7881399
1.7370087
1.5744356
1.7365986
1.7162242
1.7188478
1.6362599
1.5884596
1.6300168
1.6390733
1.658235
1.5827576
1.6297271
1.6182745
1.57579
1.6198498
1.5465157
1.6177273
1.5949271
1.6334004
1.603043
1.6683527
1.6092132
1.6366923
1.5960227
1.6453977
1.6616083
1.7039195
1.8863639
1.5765035
1.5862789
1.6683588
1.639286
1.5384384
1.6291645
1.6023828
1.5543983
1.6925113
1.695625
1.6831118
1.5994928
1.644433
1.644415
1.5784502
1.6896157
1.641214
1.6292163
1.7270843
1.7497023
1.707484
1.5883015
1.7000477
1.6037742
1.778095
1.6348532
1.541544
1.6636592
1.554351
1.61296
1.728848
1.6524042
1.5831991
1.5974797
1.7358834
1.7390214
1.5717409
1.6627214
1.6235342
1.812487
1.5827448
1.67471
1.6944523
1.6443549
1.5844465
1.590238
1.6261675
1.7882115
1.6459228
1.6144613
1.6007792
1.600432
1.6162263
1.6788168
1.6469448
1.7004676
1.6302574
1.6392975
1.6214317
1.6179061
1.5616708
1.6114137
1.9586447
1.6079103
1.6872027
1.787663
1.6297461
1.8142432
1.6178916
1.6437694
1.7196285
1.6952375
1.814215
1.6988838
1.659342
1.6124468
1.6384563
1.7048295
1.6603422
1.698265
1.6359162
1.522657
1.5974166
1.5759034
1.7402674
1.629099
1.6771482
1.5747675
1.5768421
1.5910345
1.6825018
1.5536895
1.5440953
1.569623
1.649815
1.6005948
1.5470402
1.6233448
1.5607789
1.5751519
1.5890158
1.5738094
1.7189558
1.6369075
1.6269157
1.586412
1.5749178
1.7671125
1.69225
1.5553957
1.7330178
1.549077
1.5779582
1.598097
1.6221894
1.6075132
1.5310159
1.5629983
1.591772
1.6272776
1.572116
1.576479
1.607776
1.6398509
1.5801089
1.5650663
1.6480311
1.5830605
1.551082
1.5775883
1.5659345
1.5731403
1.6024867
1.5523382
1.545715
1.62661
1.5688688
1.5439389
1.6013875
1.6663512
1.633832
1.6470288
1.5824441
1.5869803
1.6079346
1.5730582
1.5624465
1.5480192
1.6724323
1.627447
1.5643512
1.5589315
1.6467873
1.785299
1.5573839
1.6184814
1.8206434
1.770275
1.6076746
1.5711552
1.7968693
1.7722431
1.582366
1.6553752
1.6697996
1.7640703
1.5896995
1.6243482
1.6410906
1.7197622
1.5812299
1.7067378
1.6161675
1.5434507
1.5495572
1.6720383
1.579478
1.5824318
1.6125407
1.5727794
1.6065761
1.619955
1.576495
1.7141718
1.6055
1.5650715
1.67839
1.7558044
1.6539154
1.5585061
1.6396327
1.7950994
1.6950115
1.556451
1.6249297
1.6477329
1.5683507
1.6447114
1.5675257
1.5754262
1.5579852
1.5751512
1.617699
1.6561688
1.5995145
1.552807
1.5535569
1.6306157
1.7167646
1.6558896
1.6177701
1.6901357
1.7180439
1.5706215
1.6713811
1.5872753
1.6004182
1.585343
1.6378932
1.5802356
1.5811263
1.5691177
1.6136127
1.5904672
1.6183537
1.6042907
1.6684315
1.5867658
1.6126727
1.6249051
1.5317194
1.5572597
1.7411662
1.6288393
1.5813396
1.7199727
1.6038803
1.694789
1.5990374
1.5979463
1.6284039
1.5659138
1.715621
1.581604
1.6373714
1.7019857
1.6066749
1.695452
1.6554003
1.725123
1.5896115
1.6029588
1.602332
1.6260222
1.6985404
1.5754181
1.7962584
1.644405
1.6071205
1.6301472
1.6525677
1.6626648
1.6041795
1.5617046
1.7285955
1.6790986
1.5715616
1.627287
1.5981455
1.6503259
1.5330606
1.5435855
1.5714339
1.5247097
1.5732028
1.6095289
1.5606842
1.5628042
1.6801977
1.5961583
1.6795236
1.5813117
1.6142952
1.6164154
1.6568248
1.5335325
1.559843
1.5501374
1.7190049
1.679745
1.5707277
1.5746883
1.6281784
1.6561223
1.6327084
1.7078253
1.6903337
1.616325
1.6034575
1.6418674
1.6155542
1.6206996
1.6273679
1.5983584
1.6701871
1.6162977
1.5938109
1.6195723
1.55555
1.7270948
1.5498934
1.5680112
1.5574285
1.5716096
1.6598458
1.5995612
1.5724262
1.6081635
1.548136
1.6883582
1.6061742
1.6001153
1.5840076
1.519774
1.5818313
1.5703627
1.570693
1.5839027
1.5602969
1.6026843
1.641216
1.6023922
1.8231277
1.6930065
1.5402813
1.599121
1.6736795
2.0587106
1.6099923
1.7934746
2.0414436
1.7086134
1.7624327
1.6445202
1.715417
1.8645066
1.8039384
1.7569385
1.6113111
1.6871957
1.905068
1.6943136
1.5823654
1.6789345
1.6115661
1.7270298
1.6956944
1.658122
1.6122615
1.6080714
1.606417
1.5750077
1.6174825
1.6681186
1.6094065
1.5517418
1.5501894
1.62613
1.6375318
1.5483608
1.6055895
1.5403805
1.5633385
1.5296866
1.5757953
1.6264387
1.5325878
1.586858
1.5887055
1.5559165
1.562656
1.6246908
1.535152
1.5359826
1.5385787
1.5538152
1.5721767
1.58051
1.5722345
1.5723954
1.5344509
1.5749055
1.5347728
1.5593334
1.54486
1.5498879
1.671971
1.569821
1.5639806
1.5802006
1.6848495
1.7891632
1.6298168
1.5682421
1.7033696
1.7404302
1.600816
1.57313
1.668382
1.6750921
1.7119036
1.6686431
1.5266957
1.6394807
1.7490835
1.5890561
1.5673325
1.6223272
1.5938025
1.5881343
1.559387
1.7058055
1.6588832
1.6709039
1.6915784
1.6469278
1.6804199
1.6987953
1.5940541
1.5974993
1.7458338
1.8592987
1.6056048
1.6887091
1.6192344
1.6739194
1.6918508
1.7014117
1.6261864
1.7521435
1.623352
1.626335
1.8245991
1.5719545
1.5676626
1.668496
1.6652848
1.6364583
1.5715125
1.755421
1.6182024
1.6020038
1.5608122
1.5953747
1.6340287
1.5357729
1.602274
1.6250857
1.5463512
1.5677668
1.5946157
1.569538
1.6046163
1.6005485
1.6401403
1.6022019
1.7009115
1.5931393
1.5940121
1.6320442
1.6860847
1.7173188
1.6026264
1.5951495
1.6092978
1.7053757
1.620319
1.5709594
1.556824
1.5847383
1.5934489
1.5363064
1.5586785
1.7031666
1.5701343
1.615776
1.5370998
1.7329232
1.630963
1.6069902
1.7117586
1.647574
1.565287
1.5776132
1.5640953
1.633053
1.6297426
1.5585004
1.5761478
1.5670552
1.5680875
1.6149623
1.547783
1.6514835
1.5729285
1.5695744
1.5449855
1.5853925
1.5711045
1.559933
1.6606947
1.619075
1.5526028
1.6293924
1.6297425
1.6633816
1.5643592
1.5865028
1.6610514
1.6595477
1.6436112
1.5714545
1.5387925
1.6919458
1.5638208
1.7197324
1.650374
1.556443
1.5778689
1.5587213
1.5648477
1.6887555
1.5692677
1.5245212
1.6629663
1.5559697
1.5463263
1.5400017
1.5514437
1.536669
1.5658519
1.5783641
1.5858568
1.5997415
1.5257168
1.579327
1.5801555
1.538952
1.5959083
1.5460563
1.5897115
1.6078506
1.6661887
1.5643234
1.5503944
1.5803376
1.5915375
1.5833255
1.6002866
1.6226315
1.519523
1.5232306
1.5640072
1.6178491
1.6283325
1.518592
1.5213972
1.5888895
1.5835886
1.5180715
1.5565997
1.716719
1.735226
1.519514
1.563821
1.644455
1.657225
1.6838166
1.6399838
1.5985098
1.7691302
1.6161482
1.6379788
1.6612145
1.6060727
1.665729
1.538507
1.648753
1.7191682
1.6462765
1.5750498
1.6309042
1.7091496
1.6726339
1.6586878
1.9059447
1.6314087
1.515675
1.5626152
1.6724602
1.7103845
1.6264431
1.5778935
1.8454746
1.6775165
1.661674
1.6111265
1.7700554
1.730055
1.70138
1.7536427
1.5410128
1.7127472
1.884173
1.7457578
1.5799197
1.534313
1.6777503
1.8261223
1.7720896
1.5945085
1.5447638
1.5920638
1.6092019
1.6141357
1.6074415
1.5858706
1.5994053
1.5799862
1.6336547
1.563793
1.5785627
1.5999833
1.5764947
1.6997449
1.538718
1.5763744
1.6170304
1.5573502
1.6934117
1.5499189
1.5810227
1.6448029
1.53468
1.6439183
1.6295507
1.6097858
1.5768695
1.6286834
1.5974928
1.7104932
1.7039113
1.6231823
1.5940622
1.5907731
1.636764
1.6354469
1.712296
1.589587
1.6076957
1.5514817
1.621489
1.6692749
1.5827309
1.5643215
1.5761354
1.5838186
1.553882
1.5966172
1.563554
1.5808047
1.561471
1.575238
1.6285945
1.6565771
1.612379
1.5918286
1.6080205
1.6272104
1.6192322
1.616212
1.603255
1.5244008
1.5566269
1.5938563
1.6492115
1.527821
1.5558153
1.5667583
1.5532086
1.596051
1.6018013
1.6254728
1.57094
1.535385
1.6111345
1.603104
1.5749776
1.5298282
1.5277675
1.5841155
1.6081687
1.5404841
1.628819
1.5307723
1.5750357
1.6186589
1.7037225
1.5655736
1.5443039
1.5838385
1.6568848
1.6628777
1.5295488
1.5866183
1.560868
1.5747191
1.5810863
1.5785778
1.57273
1.6004645
1.550993
1.5872543
1.679101
1.8187064
1.6605468
1.5677638
1.5774727
1.6057003
1.688329
1.6058153
1.6065302
1.6784352
1.6857365
1.56389
1.610936
1.5671355
1.57172
1.6316985
1.626041
1.608996
1.5924363
1.5478618
1.7365732
1.6201025
1.6081702
1.5516615
1.5486392
1.5809617
1.583454
1.6026505
1.5570824
1.5215838
1.5589652
1.5803143
1.5679348
1.5534645
1.6034554
1.586944
1.5587763
1.5851552
1.653175
1.692106
1.6746098
1.5647551
1.779868
1.7442763
1.623236
1.6397433
1.5456707
1.7376248
1.6153687
1.6301366
1.62798
1.5721161
1.5457232
1.6174049
1.6250736
1.6865648
1.6806158
1.596038
1.6092622
1.6354742
1.7600895
1.6399727
1.5417815
1.547912
1.5807556
1.7003642
1.6098596
1.6057645
1.6586118
1.672186
1.6769493
1.5271918
1.6060274
1.6603076
1.568342
1.5711386
1.5504463
1.624629
1.6514348
1.5456393
1.5906992
1.5845144
1.5711195
1.571253
1.6526561
1.590108
1.5186785
1.6361095
1.6221317
1.5749028
1.5445278
1.6018997
1.5928872
1.5372922
1.616268
1.593282
1.5737369
1.648182
1.6691167
1.5631667
1.6054772
1.5412488
1.561481
1.6120468
1.6123627
1.5284663
1.534234
1.5685065
1.5530764
1.5697668
1.5954387
1.5550284
1.5889637
1.5939728
1.6740023
1.660371
1.5921805
1.5290612
1.552048
1.6291069
1.6679168
1.6385175
1.57051
1.5898346
1.6433233
1.8038574
1.5883625
1.5905147
1.5838995
1.6900239
1.5738276
1.5859623
1.5977678
1.5489948
1.5868574
1.551441
1.6325489
1.5431764
1.5675778
1.5717145
1.6069127
1.5693749
1.6444021
1.5505053
1.550228
1.5243262
1.5595863
1.6196597
1.5828787
1.5365227
1.5329541
1.5579697
1.5885855
1.5352048
1.6024144
1.5697744
1.5473591
1.6475372
1.6431929
1.6621612
1.5502867
1.5385742
1.5804615
1.5861549
1.5585545
1.5383493
1.5295843
1.5517799
1.5378312
1.6079135
1.5766852
1.61237
1.5708464
1.5284985
1.540342
1.5589951
1.532589
1.514801
1.5224154
1.5576055
1.5568887
1.5611286
1.5836623
1.5431865
1.5797508
1.5663443
1.6283275
1.6520754
1.7321007
1.6007135
1.6133797
1.7042476
1.6492146
1.520299
1.6808529
1.5948873
1.606908
1.5902011
1.5633322
1.5785007
1.5804447
1.5179054
1.5600863
1.585479
1.580587
1.5601393
1.5846918
1.6820325
1.7089843
1.6168696
1.596419
1.5819643
1.834209
1.5571698
1.6048115
1.678535
1.66537
1.5723845
1.5991051
1.5520012
1.582667
1.5778238
1.5508894
1.6798925
1.6279978
1.5343913
1.5618087
1.6105868
1.6154542
1.6709105
1.5627952
1.634693
1.646989
1.6634872
1.6912339
1.6253687
1.5611404
1.5909874
1.873131
1.5451387
1.5811394
1.5613816
1.7247992
1.5956757
1.657658
1.6097742
1.55185
1.575805
1.632089
1.60912
1.7169323
1.7258605
1.5699347
1.5540848
1.5947173
1.5774227
1.5727543
1.6550637
1.5669694
1.5330683
1.5442392
1.540461
1.5472909
1.6021005
1.5411245
1.5936413
1.5487778
1.5683538
1.5292729
1.6221943
1.5801073
1.5505012
1.5524405
1.5576743
1.5501227
1.535852
1.5409374
1.5952326
1.5198667
1.5927825
1.5593128
1.5201273
1.5222087
1.5613623
1.5354567
1.5775558
1.5176963
1.5304958
1.5656482
1.6052166
1.5498568
1.5768772
1.5667638
1.553085
1.5870901
1.6289761
1.5609376
1.5444872
1.5774448
1.5731312
1.5248888
1.5555774
1.5196695
1.5548608
1.5466449
1.5235965
1.5161817
1.5934608
1.559544
1.5504104
1.608065
1.6260018
1.5676105
1.5877217
1.7962663
1.5664988
1.549331
1.542824
1.7363055
1.5475032
1.5817819
1.592639
1.6022654
1.545557
1.528394
1.54507
1.552838
1.5990227
1.5596012
1.514807
1.5725602
1.6178542
1.5433971
1.5443195
1.5673428
1.5637356
1.621517
1.6478164
1.6136838
1.5418195
1.6338967
1.5723649
1.5491302
1.6455666
1.6450838
1.5432373
1.6026951
1.6097417
1.5306915
1.5168473
1.5527186
1.5314008
1.559043
1.5289235
1.537106
1.54265
1.6017638
1.5502421
1.5537452
1.5738401
1.6568033
1.5450495
1.538431
1.6005704
1.6787956
1.6765217
1.6543779
1.5537705
1.6297108
1.5437386
1.609778
1.581736
1.6516052
1.6156849
1.684067
1.5353795
1.6428775
1.6524459
1.5491639
1.7270705
1.517965
1.6235616
1.5815614
1.6125914
1.598654
1.5344105
1.593894
1.546509
1.5275648
1.56767
1.5916698
1.7242312
1.6969621
1.6508107
1.6393547
1.5492762
1.5550462
1.60066
1.6155335
1.634306
1.5402572
1.597351
1.7219642
1.5531265
1.5977715
1.5521507
1.8204011
1.621512
1.6468447
1.5457653
1.5482092
1.6625178
1.657308
1.6082882
1.6087412
1.5696797
1.5816983
1.597797
1.5741808
1.5519688
1.5494612
1.5543345
1.6327121
1.553002
1.6001796
1.5533606
1.5545282
1.5595392
1.6200417
1.6610738
1.6491883
1.7016572
1.6258911
1.5990835
1.661659
1.701737
1.6126328
1.6137224
1.5660533
1.5726335
1.565498
1.7025329
1.5562973
1.5826346
1.6441835
1.6386693
1.5208588
1.572125
1.645601
1.6578797
1.5415503
1.5316023
1.5483003
1.550189
1.5409671
1.614036
1.5660638
1.5605335
1.5180262
1.6156847
1.6026635
1.5886388
1.5507143
1.5770687
1.5494047
1.5600243
1.5961876
1.6024587
1.5444287
1.6011196
1.5914363
1.5636322
1.6325635
1.6903207
1.5869915
1.6280912
1.6071055
1.580259
1.5384725
1.5718873
1.6512576
1.5807012
1.547563
1.563322
1.530789
1.5719086
1.5972625
1.610518
1.6728525
1.5767938
1.5626947
1.6026726
1.6326373
1.5924373
1.6129073
1.5614767
1.5311706
1.74235
1.6702223
1.5949458
1.5300498
1.7113808
1.5910423
1.5345004
1.5478065
1.5389342
1.5707425
1.5989175
1.6439501
1.5428088
1.547679
1.6105068
1.5767856
1.6354163
1.5849428
1.6114768
1.5558914
1.5780923
1.5780251
1.5674486
1.5634634
1.6755755
1.5630465
1.5876224
1.516381
1.5640194
1.6392227
1.5975428
1.6149727
1.6445582
1.5844647
1.5910617
1.6352326
1.5466647
1.5184715
1.595669
1.5951501
1.5437948
1.6115893
1.5967008
1.5580063
1.5795486
1.5585724
1.588816
1.5902762
1.6359473
1.5530696
1.5321013
1.61602
1.5441529
1.5603198
1.5409212
1.584972
1.6701714
1.6048882
1.608639
1.6581763
1.660361
1.575821
1.5202245
1.6419338
1.5407038
1.6143638
1.7628922
1.741536
1.6197715
1.6502395
1.7412537
1.5649507
1.5856292
1.5794915
1.6576524
1.5874475
1.5448245
1.5446169
1.544831
1.666538
1.636142
1.5859587
1.5597894
1.5946373
1.6165493
1.6348885
1.5466039
1.5999173
1.5748359
1.5712957
1.6584733
1.6131
1.5418625
1.6144875
1.5852122
1.7371206
1.6047434
1.5325811
1.6055278
1.6361512
1.8224627
1.6629511
1.5389242
1.6325637
1.6218872
1.8660777
1.5736983
1.5719533
1.5522212
1.7567345
1.5668929
1.5497859
1.6437376
1.5691446
1.6795765
1.5541248
1.5948317
1.568888
1.5633596
1.6118355
1.5954801
1.5651733
1.530071
1.5244
1.568434
1.5254979
1.5713904
1.6017103
1.5635407
1.5285562
1.5278223
1.5727978
1.5816619
1.5232277
1.5266231
1.5527478
1.5761585
1.5603505
1.5975453
1.5267568
1.5538203
1.5768622
1.5605258
1.606264
1.563153
1.5387337
1.5770962
1.5516882
1.5698029
1.5298142
1.5750666
1.5251125
1.6078804
1.5532415
1.5191437
1.5634285
1.5264257
1.5530345
1.585356
1.5817655
1.6552382
1.547837
1.5580487
1.5469308
1.541272
1.6086648
1.5629525
1.542879
1.5569944
1.527279
1.5427698
1.5248965
1.5353235
1.5331689
1.5161244
1.6139895
1.5403632
1.5498823
1.515624
1.5913792
1.5326674
1.5506427
1.5240525
1.5620371
1.5212225
1.5214264
1.6214529
1.6290196
1.5431312
1.5690435
1.5315444
1.6160549
1.7646905
1.6063764
1.55006
1.6148906
1.6210395
1.6243627
1.5694355
1.5500529
1.5759695
1.7382908
1.6130736
1.5502837
1.6141679
1.5528167
1.5767245
1.6757874
1.5856098
1.6338506
1.648875
1.6861392
1.6008093
1.608012
1.5878088
1.7023821
1.5752794
1.5721935
1.5519444
1.5330923
1.5324211
1.6121187
1.5658529
1.5756185
1.545305
1.5209738
1.5473933
1.5319132
1.549298
1.5997587
1.6388665
1.600135
1.6377699
1.709293
1.5593089
1.6429408
1.6837063
1.588182
1.5935967
1.6378568
1.58307
1.6183705
1.694508
1.5886862
1.7228259
1.7266061
1.7611973
1.7399875
1.5609398
1.5851682
1.6947228
1.7118514
1.7008337
1.5923587
1.5589604
1.6442866
1.7575911
1.6848787
1.5555315
1.6093723
1.6384927
1.8046578
1.6215986
1.6366775
1.827108
1.5938083
1.6733828
1.6239715
1.5620208
1.6242373
1.6461475
1.6777871
1.675996
1.5461228
1.6637306
1.5984378
1.5615723
1.5689958
1.5612377
1.6246173
1.637287
1.6874398
1.5707053
1.5752028
1.566403
1.6253227
1.711783
1.6601635
1.595528
1.5326124
1.5648776
1.5426117
1.588529
1.7621768
1.6478155
1.6232805
1.5590621
1.6224697
1.5631942
1.601672
1.6412138
1.6038992
1.6363797
1.5497633
1.591677
1.58623
1.599642
1.6596925
1.6119695
1.6429642
1.5636245
1.6467882
1.7818558
1.6075797
1.5308396
1.6554427
1.5471193
1.5590987
1.6036325
1.6422937
1.5723852
1.6252261
1.5831184
1.5490745
1.6014075
1.6869946
1.6160539
1.558631
1.6100792
1.6286769
1.6051619
1.5484841
1.6708248
1.5611694
1.6830442
1.5574002
1.5615041
1.5585072
1.5513682
1.5135301
1.5493093
1.5786327
1.6384226
1.5832801
1.5226525
1.6077032
1.5318447
1.6314421
1.5371507
1.7537566
1.5513523
1.5515972
1.5313176
1.5678048
1.601149
1.6697563
1.6958096
1.6463195
1.5487262
1.598242
1.625267
1.598277
1.7486094
1.7609366
1.6698452
1.6679723
2.011515
1.637141
1.6194484
1.7458992
1.6678333
1.6259892
1.5997926
1.541465
1.584682
1.5565091
1.5560343
1.6283361
1.694186
1.592145
1.5430815
1.5494055
1.6488063
1.5705835
1.5233256
1.565376
1.6118108
1.5209955
1.5605866
1.5510839
1.664242
1.5623226
1.5921847
1.7103039
1.6775551
1.6016686
1.5681854
1.7077794
1.5657388
1.7273712
1.658487
1.5891415
1.6122538
1.6922815
1.6470479
1.5712953
1.6217929
1.6758913
1.5364907
1.5203903
1.5674727
1.5469413
1.6640095
1.592674
1.5404385
1.5590674
1.5588651
1.520617
1.5797231
1.5965155
1.6668029
1.5222625
1.5429772
1.551235
1.5169857
1.665073
1.6000327
1.5381963
1.5717938
1.522517
1.6093624
1.582946
1.5920182
1.6012571
1.5591787
1.5643061
1.5286231
1.5996573
1.544193
1.5445313
1.6071491
1.5875646
1.5690905
1.54321
1.5723722
1.5746375
1.5844706
1.5549192
1.5413247
1.5656657
1.5747149
1.5521119
1.5865003
1.688905
1.6206793
1.6346922
1.5580645
1.5789635
1.5472382
1.5821643
1.6276942
1.6125634
1.583213
1.5303735
1.5359895
1.5557346
1.5552988
1.5489465
1.515881
1.5642698
1.5413351
1.5622603
1.5495199
1.5571675
1.5817575
1.546736
1.6138847
1.5201967
1.5352384
1.5424905
1.6437576
1.5438851
1.526052
1.532364
1.6666392
1.5196228
1.5518012
1.515645
1.5408896
1.5458905
1.536875
1.650222
1.5791924
1.5425848
1.5358347
1.5369518
1.5909257
1.6108645
1.5644785
1.5613817
1.5215073
1.6786104
1.5633024
1.5369313
1.6384909
1.5408312
1.5179057
1.5568165
1.5378929
1.5546244
1.5392056
1.7044984
1.5484672
1.5670892
1.5407523
1.6119735
1.590362
1.5201672
1.6164638
1.6546625
1.610898
1.5805559
1.5920614
1.5510342
1.6674732
1.5387479
1.600901
1.5832492
1.5946883
1.5537858
1.5336281
1.5923288
1.549793
1.5669614
1.5911853
1.6489315
1.54556
1.5609127
1.579225
1.5158854
1.5864083
1.631969
1.584571
1.60545
1.546632
1.5619496
1.5829985
1.5738065
1.541955
1.5821574
1.6133633
1.5532832
1.5334457
1.5532082
1.5595222
1.5620775
1.5790375
1.5453084
1.55024
1.5457914
1.615278
1.7172185
1.5426732
1.583792
1.5497742
1.572578
1.5226415
1.6499997
1.5353413
1.5553769
1.5454162
1.5369215
1.581854
1.5341008
1.5189373
1.533001
1.5297828
1.5277168
1.5464064
1.5568198
1.5747983
1.557309
1.559081
1.5626556
1.6116258
1.6098676
1.5194113
1.658863
1.5421494
1.6699282
1.5811813
1.598691
1.5930145
1.6184943
1.5505718
1.5371022
1.566493
1.6483883
1.653762
1.5861194
1.5367143
1.7373381
1.7238641
1.5728394
1.5139308
1.6334152
1.6947075
1.6220759
1.585647
1.5243777
1.5841867
1.5413871
1.5836682
1.6163974
1.7116405
1.6228285
1.5734698
1.559833
1.6067278
1.5538306
1.5849805
1.5739317
1.5494435
1.535134
1.6080244
1.6001775
1.5479558
1.5266715
1.5466243
1.5494375
1.5922682
1.5197313
1.556381
1.5423653
1.5613449
1.527353
1.545133
1.53745
1.5251336
1.5244772
1.5493869
1.565957
1.5794445
1.5204496
1.577281
1.5486176
1.6167775
1.6517267
1.5803535
1.5378623
1.6134945
1.5756485
1.5462655
1.5832213
1.5365927
1.5995158
1.5680332
1.6151807
1.6651514
1.5305047
1.648896
1.5876617
1.5219175
1.600514
1.6256047
1.6278445
1.5559542
1.5336925
1.5316232
1.5212351
1.6288902
1.536598
1.5762571
1.5302877
1.514172
1.5332568
1.5186312
1.6041461
1.5395644
1.5587533
1.5517797
1.5495617
1.557194
1.5206945
1.526348
1.5378742
1.5569915
1.5387114
1.5562136
1.566365
1.5843015
1.5507338
1.6239405
1.5357933
1.5643654
1.5502317
1.5991215
1.5176501
1.5184295
1.5370891
1.5526991
1.518902
1.556627
1.5297762
1.5723975
1.5227041
1.5286653
1.6103538
1.5142955
1.6007717
1.6181287
1.5594286
1.6645952
1.5528803
1.6217587
1.5892992
1.5511743
1.5844179
1.5539978
1.5644963
1.5470787
1.5684543
1.5377668
1.5265077
1.5594544
1.5342568
1.5440305
1.6241032
1.5483596
1.5467151
1.5486529
1.6443487
1.5449597
1.5503943
1.548665
1.5761383
1.5516275
1.5464412
1.5443897
1.5325197
1.5957422
1.6254033
1.5971761
1.539305
1.607637
1.5741543
1.6160368
1.5662596
1.5602458
1.5510732
1.5203607
1.542307
1.6701113
1.5780058
1.557823
1.5278759
1.5923162
1.5401574
1.6281785
1.5436318
1.530732
1.642947
1.544879
1.515508
1.6488054
1.7194583
1.5254786
1.5602747
1.5194918
1.6247158
1.6189322
1.6449487
1.5327249
1.5232598
1.513264
1.5619721
1.550521
1.6392694
1.5743088
1.5968174
1.5180551
1.552053
1.6310195
1.6028807
1.5219954
1.5448657
1.5626702
1.5518306
1.6412659
1.6230859
1.5465797
1.5583527
1.5710775
1.550366
1.5529637
1.5434711
1.7005529
1.54924
1.6784612
1.5784156
1.5700035
1.5584757
1.533926
1.649725
1.5762801
1.5984797
1.5149332
1.5553346
1.7396355
1.5732524
1.5169435
1.598996
1.5824947
1.6326767
1.5468634
1.5260452
1.5738621
1.6020159
1.5145007
1.5551916
1.5863253
1.5158379
1.5659419
1.564941
1.54378
1.538025
1.588417
1.5877087
1.5550741
1.548512
1.6218395
1.6678629
1.5824437
1.5646976
1.5424441
1.6359751
1.5874567
1.535398
1.582246
1.6626347
1.6714439
1.6082972
1.5795252
1.6003897
1.6271187
1.5856299
1.5366753
1.717892
1.5439798
1.5381746
1.5594268
1.5584698
1.63157
1.5337038
1.5412154
1.5774167
1.5639597
1.5319202
1.5960202
1.5467694
1.6121585
1.5612645
1.5426413
1.5587655
1.5195649
1.6198292
1.6369182
1.6373531
1.5903672
1.527179
1.5391209
1.6411748
1.6232995
1.5427527
1.5785731
1.6794723
1.5945367
1.5592155
1.5758047
1.543419
1.544042
1.5173439
1.5205607
1.5793399
1.5423807
1.6200097
1.5398738
1.5693597
1.5777392
1.6858355
1.6459194
1.6228465
1.5936065
1.658745
1.5899745
1.7066469
1.6325698
1.5616072
1.6347977
1.5476385
1.6278478
1.560898
1.6356195
1.6592394
1.5567641
1.5455003
1.6048962
1.6349205
1.6076919
1.5824764
1.5765452
1.6204404
1.6308035
1.6262844
1.5972477
1.5865167
1.6222677
1.5159347
1.5630143
1.6254218
1.5474032
1.547043
1.5956382
1.6191432
1.5430764
1.5314703
1.5414695
1.6220007
1.539406
1.6280442
1.5693275
1.6180575
1.5316792
1.5270163
1.56359
1.5451102
1.6472073
1.6386108
1.5771301
1.5914385
1.5273105
1.5714092
1.537325
1.6011852
1.6058962
1.6189058
1.57563
1.5615
1.7580386
1.5713085
1.5708411
1.5663494
1.5764703
1.5360265
1.5444006
1.5507799
1.5864942
1.5679663
1.5984782
1.581687
1.548303
1.582419
1.525422
1.582854
1.7293656
1.5490321
1.5166837
1.578197
1.58062
1.5505892
1.5549444
1.6104685
1.6954829
1.5290438
1.5417929
1.6498288
1.646451
1.5800452
1.5586476
1.5489964
1.5616338
1.6083297
1.536089
1.6209328
1.6788752
1.5307705
1.6909548
1.6882802
1.5778917
1.5936637
1.5576073
1.5554832
1.5819552
1.6271825
1.7244452
1.6261014
1.6375071
1.5809238
1.6436957
1.5826181
1.7667782
1.6302295
1.6656188
1.5201101
1.579484
1.6887568
1.719588
1.7834272
1.57283
1.5171663
1.5502707
1.6047215
1.6174283
1.6393971
1.5855811
1.5284015
1.5770588
1.5639327
1.6255498
1.5465995
1.5946995
1.5877187
1.5749575
1.5807253
1.6145674
1.6871344
1.5650346
1.5893887
1.6390508
1.5609311
1.5825585
1.5782093
1.5505505
1.5450392
1.5360199
1.5743525
1.6510797
1.5754057
1.5606425
1.5454447
1.5728915
1.6168872
1.5594633
1.5476799
1.5591556
1.565542
1.5948597
1.5548781
1.5986648
1.5362251
1.5511842
1.5457095
1.5352545
1.5845753
1.5251827
1.6120425
1.5511581
1.5208122
1.6218423
1.5991303
1.527761
1.60419
1.600489
1.5847472
1.6349854
1.6439347
1.5669677
1.5841337
1.6193713
1.5884031
1.7395523
1.5437083
1.6369163
1.6019444
1.5733376
1.5727434
1.5677994
1.5913116
1.5136068
1.5311675
1.5433537
1.5914395
1.6791645
1.5760512
1.5527258
1.5660001
1.6796497
1.5848441
1.5676153
1.5499923
1.5650716
1.5463505
1.6188052
1.7644123
1.5321739
1.5743377
1.5201391
1.555229
1.6722207
1.6285315
1.5585786
1.5697795
1.54719
1.6342878
1.6927073
1.6130095
1.586937
1.5402955
1.5859712
1.7004452
1.6365803
1.5999066
1.5714792
1.55512
1.650952
1.7666112
1.5929958
1.553175
1.5365084
1.6560397
1.6593385
1.5605236
1.6066798
1.5225823
1.5235046
1.5710315
1.6270818
1.5866772
1.5669355
1.6200815
1.6556882
1.5546145
1.553292
1.6245426
1.5362179
1.6227387
1.5519395
1.5692625
1.6213287
1.551107
1.55136
1.7086077
1.5801992
1.5790896
1.6073844
1.5619962
1.5612329
1.7238
1.693141
1.7289218
1.5668592
1.6486276
1.7708783
1.6486814
1.560895
1.6911837
1.5786375
1.6073643
1.614203
1.5666325
1.6309812
1.5744303
1.5859083
1.6292268
1.555593
1.6087587
1.5535836
1.556341
1.5300109
1.5249708
1.5972153
1.5641595
1.552197
1.5229102
1.5640731
1.6547366
1.5659448
1.5681624
1.5460132
1.6221825
1.7746549
1.550677
1.599044
1.6299925
1.588842
1.5493655
1.6226629
1.5472965
1.5211325
1.5495455
1.5296905
1.5424085
1.6336783
1.5545522
1.587123
1.5814662
1.5204122
1.57744
1.6264725
1.6788005
1.5870605
1.5469072
1.5453182
1.5344722
1.6906338
1.6518875
1.5912571
1.5540011
1.5986737
1.6628567
1.6245623
1.587338
1.5975617
1.5579048
1.6635048
1.7008238
1.5603546
1.5328404
1.5913804
1.579421
1.5489715
1.7012955
1.525145
1.560688
1.590628
1.6416117
1.5843148
1.5518157
1.5828443
1.5752934
1.5968482
1.5786343
1.6046135
1.5872493
1.5755497
1.5401385
1.5939478
1.6062135
1.5469728
1.5303776
1.55645
1.5608232
1.53396
1.6002235
1.5546175
1.5226264
1.604228
1.5837915
1.5440193
1.547973
1.5724869
1.6164119
1.5414733
1.55475
1.5723307
1.5979205
1.5375673
1.5300362
1.5384703
1.5315754
1.5279212
1.5203028
1.5175865
1.643055
1.567939
1.6820056
1.648734
1.5874181
1.5654178
1.5650814
1.5762904
1.5581033
1.5712194
1.6518577
1.682539
1.6270925
1.637501
1.579014
1.6352108
1.5962135
1.5748677
1.5635242
1.5211052
1.6318282
1.5824697
1.6240506
1.5514512
1.5494847
1.6922162
1.6096518
1.5705723
1.5709828
1.6979551
1.5839437
1.5511541
1.6188961
1.6950954
1.5473677
1.5692505
1.5336988
1.5911676
1.5472115
1.5216774
1.5312293
1.598815
1.5541837
1.5540285
1.592165
1.5556078
1.5165415
1.5273478
1.5845358
1.561518
1.583531
1.5506098
1.5391365
1.5414575
1.5601261
1.5621098
1.6220158
1.5868343
1.523452
1.5724893
1.6652747
1.6702955
1.6159436
1.5373042
1.5599755
1.5713687
1.5928392
1.6096505
1.585284
1.5153342
1.5300694
1.5381433
1.5417165
1.6261939
1.5683236
1.5594319
1.525156
1.6139845
1.5186436
1.5424378
1.5642697
1.5750865
1.5703137
1.5412803
1.5468698
1.5238713
1.516063
1.712204
1.5675125
1.528745
1.5202025
1.6764445
1.723883
1.6194067
1.569924
1.7497214
1.6483233
1.5730078
1.6188033
1.5573298
1.5852605
1.5602252
1.61401
1.6128839
1.5478013
1.548379
1.5710123
1.5706028
1.5400745
1.5910001
1.5699403
1.5248667
1.597254
1.637765
1.5805433
1.5547618
1.5287322
1.5332807
1.5253562
1.6719632
1.586647
1.5516918
1.5521456
1.6170915
1.621569
1.6548512
1.5580904
1.5620508
1.6189705
1.5665343
1.58956
1.5894877
1.6163572
1.5736678
1.5553231
1.5841764
1.523899
1.580907
1.5983429
1.5777795
1.713367
1.526381
1.5517323
1.5313886
1.744934
1.548958
1.5366806
1.543189
1.5753356
1.66883
1.5531977
1.5741844
1.5269574
1.5727341
1.5662622
1.5701181
1.5586692
1.5398523
1.560098
1.6248884
1.5711957
1.5868503
1.615294
1.5969249
1.5862638
1.6577827
1.6082534
1.6026618
1.6137196
1.5661465
1.5175599
1.5455828
1.5621667
1.5952396
1.6722196
1.5660043
1.5327306
1.5450501
1.6112108
1.5379767
1.5345912
1.562931
1.6588681
1.512908
1.5825158
1.5721078
1.520627
1.5680445
1.5731845
1.5193692
1.5261093
1.6105708
1.6190451
1.5769085
1.5377607
1.5856192
1.620882
1.6074998
1.5646572
1.559141
1.516747
1.5207644
1.5994238
1.625265
1.5867127
1.5439246
1.5484412
1.5854675
1.6493777
1.567724
1.586095
1.5833943
1.5277671
1.6551213
1.5544711
1.535881
1.5552957
1.5728452
1.6547157
1.6755563
1.5376915
1.5770513
1.6266505
1.5461339
1.588788
1.5273736
1.5811378
1.531796
1.5833174
1.6924506
1.5339625
1.5261995
1.5403223
1.537255
1.5780082
1.555419
1.5693892
1.5571874
1.5580107
1.5205058
1.5393941
1.5819825
1.579285
1.5442489
1.5555726
1.5471061
1.5201883
1.5771072
1.5257931
1.579864
1.54637
1.540783
1.5767052
1.5457269
1.6658818
1.5908529
1.5315646
1.5893791
1.6147014
1.7207631
1.7806231
1.663846
1.6377574
1.5886124
1.5707948
1.7129211
1.6250031
1.6671072
1.5356209
1.667382
1.59604
1.5942982
1.6294887
1.5950601
1.5745033
1.5326045
1.600432
1.6314633
1.5570421
1.5384461
1.5721027
1.593679
1.578846
1.6157651
1.6589757
1.5982535
1.6292994
1.6301794
1.5245302
1.5522125
1.6768802
1.6465389
1.6063654
1.5578163
1.5575693
1.6049103
1.6818128
1.8945746
1.5737845
1.5637077
1.5531064
1.7706912
1.708739
1.7061844
1.5514714
1.6004047
1.5544972
1.5770917
1.5872964
1.60944
1.6563278
1.5665828
1.5688993
1.5382622
1.5665092
1.5387838
1.5854552
1.544508
1.5329212
1.5650237
1.5804704
1.547581
1.5259234
1.5912627
1.5397546
1.5747877
1.5399156
1.6129593
1.5615464
1.55915
1.5390363
1.5483345
1.5877882
1.5493859
1.5726013
1.5392472
1.5310459
1.5315342
1.5602546
1.5247787
1.536161
1.5426456
1.5399603
1.527854
1.5284497
1.5395087
1.5554671
1.516825
1.5426425
1.5335805
1.5335016
1.5198252
1.5523616
1.5180763
1.6195776
1.5207335
1.5553306
1.5875752
1.5879513
1.607247
1.6550683
1.5669684
1.6573536
1.6710417
1.5704159
1.5273958
1.6296769
1.593248
1.6330564
1.7035964
1.5689663
1.5404944
1.543611
1.6299032
1.5818948
1.587906
1.6621484
1.5153627
1.5422992
1.5984423
1.5619019
1.542132
1.5516777
1.6288755
1.5745105
1.5572779
1.6698415
1.6247488
1.547461
1.5727923
1.5777329
1.6075915
1.5828195
1.5487708
1.5287868
1.565724
1.65852
1.563264
1.5508205
1.6386182
1.5314792
1.5687692
1.5381685
1.5996315
1.6470816
1.585288
1.5253507
1.5848769
1.572681
1.5538325
1.5762869
1.5609536
1.5322376
1.5348417
1.549314
1.5960201
1.5992135
1.5700955
1.5678852
1.5705385
1.5776025
1.5408318
1.5492952
1.5838128
1.5481173
1.5474615
1.6365887
1.6090528
1.6016407
1.5817628
1.559235
1.5896564
1.5790751
1.6034257
1.55053
1.5999106
1.5394295
1.5702503
1.6020074
1.5781723
1.5639278
1.5579628
1.5876353
1.631669
1.5291069
1.5549062
1.567514
1.5740101
1.6326462
1.6512867
1.5169637
1.5442172
1.614182
1.6791397
1.5768186
1.568288
1.6104745
1.5715742
1.599774
1.6337448
1.6419792
1.637833
1.5342172
1.513882
1.591406
1.53495
1.6393528
1.5525957
1.6432824
1.6064523
1.5541164
1.5314627
1.550727
1.5336103
1.6313232
1.590623
1.5471528
1.5822145
1.694392
1.5890375
1.5328403
1.696088
1.6554028
1.6476967
1.5752323
1.568011
1.578266
1.5919174
1.5613225
1.6953646
1.7642293
1.6048882
1.6770823
1.598801
1.6017501
1.5861858
1.6790547
1.757751
1.5765074
1.6071901
1.584037
1.5812207
1.6326251
1.5655655
1.680423
1.538695
1.5551152
1.6196176
1.6452091
1.6163586
1.5544583
1.5502583
1.5339328
1.5811267
1.5958089
1.5668354
1.5817505
1.54248
1.5891029
1.5920744
1.5455508
1.5834213
1.5602885
1.6011512
1.5160017
1.554371
1.5393312
1.573796
1.5841738
1.5448496
1.599703
1.5609119
1.5349228
1.5467137
1.55147
1.5353675
1.5211127
1.5755625
1.5692582
1.5556537
1.5305556
1.5740165
1.5693048
1.5701523
1.5866281
1.5301974
1.6071755
1.5377004
1.6033047
1.5914233
1.5294355
1.5250227
1.5402654
1.6051772
1.5992945
1.5563301
1.5573062
1.5817608
1.5949482
1.5509005
1.5264276
1.527536
1.5369371
1.6007123
1.6360036
1.602622
1.552695
1.5383404
1.559812
1.6638745
1.6416631
1.6347673
1.5619322
1.5333936
1.642929
1.7473408
1.7716517
1.6026474
1.5712099
1.55212
1.5593977
1.7246319
1.6613758
1.5977118
1.5761025
1.5648227
1.681897
1.7776104
1.6748109
1.5671247
1.5797403
1.7241782
1.6136873
1.600798
1.5455167
1.5973197
1.6024339
1.5736008
1.5676781
1.6252295
1.5354577
1.5853645
1.5786927
1.5288928
1.6068667
1.5777572
1.6295017
1.5738481
1.5536644
1.5720514
1.605427
1.5999215
1.5920955
1.575318
1.5197059
1.5754232
1.539582
1.6143109
1.5877752
1.5947444
1.5266095
1.525579
1.5502145
1.5935
1.5825351
1.562788
1.5839427
1.5599852
1.5669919
1.6428733
1.576456
1.6357325
1.5728314
1.5672243
1.579429
1.5812978
1.6411618
1.5821596
1.5458022
1.7303566
1.5190423
1.5613823
1.526835
1.6061058
1.5696447
1.5987219
1.7489005
1.5591694
1.5965503
1.6049545
1.6752084
1.5969747
1.5824666
1.6176307
1.5750892
1.5461053
1.5895662
1.5722452
1.5573468
1.5770912
1.5626608
1.5693899
1.553053
1.5558654
1.5531172
1.5434629
1.5638847
1.5764276
1.6216238
1.5850241
1.5183941
1.5383986
1.5676087
1.6719997
1.5821948
1.5976273
1.6574355
1.5727385
1.602731
1.5521256
1.6433848
1.6332618
1.5667965
1.6036276
1.576853
1.547539
1.6336497
1.5785255
1.5964761
1.5197021
1.6418488
1.5468972
1.5551397
1.5295045
1.6329592
1.5575982
1.5523988
1.5252723
1.5613892
1.5883753
1.5807736
1.5650975
1.6046172
1.5700045
1.5592778
1.5610634
1.5196856
1.565559
1.5562458
1.5521495
1.5764291
1.519001
1.5787603
1.5895599
1.5652963
1.5468798
1.5349442
1.5376008
1.5555782
1.6588458
1.5709645
1.5880435
1.5772344
1.5671338
1.5500152
1.5448366
1.6235993
1.5655985
1.5335405
1.6467652
1.6234628
1.6241838
1.5699865
1.549857
1.567636
1.5934781
1.6338164
1.5582805
1.6621462
1.6026928
1.6689535
1.5343102
1.5390525
1.5322559
1.600686
1.5598322
1.5451168
1.5987912
1.5563418
1.7010202
1.5544287
1.6797258
1.6080214
1.6579078
1.6197062
1.5626966
1.6675652
1.9379895
1.7933812
1.6362565
1.6699548
1.7040119
1.677447
1.671368
1.5817082
1.5686116
1.6631225
1.5668125
1.5976253
1.5401237
1.5974493
1.5560149
1.5568663
1.5956502
1.6392128
1.5518785
1.599477
1.5193205
1.549026
1.587199
1.5915576
1.5629747
1.557555
1.5541185
1.5214405
1.555892
1.5322143
1.5565865
1.5251442
1.530814
1.5347935
1.529308
1.5194398
1.5425383
1.5391903
1.5428997
1.5592355
1.577802
1.5814066
1.732225
1.5797412
1.5761005
1.6045778
1.682572
1.6965308
1.6089143
1.6107483
1.6338273
1.5529687
1.6001283
1.5375111
1.6452231
1.5961508
1.5844179
1.5535216
1.5599433
1.5187687
1.6026193
1.6028266
1.6440715
1.6001508
1.5818249
1.5325965
1.538749
1.5701133
1.620535
1.5562041
1.5781677
1.6250311
1.5448728
1.5293007
1.5513195
1.5819296
1.6232209
1.5344007
1.5600575
1.5410429
1.539555
1.5367544
1.6451143
1.5532928
1.5206302
1.7190588
1.566778
1.5516441
1.5308423
1.5952334
1.5135553
1.6137593
1.6297363
1.5559772
1.6198955
1.6085231
1.5590051
1.5467584
1.5602213
1.5603153
1.5737587
1.5619969
1.5577128
1.5605392
1.6309563
1.5322586
1.5482755
1.5523223
1.5755526
1.5666049
1.5686759
1.5884502
1.6051308
1.5974008
1.6940488
1.6082114
1.6610776
1.6215292
1.6380187
1.6487342
1.8848459
1.5670147
1.5205038
1.6260054
1.7057447
1.6667385
1.6582538
1.6834327
1.6283637
1.6666476
1.6351455
1.6084538
1.6081611
1.5772327
1.5719069
1.578995
1.636564
1.5604906
1.5573324
1.5568527
1.5568495
1.5194619
1.5171316
1.5664582
1.5848137
1.5473038
1.5414742
1.5516628
1.7027009
1.5970654
1.6339167
1.5449067
1.5591832
1.5458724
1.6220804
1.5829498
1.5358181
1.647068
1.5856806
1.5941257
1.6417882
1.5379984
1.5543202
1.5871762
1.5760597
1.5355484
1.5527636
1.5695802
1.5405484
1.533282
1.5820233
1.6152693
1.532469
1.557889
1.6582502
1.6336069
1.5919286
1.6099778
1.5940042
1.616396
1.6015242
1.5626746
1.6008694
1.7032162
1.5199065
1.5635889
1.5320625
1.5907311
1.5682528
1.6080762
1.5987369
1.5287688
1.5494847
1.5848216
1.5957867
1.554085
1.5795895
1.545473
1.5468826
1.5664262
1.562547
1.621707
1.6008343
1.5825154
1.5535445
1.55098
1.5502119
1.5141412
1.5148963
1.512053
1.552986
1.5593653
1.5352669
1.7375388
1.5668693
1.5602056
1.5398711
1.5389282
1.6460905
1.6346819
1.5175707
1.55048
1.5202692
1.5616455
1.5701938
1.5547698
1.613963
1.6204042
1.5320572
1.5840355
1.63965
1.5608921
1.5634385
1.5318128
1.5604309
1.51458
1.5332335
1.6106932
1.5284333
1.5280697
1.5508057
1.5237613
1.5464189
1.537075
1.6069295
1.5647665
1.5315635
1.5556507
1.543242
1.5845777
1.5753303
1.585453
1.5252981
1.58277
1.605229
1.569557
1.5838187
1.5426238
1.5875038
1.5731766
1.5704386
1.5757715
1.609888
1.5669324
1.6444013
1.5542414
1.5522673
1.5252632
1.5936769
1.5731035
1.5925355
1.5995045
1.5180024
1.5673307
1.569965
1.516734
1.5464243
1.5324477
1.5346553
1.5647923
1.544129
1.6143275
1.5809282
1.5324687
1.6141081
1.5516508
1.60851
1.511879
1.514556
1.5112327
1.516036
1.5266309
1.5621706
1.5536586
1.524071
1.529394
1.5236458
1.5616168
1.5636263
1.5239422
1.5225865
1.603877
1.5756134
1.5699869
1.5582258
1.6128472
1.5083938
1.5561613
1.6022714
1.5618625
1.5371292
1.6465491
1.562041
1.540062
1.5186496
1.5684234
1.5394633
1.5951016
1.6029785
1.5384736
1.5739348
1.5552223
1.6091301
1.6099546
1.5188999
1.5127434
1.572723
1.5975138
1.5716847
1.5835687
1.5447593
1.5795407
1.6037663
1.5612148
1.5290447
1.5962842
1.5482949
1.5658176
1.578406
1.5591352
1.5474204
1.5568932
1.5585402
1.5519238
1.5649028
1.5189853
1.5186157
1.5549902
1.5109242
1.5347135
1.5120555
1.6053102
1.5533944
1.6230162
1.632137
1.5956287
1.6021287
1.6038947
1.5434446
1.6223435
1.7107878
1.6025425
1.5492268
1.5412111
1.6980655
1.7477075
1.7704582
1.600289
1.6010882
1.5967817
1.528711
1.6478049
1.6561878
1.8466874
1.5498416
1.5655129
1.6799064
1.7021272
1.6439734
1.7929052
1.546123
1.516789
1.5281062
1.6238062
1.5337249
1.5717114
1.6240059
1.5462643
1.6096998
1.525762
1.6019955
1.5302521
1.5683476
1.5443556
1.5729938
1.5398704
1.5243168
1.650656
1.5354617
1.559616
1.5651275
1.5176294
1.6379057
1.6140976
1.5329393
1.5998148
1.5859473
1.5420645
1.6320406
1.6191081
1.5687304
1.5277148
1.5791837
1.533888
1.5705106
1.5584122
1.6013634
1.5759742
1.5785277
1.5341883
1.5763278
1.727508
1.655377
1.5696523
1.5499645
1.6319292
1.6127477
1.5698142
1.6069854
1.6239605
1.5109959
1.5440892
1.590657
1.5937778
1.6024455
1.612015
1.5367554
1.6362228
1.548084
1.5972958
1.5322944
1.5678505
1.523734
1.5413015
1.6415802
1.6444436
1.6200137
1.709427
1.5904926
1.6113228
1.6431172
1.5222532
1.5962548
1.547189
1.5912619
1.7076832
1.5938963
1.550313
1.6022177
1.6660212
1.6385868
1.6373664
1.5585229
1.5913578
1.5397364
1.6334256
1.5782542
1.5931399
1.548858
1.5249407
1.5401719
1.5500283
1.5171925
1.5689111
1.6025032
1.5443312
1.5882261
1.5161437
1.5703995
1.5798743
1.5866872
1.5597982
1.5127796
1.519255
1.6255306
1.547086
1.6419017
1.553138
1.5358595
1.526846
1.5335841
1.6293588
1.5201654
1.5187033
1.6061177
1.5292836
1.5181673
1.6425045
1.627614
1.5333432
1.5270282
1.561615
