27.2693
26.846561
27.009611
27.214424
27.317858
27.03421
27.27847
26.93912
26.98716
26.843945
26.865597
27.078684
26.567812
26.342497
26.608864
26.209932
26.980272
27.023392
26.735188
26.650017
26.428976
26.425304
26.43058
26.331083
26.27302
26.182076
25.857336
26.140976
25.677813
26.03717
26.317108
26.194529
25.84435
26.518063
25.318272
25.750479
25.61309
26.21741
26.013596
25.400368
25.68927
25.413929
25.176027
25.472504
25.929363
25.760008
25.129976
25.804811
26.234016
25.628157
25.005949
25.884396
25.601984
25.844574
25.026129
25.302328
25.450073
25.328142
25.367104
24.950968
24.56588
24.900492
24.66358
24.892538
24.81025
24.561956
25.680464
25.77793
25.198025
24.867523
25.057304
25.532675
24.62141
25.85834
25.900583
25.306326
25.169333
25.763004
24.826225
24.805752
25.667856
24.665552
25.405214
25.252943
25.256044
24.937374
24.983507
25.11931
25.750544
25.469269
24.958536
25.47078
25.3021
25.556156
25.681084
25.780169
25.66144
25.385355
26.159176
25.768648
25.27346
25.309912
25.361408
25.677996
25.523104
25.340569
24.751324
25.578306
25.722067
25.182
25.469746
24.753767
25.286764
25.920673
24.904703
25.338602
25.195412
24.565855
25.25594
26.384125
25.268236
25.63713
25.401724
24.831408
25.101896
25.38677
25.740252
25.356167
25.84752
24.90102
25.811443
25.497126
24.810764
24.44178
24.921051
25.100082
25.772406
25.183905
25.349228
25.356972
25.876616
25.547745
25.382229
25.911963
25.227116
25.016624
25.006117
25.44774
24.864204
25.458317
25.259487
24.769732
25.119366
25.545168
25.169369
25.313908
25.2038
25.302303
25.276272
24.921976
25.621803
25.138136
25.553656
25.197989
25.556915
25.8103
24.540201
25.496952
25.733484
25.2276
25.200987
24.919552
25.0608
24.837645
25.262249
25.452393
25.0144
25.23968
25.15308
25.42498
25.319628
25.327686
24.652624
24.394575
24.607067
24.866392
25.25809
25.036592
25.193188
25.227991
24.738173
24.8649
25.682056
24.973528
24.778135
24.74514
25.34574
24.806389
25.010296
25.57711
25.216988
24.434467
25.062622
23.626295
24.996208
25.120785
25.164864
24.384064
25.101751
25.107798
24.760149
24.764204
25.36144
25.19536
24.408745
24.664816
25.034819
25.374308
24.820404
25.135544
24.611109
24.901196
25.213434
24.355452
24.861181
25.911156
24.671047
25.150253
23.766088
24.65739
25.372663
24.025002
24.79874
23.511744
24.325857
24.420658
23.782948
24.096811
24.169773
23.609537
23.776957
23.90109
23.184671
23.291595
22.623472
22.357103
22.38953
22.306728
21.318392
20.512877
19.285185
17.129852
17.196491
17.628368
17.359257
17.111328
18.369425
18.720713
19.15146
18.9333
19.265978
18.945982
19.148092
18.57805
17.953093
16.27993
17.437428
17.471392
16.858328
17.169397
17.399649
17.859203
17.43058
17.616749
17.092117
17.104834
16.326284
16.328794
16.243559
17.12937
16.66608
17.025955
16.241793
16.99156
16.905468
16.440954
16.215174
15.373087
15.768934
15.635713
15.710358
16.300064
16.332735
16.346582
15.892658
16.522001
14.938856
16.231186
16.429016
16.132082
16.912931
16.185041
16.02988
15.953958
15.980893
16.381563
15.867756
15.433823
15.379962
15.211177
15.855847
16.09732
16.00032
15.411683
16.278893
15.386136
16.050592
15.829151
15.766254
16.503986
16.200489
15.413649
15.790996
15.563435
16.178617
16.331903
15.929399
15.414421
15.10609
16.033768
15.5827675
15.859724
15.478203
15.889942
15.778294
15.2529335
15.455666
15.865569
15.403607
15.416654
14.96765
15.636533
15.400787
15.256392
15.195561
16.482653
15.601958
15.582761
15.899904
15.452528
15.478304
15.59419
15.712888
15.619304
15.787616
15.337013
14.752251
15.393153
15.535891
15.06496
15.662204
15.54219
15.974086
15.680132
15.741931
15.233436
15.804464
15.645792
15.454132
15.469432
15.69391
15.738549
15.259762
15.318952
15.376014
15.084658
16.355701
15.49992
15.784652
15.337284
15.80631
15.390449
16.39047
15.3656435
14.59192
15.377486
15.307571
15.165482
15.18247
14.749306
15.093964
15.172537
15.65117
15.505402
15.644916
16.2189
15.6299095
15.698799
15.522606
16.350506
15.620843
15.178769
15.178236
15.383217
14.92749
14.76291
16.01348
15.372068
14.955028
15.660804
15.133036
14.943444
15.364152
15.237438
15.485154
15.034424
14.9834795
15.015864
15.4350605
15.226063
14.933605
14.460293
14.914306
15.199383
15.013801
14.966568
15.061421
15.200793
14.766366
14.962968
14.802296
14.954451
15.0231
15.251639
15.82206
15.096818
14.817935
15.14143
15.045817
15.01307
15.57951
15.603864
14.748438
14.970054
15.199009
14.60707
14.948336
15.7046995
15.053765
15.337142
15.437978
15.11658
15.048838
14.796868
14.9881315
14.797655
14.996821
14.930541
15.073674
15.576307
15.35786
14.838061
15.07274
15.374319
14.46614
15.046448
15.30718
15.6054735
15.455832
14.706952
15.270864
14.877122
15.101094
15.359619
14.805566
14.874749
14.3447275
14.859979
15.113159
15.126222
14.328726
14.805952
15.40076
15.001805
14.763062
14.5805435
15.539088
14.489288
15.296034
14.9650955
14.156162
14.731785
15.0205555
15.054277
14.6421175
15.42566
14.947268
14.829008
14.665728
14.825788
14.755334
14.775399
14.607028
14.819252
14.456006
14.378468
14.487662
14.62538
13.979158
15.1365795
14.452113
14.235834
14.541911
14.727422
14.547037
14.840492
14.613017
14.4435625
14.56534
14.74005
14.069513
14.348018
15.019648
14.31215
14.534056
14.41366
14.750786
14.58216
14.670564
14.454626
14.714676
14.991325
14.398388
15.222236
14.17326
14.148431
15.05888
14.424209
14.093825
14.070494
14.510029
14.339764
14.21457
14.522796
13.899542
14.947176
13.909904
14.743296
14.381147
13.861034
14.605677
14.390638
14.861176
14.721402
14.516823
13.964727
14.413784
14.34237
14.163925
14.026639
14.525183
14.617939
14.816858
13.827316
14.41104
14.387806
13.94151
14.042627
14.20568
14.990639
14.3746395
14.019836
14.48564
14.77768
14.686604
14.196518
14.194811
14.628978
14.263296
14.483855
14.304416
13.917786
14.135128
14.403207
14.654328
13.964509
14.169016
14.259358
13.961149
14.260821
13.963805
14.182964
14.07765
14.142636
14.267028
14.357918
14.417128
14.417228
13.974588
14.410369
14.13197
14.7578125
13.630186
13.697593
13.996542
14.392766
14.480901
14.396491
14.392374
13.648206
14.139484
13.899722
13.580424
14.233875
13.941988
14.445522
13.80298
14.504562
14.311546
14.289936
13.8598175
14.240708
14.325928
13.894809
14.172409
14.129243
14.4152975
14.425186
13.764148
14.24865
13.626963
14.306
13.844408
13.750058
13.42085
14.407834
14.781733
13.926754
13.791737
13.856497
13.999132
14.188708
13.924936
14.422473
13.873606
14.40459
14.122054
14.531762
14.05783
14.316074
13.611246
13.460552
13.7098875
14.215314
14.246723
13.53585
14.10257
14.094403
14.413968
14.269208
14.445452
14.329571
14.393146
14.466287
13.605828
14.05919
13.860327
13.736564
13.765062
13.613004
13.8691225
14.096246
13.99709
14.105386
14.210436
14.029765
14.298986
13.887496
13.627971
14.089276
13.641194
13.801661
13.986806
13.522492
14.290368
14.101594
13.676933
13.852409
13.647962
13.5901165
13.738726
13.666198
13.584666
14.816066
13.962206
13.682822
13.809742
13.767372
14.168454
14.087854
13.649167
14.141913
13.8504505
14.082214
14.114566
14.209615
14.053152
13.724636
14.56999
13.701757
13.53689
13.7865505
13.438048
14.034672
13.85148
14.107053
13.279388
14.124248
13.553841
13.867712
13.520563
13.967972
13.61074
13.259673
13.840932
13.738646
14.011606
13.904292
14.031198
13.390661
13.751168
14.381025
13.594956
13.428429
13.97459
13.437509
13.86873
14.228533
13.9778595
13.985602
14.071175
14.613305
13.861583
14.022713
14.223758
14.11813
13.70822
13.829421
13.585668
13.356002
13.57927
13.489596
13.56024
13.69734
13.889824
14.28156
14.18779
14.501604
14.01565
13.615194
14.285938
14.017198
13.433676
13.453844
14.019594
13.377984
14.135562
13.831249
13.379
14.436876
13.880268
12.712874
13.9043
13.912633
14.2669
13.5448
13.871726
13.640178
13.506309
13.3376665
13.67711
13.502737
14.075553
13.774524
13.186259
13.957659
13.774114
13.73034
13.747846
13.155778
13.70977
13.807398
13.622649
13.723083
13.519286
13.272878
13.594884
14.0413885
14.2581415
13.785161
13.255836
13.502842
13.597129
14.13486
13.942567
13.315196
12.934802
13.718502
13.600644
13.262118
13.602823
13.863587
13.854132
13.87186
13.7376
13.873556
13.818224
13.154842
13.655399
13.7101
13.72857
13.687186
13.717718
13.410269
13.256742
13.614118
14.119085
13.678386
13.522336
14.076023
13.681469
13.872802
13.505594
13.862358
13.795516
13.6199
13.601337
13.348322
13.63847
13.56518
13.965974
14.337843
14.179934
13.585166
13.601657
13.870864
13.9784565
13.368841
13.709889
13.439026
13.296815
13.393116
13.591648
14.051192
13.712112
13.330237
13.736569
13.543451
13.828956
13.205558
13.385224
13.468809
13.206338
14.0233965
14.037639
13.773368
13.879708
13.624952
13.312048
14.015008
13.45348
13.877221
13.747618
14.134214
13.581744
14.157632
13.767923
13.189295
13.667292
13.455261
13.2496605
14.040996
12.851292
13.594938
13.908104
14.498082
13.654921
14.247971
13.425211
13.641306
12.739384
13.355113
12.809449
13.628244
13.031988
13.537928
14.087867
14.305208
13.203166
13.559676
13.641531
13.64805
13.404665
13.543438
13.304142
13.516872
13.495294
13.210136
13.59929
13.092881
13.667774
13.767969
13.405228
14.055874
13.78911
13.634405
13.946828
13.673304
13.40451
13.54344
13.547968
13.682633
13.404779
12.94565
13.634153
13.131441
13.360034
13.77834
14.026578
13.82307
13.592726
14.639153
13.846314
13.83102
14.005179
13.861639
13.026582
13.218744
13.145714
13.385032
13.804304
13.793246
14.54574
13.356446
13.541419
13.698746
13.841164
14.423472
13.174246
13.37118
13.52484
13.768174
13.535684
13.526305
13.716233
13.939214
14.040392
13.73836
13.522739
13.676944
13.5729065
13.381658
14.014444
13.6026945
13.469772
13.95211
13.304933
13.488835
13.261968
13.833397
13.92162
14.050027
13.645129
13.759657
13.445784
13.95092
13.802368
13.718624
13.593928
13.411123
13.371666
13.8411255
13.154508
13.6857395
13.66895
13.709502
13.97135
13.769514
13.103244
14.079862
13.466447
13.637133
13.939504
13.703016
13.696961
13.414162
13.394106
13.420331
14.171102
13.655784
13.70246
13.718873
14.165294
13.1859
13.518862
13.17448
13.659744
13.353682
13.611983
13.452317
13.611838
13.668548
13.7514715
13.894862
13.8907795
13.803168
13.401772
13.970764
13.507886
14.08159
13.90598
13.263172
13.326197
13.465296
13.83473
13.608853
13.031392
12.960378
13.624016
13.117986
13.585121
13.138127
13.665968
13.503434
14.165864
13.285772
13.603174
13.807242
13.543906
13.273356
13.362856
13.247076
13.838644
13.546533
13.353825
13.278394
13.93981
13.907358
13.61393
13.353966
13.7601795
13.508277
13.70081
13.875873
13.2117405
13.449932
13.547952
13.734006
13.336643
13.627807
13.562749
13.665024
13.879373
13.985747
13.102208
13.20688
13.597885
13.251872
13.423323
13.566847
13.494622
13.410678
13.825067
13.267521
13.687269
13.396323
13.752685
13.584535
14.215551
13.528411
13.840095
13.761212
13.730048
13.351746
13.449808
13.637358
13.800004
13.486767
14.068873
14.100653
13.698674
13.461392
13.529977
13.623986
13.97543
13.826264
13.254246
13.54045
13.216297
13.37157
13.56575
13.617139
13.452092
13.314083
13.869982
14.132096
13.414146
13.916695
13.291283
13.419068
13.682743
13.878839
13.929926
13.682224
13.93564
13.805396
14.016969
13.619853
13.696897
13.785518
13.653468
13.450022
13.624504
13.37952
13.355993
13.264094
13.597787
13.027367
13.720568
13.380045
13.203022
13.687622
13.219828
13.052887
13.559288
13.669387
13.611401
13.146709
12.948808
13.329418
13.514447
13.849449
13.650489
13.360218
14.143257
13.881668
13.290597
13.760581
13.625438
13.64756
13.843432
13.597212
13.88137
13.084104
13.418764
13.8664665
13.34601
13.208523
13.430621
13.416148
13.730991
13.566706
13.48253
13.460103
13.439494
13.273153
13.352882
13.388254
12.963262
13.273381
13.210466
13.494318
13.220768
14.011767
13.195918
13.423118
13.279988
13.3067
13.282563
13.271569
13.06376
13.7814245
13.473412
13.492948
13.524815
13.034131
13.550152
13.32543
13.192424
13.20292
12.8114605
13.120902
13.228671
13.407256
13.45073
13.605853
13.462296
13.630633
13.324963
13.148201
13.738892
13.08752
13.307574
13.471638
13.616188
13.576613
13.529151
13.557358
13.450486
13.275211
13.753407
13.562014
13.453791
13.788005
13.755436
13.414466
13.439196
13.616144
13.460038
13.508299
13.274755
13.442164
13.566369
13.620194
13.798844
13.296103
13.105276
13.573811
13.180391
13.985258
13.45443
14.206668
13.310845
13.379332
13.558847
13.80727
14.014018
13.689759
13.356437
14.165495
13.626298
13.189887
13.391321
13.694019
13.147426
14.03016
13.190141
13.81763
13.353875
13.304712
13.208736
13.38191
14.196159
13.95892
13.522789
13.402022
13.498568
13.357415
13.257468
13.618683
13.429818
14.020202
13.330654
13.017155
14.159434
13.582802
13.312815
14.071175
13.748087
13.492388
13.081198
13.611915
13.382381
13.947072
13.836934
13.307341
13.609772
13.211493
13.238646
13.289988
13.88293
13.489902
13.856974
13.250079
13.83195
13.97069
13.443044
13.082558
13.136226
13.432798
13.412146
13.582279
13.18192
13.543412
13.92328
12.811166
13.38345
13.081526
12.977666
13.450778
13.44419
13.003235
13.29786
13.60276
13.217115
13.349914
12.958226
13.28372
12.847289
13.297128
12.945194
13.720406
13.264791
13.366178
13.099642
13.459046
13.59746
13.432654
13.278106
13.645702
13.047936
13.916486
13.602344
12.864006
13.1147785
13.607812
13.570525
13.730981
13.390511
13.433811
13.928646
13.469907
13.659265
13.513785
13.326162
13.91618
13.381092
13.629908
13.330044
13.698356
13.343108
13.784662
13.89474
13.575616
13.660386
13.335872
12.911139
13.33958
13.504914
13.617916
13.12121
13.365242
13.534212
13.89027
13.709916
13.803341
13.588118
13.468251
13.661188
13.173397
13.381326
13.14453
13.2460575
13.021222
13.600602
13.30062
13.8857975
13.040362
13.82896
13.687194
13.724244
13.480326
13.340369
13.348494
13.365946
13.389217
13.6873455
13.06993
13.605295
13.801865
13.43823
13.93814
13.268221
13.489149
13.244892
13.611597
13.796732
13.611895
13.403982
13.4608755
12.905362
13.577236
13.853239
13.485144
13.662854
13.392044
13.639271
13.053655
13.370422
13.284128
13.328166
13.17858
13.041254
12.711518
12.590993
13.3758545
13.5293665
13.549929
13.671316
13.267866
13.21648
13.544012
12.955132
13.544244
14.014676
13.330263
13.543729
13.584604
13.77547
13.413086
13.907545
13.661511
13.722572
13.105098
13.322799
13.729323
13.015008
13.148454
13.611193
13.297076
13.059021
13.401286
13.69295
13.354452
13.56306
13.314398
13.426171
13.894516
13.549318
13.492067
12.90639
13.369
13.836084
13.527281
13.184712
13.180174
13.529805
12.775338
13.189619
13.566714
13.537016
13.046802
13.301894
13.217396
13.586405
12.754322
13.786102
13.386628
13.778418
13.745606
13.394994
13.09858
13.846284
13.6815195
13.072307
13.678801
14.200823
13.498526
13.427435
13.927574
13.382674
13.567525
13.654734
13.594471
13.755286
13.79294
13.545228
13.552052
13.628338
13.228576
13.558856
14.038574
13.400928
13.571003
13.692974
13.960584
13.73239
13.186196
13.3830595
13.795416
13.226674
13.877753
13.621772
13.469055
13.7905
13.17195
13.535822
13.65203
13.609138
13.427034
13.289436
13.464656
13.963508
13.708144
13.153243
13.429872
13.12064
13.284432
13.341138
13.138466
13.617564
13.923371
13.30499
13.265797
14.110362
13.46982
13.74026
13.593105
13.481459
13.386958
13.919626
13.54997
13.05061
13.9444475
13.622008
13.295636
13.852206
13.145664
13.902822
13.320368
13.721208
14.156978
13.537863
13.473961
13.640839
13.811427
13.613747
13.774418
13.447004
13.184189
12.639676
13.247352
13.024534
13.380053
13.763052
13.144571
13.899207
13.87037
13.306256
13.200066
13.492458
13.66658
13.49724
13.435345
13.789616
13.521056
13.739589
13.623857
13.53688
13.884965
13.973467
13.141371
13.470646
13.506719
13.736172
13.7953615
12.943918
13.494902
13.58925
13.668237
13.311474
13.32407
13.925164
13.538026
13.4548235
13.655878
13.322343
12.893026
13.969539
13.591552
13.655612
12.739652
13.977042
13.37078
13.3324995
13.513637
13.831664
13.774957
13.316084
13.177916
13.534327
13.570105
13.194324
13.497916
13.540526
13.662997
12.940285
12.938166
13.911868
13.621568
13.606738
13.149336
13.347463
13.549728
13.24211
13.689379
13.459561
13.233244
13.71568
13.768362
13.529406
13.504326
13.147506
13.950882
13.809724
13.600166
13.607501
13.143688
13.838186
14.036451
13.716384
13.130072
13.104829
13.864337
13.650912
13.380588
13.061682
13.73496
13.140332
13.536148
13.7090225
13.321914
14.14146
13.626483
13.653048
13.545042
13.004908
13.392232
13.517124
13.568468
13.08902
13.3081045
13.149724
13.700569
13.312936
13.391028
13.393094
13.526506
13.518268
13.147422
14.105305
13.823067
13.941782
13.25799
13.636866
13.67938
13.12853
13.555072
13.213167
13.4555435
13.229034
14.068536
13.86096
13.2007675
13.200806
13.526314
13.167958
13.788676
13.752358
13.137368
13.215594
13.496359
13.731914
13.789396
13.418902
14.012826
13.363658
13.722735
13.733779
13.41128
13.658906
13.431168
13.928322
13.802637
13.7036295
13.145017
13.236357
13.6512
13.437876
13.437877
13.243581
13.358767
13.586307
13.515449
13.799686
13.675102
13.408862
13.505382
12.926872
13.526338
13.561077
13.409823
13.739004
13.859836
13.831014
13.571393
13.025879
13.566936
13.45036
13.502829
12.852558
13.038488
14.191746
13.911157
13.313061
13.677058
13.49853
13.043043
13.231932
13.450056
13.132086
13.615637
13.162334
13.526168
13.52764
13.40309
13.767476
13.498907
13.443178
13.92449
13.099066
13.593718
13.1196165
13.552873
13.096403
13.132761
13.426099
13.24992
13.032104
12.85847
13.759957
13.882716
13.484076
13.478767
13.707239
14.033853
13.702814
13.089256
13.721526
13.625892
13.129613
13.290847
13.812082
13.42364
13.91627
13.35399
13.222057
13.398758
13.480503
13.620938
13.714539
13.7311735
13.837552
13.337555
13.057111
13.091652
13.600263
13.502356
13.595482
13.903877
13.251345
14.500698
13.820383
13.610944
13.16265
13.40549
13.560225
13.563938
13.835728
13.164964
13.641036
14.036577
13.55886
13.850596
13.22644
13.804616
13.940451
13.045152
13.639623
13.81934
13.365056
13.383154
13.437627
13.746294
13.914657
13.509595
13.537257
13.61701
13.755584
13.0859785
13.929343
13.532342
13.471503
13.393292
13.099659
13.377932
13.464817
13.742576
13.22602
13.506254
13.495787
13.607218
13.411597
13.634072
12.94428
13.386484
13.492368
13.395808
13.908516
13.572738
13.341449
13.103192
13.4959
13.327197
13.230407
13.2021885
13.639872
12.961121
13.842362
13.592293
13.311872
13.131868
12.902171
12.8687
13.599554
13.662686
13.52887
13.632605
13.570573
13.205982
13.327272
13.927976
13.940342
13.814958
13.658494
13.210984
13.497675
13.308824
13.380492
13.387806
13.58276
13.657852
13.952142
13.315868
13.4415655
13.694271
13.808534
13.666248
13.084576
13.25252
13.015132
13.607417
13.503747
14.0195675
13.380351
13.712196
13.79531
13.081808
13.466771
13.407617
13.168136
13.662514
13.349013
13.324252
13.127014
13.292204
13.033194
13.299126
13.612574
13.108529
13.556569
13.298952
13.369146
13.636128
13.699712
13.471652
13.774554
13.318392
13.6613
13.50913
13.627088
13.65848
13.762388
14.063664
13.679807
13.798712
13.815279
13.83641
13.491358
13.721502
13.002008
13.725865
13.029084
13.768264
13.884354
13.198338
13.746287
13.5863285
13.404828
13.501305
12.938412
12.9651
13.4368105
13.666332
13.720978
13.52688
13.289192
13.957116
13.435836
13.540494
13.282587
13.272036
13.007644
13.529052
13.772085
13.29586
14.025374
14.146131
13.782286
13.005171
13.491208
13.009902
13.5179405
13.937248
13.53661
13.224486
13.830783
13.138356
13.619947
13.420202
13.636763
13.418074
13.242392
13.364575
13.525267
13.223871
13.342738
13.487879
13.573538
13.52122
13.79678
13.606698
13.044548
13.309342
13.356125
13.528657
13.98286
13.599068
14.142708
13.942146
13.93137
14.132208
13.39877
13.300028
13.709324
13.279844
13.328284
13.467816
13.959754
13.684008
13.496512
13.592898
14.236789
13.806826
13.729526
13.166685
13.023484
13.720168
13.425366
13.500594
13.851936
13.777608
13.687182
13.345155
13.92282
13.311588
13.030742
13.483565
13.98914
13.28414
13.807915
13.1700115
13.268222
13.821494
13.510647
13.341145
13.425364
13.82538
13.386472
13.796612
13.57803
13.398016
13.714605
13.776462
13.413292
13.730197
13.942524
13.461696
13.411574
13.296393
13.215634
14.013619
13.651044
13.573406
14.305598
13.78108
13.3323145
13.548246
13.515016
13.1735115
13.876432
13.236354
12.793288
13.315668
13.404718
13.812165
13.949254
14.299554
13.538332
13.635459
13.717696
13.531436
13.362302
13.080786
13.873046
13.440424
13.476072
13.433386
12.973048
13.386187
13.42249
13.150033
13.624427
13.798676
13.23716
13.411438
13.643636
13.36366
13.553486
13.646608
13.538842
13.583006
13.199487
13.346925
13.22797
13.425577
13.1332
13.590016
13.800969
13.318566
13.221836
13.530872
13.599093
13.434083
13.268866
13.451886
13.501616
12.880782
13.151822
12.841638
13.2316885
13.121906
13.477583
13.954222
13.092074
14.044749
13.505906
13.932239
13.527225
13.213167
13.663218
13.594684
13.526447
12.839066
13.784668
13.4643
13.437244
13.321524
13.578914
13.7141
13.739892
13.850974
13.360524
13.49835
13.319352
13.622064
13.359259
12.752273
13.376193
13.504613
13.945136
14.055546
13.772201
13.6596365
13.666004
13.213736
13.33391
13.626098
13.187869
13.267947
13.78928
13.083438
13.133746
13.492006
13.951718
13.205811
13.636456
13.21776
13.733296
13.772192
13.197963
13.724367
13.30189
13.45057
13.794606
13.520578
13.668445
13.467176
13.873946
13.3211
13.158558
13.414858
12.872075
13.457612
13.177478
13.243558
13.555458
13.623978
14.098425
13.309471
13.408494
13.964954
13.009958
13.251906
13.815128
13.420884
12.799284
13.209523
13.7051
12.961498
13.628702
13.349415
13.341803
13.457092
13.45047
13.133184
13.638681
13.407874
13.65437
13.741918
12.772162
13.638717
13.54485
13.302848
13.44553
13.389939
13.371262
13.294335
13.404166
13.465107
13.892192
13.240236
13.810712
13.789884
13.56842
13.194306
13.550246
13.449989
13.526324
13.416812
12.840277
14.18201
13.392874
14.024608
13.891191
13.958146
13.367752
13.717919
13.853231
13.363472
13.55573
13.6070385
13.559689
14.113726
13.544534
13.661025
14.086422
13.509772
13.995505
13.778652
13.803814
13.392415
13.153
13.393182
13.445262
13.363748
13.55689
13.281568
13.308648
13.949738
13.493214
13.386158
13.419664
13.368644
13.501772
13.769258
13.463146
13.330281
13.738644
13.556454
14.130648
13.836532
13.210196
13.224311
13.238024
13.411106
13.679168
13.306781
13.391838
13.215068
13.47667
13.189324
12.883932
13.889146
13.356215
13.603374
13.56127
13.29252
13.777616
13.684924
14.123922
13.490449
13.950649
13.609996
13.613924
13.078638
13.684008
13.662938
13.583054
13.265928
13.747778
13.385562
13.326578
13.601212
13.325708
13.267307
13.587891
13.290528
13.5386915
12.92376
13.613684
12.925414
13.253425
13.504254
13.41885
13.229826
13.673847
13.452
13.53068
13.455658
13.497614
13.895085
13.429604
13.658765
13.07244
13.329978
13.668337
13.587679
13.091484
13.255276
13.210615
13.708239
13.523016
13.373586
13.382799
13.819258
14.199516
13.995969
14.097217
13.229076
13.407713
13.854241
13.055852
13.64458
13.513336
13.745304
13.338218
13.895512
13.101968
13.637295
13.874348
13.753822
14.07684
13.52615
13.516482
13.277894
13.767738
13.484347
13.55325
13.809997
13.760928
14.093868
13.729233
13.372134
13.081245
14.006476
13.612686
13.325125
13.316046
13.546709
12.796774
13.710948
13.094926
13.508933
13.804206
13.273211
13.293698
12.754563
12.981696
13.488479
12.4519615
13.665819
13.215922
13.711708
13.067712
13.55093
13.837762
13.79394
13.683666
13.665456
13.570508
13.360085
13.676427
13.459688
13.547282
13.597998
13.461684
13.3110895
13.237569
13.06718
13.289822
13.620916
13.28837
13.1987915
13.42209
14.093956
13.20498
13.670026
13.539136
13.422122
13.37636
13.686828
13.728904
13.834298
13.156142
13.188556
13.325337
13.056594
13.709602
13.138889
13.416376
13.022187
13.482328
13.31142
13.153456
13.517354
12.903516
13.515804
13.698944
13.72018
13.353383
13.344612
13.5961275
13.447356
13.477454
13.556768
13.956732
13.235446
13.272997
13.501995
13.255481
13.550718
13.322014
13.836072
13.248112
13.844088
13.505801
13.886559
13.543164
13.441586
13.201481
13.49162
13.469664
13.366876
13.813162
13.3645
13.79055
13.28412
14.256583
13.400169
13.586718
13.69467
13.449666
13.112832
13.27364
13.365881
13.243328
13.172444
13.9612875
13.138142
13.787752
13.317923
13.851946
12.774572
13.356091
13.7488575
13.772581
13.580315
13.537511
13.673388
13.619772
13.70056
13.15255
12.733672
13.319022
13.080706
13.793715
13.355296
13.03642
13.870663
13.745452
13.836096
13.634512
13.903078
13.262985
12.952303
13.46675
13.379144
13.9621935
13.501444
13.161189
12.966534
13.406073
13.408296
13.687812
13.333548
13.425623
13.576551
13.244371
13.17634
13.220504
13.435633
13.294397
13.885134
13.52104
13.403454
13.7333145
13.432139
13.082906
13.416431
13.495748
12.967768
13.056866
13.55007
13.493664
12.92569
13.018891
13.426083
14.099573
13.706367
13.22912
13.316497
13.567288
13.66205
13.580726
13.588116
13.620654
13.5514965
13.751892
14.11523
13.432785
13.349616
12.943608
13.747735
13.573109
13.858122
13.666155
14.260852
13.6596155
12.913388
13.294241
13.425931
13.218
13.53748
13.44981
13.641557
13.574316
13.20205
13.899135
13.514244
13.084296
13.654299
13.446837
13.20251
13.870485
13.477756
13.5612135
12.84453
13.372018
14.350308
13.761803
13.859904
13.533098
13.879736
13.274186
13.660286
13.491592
13.686274
13.420253
13.838712
13.573072
13.429104
13.484296
13.666918
13.994958
13.553026
13.654308
13.374003
13.755334
13.531677
13.33554
13.44249
13.435844
12.7644
13.142812
13.980564
13.492614
13.83543
13.324028
13.492212
13.857849
13.92888
13.189803
13.36032
13.2020645
13.1081915
13.688666
13.6286335
13.425557
13.639266
13.790899
13.646973
13.27983
13.422409
13.787778
13.217189
13.009188
13.112796
13.6810875
13.599497
14.067955
13.596153
13.483616
14.091695
13.359364
13.50778
13.228264
13.675602
13.330998
13.220474
13.327669
13.253868
13.53285
12.970072
13.565251
13.71786
13.605256
13.551166
13.650368
13.736958
13.995072
12.968508
14.037322
13.41673
14.1151495
13.779154
13.627137
13.596732
13.682494
13.743346
12.859198
13.51832
13.5689
13.464632
13.382433
13.44409
13.935544
13.265863
12.844254
13.188864
13.2564535
13.001721
12.936814
14.40462
13.557128
13.407553
13.23939
13.401687
14.079782
13.235643
13.865366
13.977926
13.221613
13.613787
13.771163
13.296656
13.371781
13.310826
13.111655
13.7586975
12.91512
13.937232
13.4276
13.492165
13.594266
13.524236
12.995343
13.159658
12.855445
13.54171
12.970386
13.551439
13.530439
13.462114
13.242989
13.329594
13.204961
13.120684
13.039078
13.408806
13.136874
13.506816
13.528825
13.295203
13.641066
13.798131
13.451582
13.00511
13.544574
13.462164
13.753202
13.270836
13.213586
13.76913
13.255597
13.544984
13.35089
13.14587
13.58792
13.344048
13.642082
13.483092
13.866884
13.140893
13.210942
13.311834
13.179605
13.368172
13.4211855
13.082176
14.111748
13.436576
13.569447
13.308159
13.436698
13.5294
13.3317175
13.62336
13.382006
13.355423
13.353802
13.266682
13.469344
13.479684
13.369318
13.710332
13.500906
13.789707
13.503746
13.344104
13.55846
14.053832
13.730285
13.416344
13.569731
13.2220335
13.566149
13.418884
13.7745695
14.367766
13.727466
12.989644
13.520652
12.839576
13.982246
14.0509615
13.63263
13.00216
13.643089
13.591362
13.678964
13.706026
13.401379
13.410319
13.721726
13.409644
13.567714
13.4701395
13.562859
13.488357
13.248454
13.700551
13.176916
13.686946
13.178607
13.368236
13.280852
14.026848
13.6490135
13.222162
13.56602
13.498966
13.694807
12.813974
13.663336
13.634426
13.64743
13.328401
13.243134
13.015033
13.389972
12.906332
13.568646
13.307785
13.574916
13.532662
13.940512
13.708338
13.284263
13.0376005
13.374333
13.22863
13.393468
13.687056
12.946037
13.746097
13.1503315
13.518816
13.624082
13.470589
13.83426
13.504146
13.418235
13.50615
13.641832
13.559495
14.112817
13.856502
13.892409
13.779392
13.614161
13.33709
13.251448
13.691902
14.084025
13.518958
13.66019
13.874988
13.441086
13.72968
13.369196
13.298524
13.691008
13.736426
13.48759
13.411923
14.214984
13.487788
13.329209
13.729376
13.547346
13.455522
13.670162
13.324127
13.556216
13.259904
13.604758
13.709169
13.865858
13.464054
13.87646
13.682672
13.558244
13.601883
13.33423
13.100254
13.46947
12.895294
13.333323
12.910925
13.325388
13.857475
13.364312
13.565614
13.221559
13.2321615
13.225085
13.075915
13.821805
13.269323
13.611409
12.979098
13.274596
13.651716
13.588048
13.840447
13.530106
13.226678
14.243208
13.649598
13.941685
13.922974
13.745993
13.183244
13.483125
13.291808
13.401983
13.490134
13.517952
13.480368
13.674008
12.974354
14.033975
13.416647
13.292704
13.466602
13.700054
13.299535
13.227226
13.856281
13.861627
13.389212
13.4943695
13.590057
13.469794
13.856527
13.4420595
13.602253
13.344074
13.642315
13.324817
13.853029
13.449728
13.359006
13.143743
13.637528
13.750468
13.013656
13.275523
13.789198
13.538835
13.47212
13.896072
13.36383
13.956157
13.93901
13.378914
13.524612
13.464686
13.575688
13.460451
13.1835165
13.479218
13.247276
13.677028
13.897142
13.959093
13.513873
13.516098
13.75937
13.021196
13.622464
13.421262
13.560196
13.303676
13.111612
13.309115
13.783744
13.30191
13.42948
14.039717
13.58376
13.245224
13.20956
13.700656
14.065021
13.40691
13.43565
13.391902
13.671429
13.427711
13.795247
13.8138275
13.398216
13.408862
13.837828
13.370245
13.982596
13.405271
13.443778
13.374247
13.01019
13.334064
13.389228
13.432676
13.41847
12.915574
12.968456
13.409572
13.828336
13.315754
13.461808
13.429264
13.109867
13.941588
13.360561
13.755588
13.558879
13.049334
13.9834
13.517256
14.002496
13.725866
13.34453
13.184066
13.710181
14.010189
13.482708
13.041066
13.359788
13.216332
12.992477
13.58216
12.995556
13.171204
13.359441
13.567744
13.684324
13.555562
12.839712
13.74889
13.230661
13.277924
13.769745
13.177219
13.369379
13.335469
13.360834
13.27269
13.583901
13.80982
13.505615
13.628211
13.924604
13.255205
13.43938
13.647328
13.651342
12.976262
13.779836
13.279954
13.148831
13.503939
13.355181
13.181866
13.255242
12.839029
13.20605
13.11809
13.097348
13.094969
13.345128
13.677276
14.235182
13.068944
13.792626
13.905876
13.142286
14.047142
13.034062
13.698299
13.099486
13.382517
12.8354225
13.48565
13.283963
13.075088
13.51785
13.901768
13.198667
13.408778
13.463454
13.880084
13.364431
13.40954
13.306592
13.636962
13.3899355
13.499198
13.375249
13.915741
13.089455
13.309237
13.276674
13.408165
12.774458
13.216066
13.471546
13.141477
13.268729
13.672758
13.604092
13.469212
12.945827
13.111833
13.467266
13.531831
12.911054
13.279392
13.360894
13.784289
13.637638
13.213016
13.979216
13.727936
13.532018
13.012491
13.639745
13.661998
12.993734
13.587258
13.469768
13.019165
13.9373455
13.198521
13.295612
13.828814
13.73594
13.282095
13.492604
14.236159
13.678705
13.606876
13.200447
13.720676
13.2321
13.682601
13.81419
13.325497
13.409736
13.226378
13.2850065
13.760775
13.605784
13.813756
13.509494
13.5823
12.9033575
13.569194
13.784908
13.816513
13.293854
13.123249
13.30419
13.574961
13.46749
13.471158
13.70969
13.510876
13.533386
13.181498
13.107151
13.135522
13.879814
13.721162
13.497018
12.987825
14.000518
13.678712
13.448245
13.397055
12.975066
13.803386
13.562158
13.714581
13.496624
13.686344
13.453926
13.567692
13.5377655
13.675004
13.12621
13.519141
13.520482
13.921834
13.053369
13.074845
13.229669
13.194646
13.404598
13.767762
12.925131
13.163285
13.677056
13.393352
13.603232
13.353873
13.309812
13.469018
13.079834
13.175409
13.687208
13.998631
13.034156
13.957576
12.838093
13.477169
13.539438
13.362905
12.972673
13.708865
13.263238
13.41503
13.2566
12.985454
13.422419
13.311691
13.350258
13.164171
13.915061
13.273341
12.978458
14.047202
13.152898
12.883888
13.271692
13.640044
13.195726
13.175
13.500549
13.337328
13.468744
13.167166
13.482644
13.951226
13.680024
13.608947
13.211452
13.351138
12.851106
13.277294
13.438513
14.033884
13.000422
13.770279
13.335172
13.415634
13.73942
14.091648
13.529187
13.131274
14.279158
13.613983
13.022694
13.041561
13.153016
13.540996
13.601753
13.104778
13.275038
13.483044
13.602895
13.274874
13.716178
13.498276
13.515852
13.538166
13.1868
13.431925
13.644231
13.382316
13.716199
13.57821
13.270012
13.663629
13.974906
13.398513
13.381016
14.206226
13.593698
13.59435
13.663942
13.05385
13.2044735
13.152776
13.141236
13.239916
13.723081
13.359663
13.199769
13.458058
13.26435
13.552823
13.191088
13.5674715
13.564296
13.774125
13.19119
13.333386
13.726622
13.697574
13.417792
13.212933
13.549024
13.138144
13.739271
13.651558
13.5663395
13.775038
13.126796
13.7268
13.50002
13.359078
13.393606
12.850882
13.281613
13.22923
13.657346
13.14784
13.258322
13.469244
13.7839155
13.201772
13.205942
13.141712
13.055466
13.687255
13.793728
13.373759
13.040475
13.397442
13.060127
13.42753
13.449223
13.409289
13.31197
14.11786
13.759433
13.039714
13.252968
13.511761
13.728669
13.230843
13.429014
13.57595
13.15739
14.237228
13.267981
13.678022
13.152282
13.590639
14.285427
13.172687
13.3995
13.112934
13.590965
13.483082
13.569909
13.551782
13.486265
13.435678
13.475381
13.35957
13.202957
12.928346
13.511978
12.941803
13.074761
13.497977
13.541188
13.809121
12.849482
13.476868
12.948677
13.40469
13.689822
13.450592
13.462324
13.559318
13.611055
13.703072
13.349843
13.491132
13.24464
13.644523
13.919294
14.04042
13.447059
13.897164
13.183774
13.057184
13.283427
13.61952
13.682698
13.781238
13.326475
13.601659
13.984244
13.633198
13.065794
13.033589
13.12279
13.549656
13.420575
13.799202
13.894462
13.67526
13.410991
13.594829
13.629234
13.310606
13.840308
13.130704
13.292947
13.612176
13.290147
13.201728
13.44061
13.480896
13.525471
13.769212
13.6346
13.654366
13.847435
13.417394
13.919882
13.006548
12.881655
13.534498
13.81181
13.436593
13.315656
13.51492
13.16861
12.978128
13.344804
13.140474
13.53832
12.995084
13.166116
13.0332
13.28423
13.60729
13.5336485
13.318502
13.646032
13.51494
13.261612
13.668431
13.539522
13.626475
13.161415
13.696336
13.160829
12.902262
13.436433
13.155989
13.223234
13.617837
13.676898
13.375418
13.421954
13.847776
13.458571
13.291458
13.193404
13.880986
13.324162
13.410652
13.302741
13.158396
13.314472
13.42572
14.0020485
13.237038
14.215064
13.943573
13.384074
13.638747
12.802888
13.219816
13.4201765
13.329706
13.438384
13.578528
13.336677
13.050112
13.491301
12.757487
13.678842
13.191676
13.884943
13.576738
13.401414
13.159989
13.704966
13.538134
13.620946
12.848832
13.696106
13.632508
13.675235
13.266414
12.826811
13.431636
14.090509
13.532424
13.23055
13.950434
13.229582
13.322968
13.65906
13.246735
13.654096
13.607578
13.392716
12.777064
13.405086
13.397557
13.078275
13.706605
12.9334
13.549433
13.516837
13.532116
13.517956
13.464928
13.1291895
13.279215
13.726408
13.877266
13.135666
13.078
12.992265
13.571096
13.378312
13.217102
13.759231
13.312736
13.347766
12.787666
13.245721
13.258088
13.343363
13.254749
13.644065
13.380344
13.194116
13.320565
13.481736
13.865937
13.667388
13.209998
13.85421
13.750138
13.250918
13.169147
13.835044
14.177936
13.301464
13.068098
13.224577
13.553827
13.474791
13.416873
13.569271
13.390068
13.449396
13.45734
13.82349
13.261396
13.693
13.866738
14.54872
13.932978
13.227758
12.570394
12.862485
13.539641
12.8666
13.413926
13.392836
13.317951
13.15128
13.530686
13.277924
13.812156
13.561776
13.377088
13.45561
12.853018
13.121549
13.173046
13.44853
13.314128
13.5021515
13.732202
13.298567
13.39787
13.290954
13.717809
13.46474
14.172626
13.710566
13.538154
14.453691
13.020402
13.425853
13.541794
13.651483
13.820296
13.529994
13.326518
13.063951
13.760598
13.195624
13.717149
14.063292
14.014266
13.345028
13.627208
13.353928
13.671973
13.400234
13.343544
13.595892
13.452392
13.532431
12.746546
12.956953
13.23676
13.319918
13.417008
13.447421
13.610298
13.486598
13.345098
13.923311
13.441869
13.773688
13.226182
13.596362
13.5353
13.382993
13.79069
13.904888
13.200796
13.941088
12.617969
13.602254
13.6536
13.53734
13.294881
13.300944
13.175475
13.691149
13.541962
13.58208
13.474996
13.72341
13.014788
13.21027
13.304744
13.250576
13.497872
13.600755
13.368057
13.202449
13.569812
13.89224
13.121763
13.501046
13.610926
13.067406
13.254243
13.027616
13.142992
13.052024
13.560034
13.367919
13.794256
13.062914
13.229906
13.441752
13.26754
13.412353
13.276863
13.660941
13.307042
13.29125
13.398287
13.563215
13.823404
13.485114
13.449866
13.521588
13.168632
13.491452
12.93383
12.861282
13.2285595
13.521425
13.404944
13.974362
13.214214
12.943446
13.06489
13.217222
13.456258
13.422767
13.28736
13.287492
13.450816
13.188225
13.098794
13.374246
13.857186
14.097752
13.676656
13.613442
13.540986
13.475373
13.679691
12.96261
13.396962
12.784155
13.437822
13.254944
13.453518
13.068577
13.968578
13.027736
13.241956
13.499904
13.286466
13.2912855
13.032624
13.157816
13.272323
13.424163
13.339977
12.681068
12.853585
13.475113
13.2041645
13.856726
13.574099
13.800594
13.15133
13.661049
13.367576
13.270415
12.700081
13.261138
13.241028
13.395608
13.4664955
14.102538
12.979624
13.725124
14.077569
13.341234
13.324886
14.065244
13.040376
13.577738
13.807894
13.457773
13.577882
13.000914
13.661261
13.824416
13.678751
12.919219
12.917112
13.708688
12.794987
13.126104
13.970616
13.327022
13.617486
13.67005
13.337191
13.773794
13.562051
13.414199
13.347888
13.653701
13.335122
13.0306425
13.471576
13.603026
14.050993
13.496189
13.62216
13.447617
13.49785
12.988646
13.567187
13.093931
13.470585
13.779576
13.402071
12.883637
13.268509
13.117258
13.106027
13.843582
13.686761
13.630584
13.511502
12.907502
13.60615
13.384366
12.932946
13.468306
13.212249
13.073171
12.93459
12.75441
13.44224
13.079836
13.787833
13.623286
13.296607
13.407446
13.74629
13.100862
13.6672325
13.274244
13.484162
13.516774
13.276208
13.128842
13.577322
13.803519
13.485262
13.789457
13.178743
13.713695
13.514354
13.173455
13.292925
13.773053
13.413436
13.28097
14.126862
13.6902
13.547551
13.240786
13.621872
13.495614
13.70884
13.54089
13.293557
13.118442
13.410844
13.597875
13.37857
13.148581
13.815686
13.726592
13.083343
13.641128
13.399854
12.903492
13.212814
13.488594
13.515554
13.614976
13.393968
13.59284
13.062498
13.447339
13.192401
13.457289
13.789934
13.157118
13.395695
13.691151
13.50397
13.89819
13.443153
13.911513
13.336542
13.27653
13.264498
13.35642
13.391795
13.43788
13.453627
12.807618
13.668167
13.25788
13.461109
13.403656
13.766502
13.733522
13.008929
13.566605
13.640748
12.996285
13.92675
13.286324
13.944316
13.235711
13.598852
13.792418
13.26693
13.371488
13.151807
13.264626
13.134557
13.678048
13.249861
13.768741
13.238838
13.109954
13.709524
13.442123
13.436446
13.3805065
13.107764
13.583921
13.4968605
13.679228
12.99355
12.98928
13.868564
13.550654
13.001073
13.104986
13.684
13.219094
13.918435
13.613572
13.058244
13.009263
13.152046
13.209518
13.388473
13.234774
13.582563
13.663794
13.110252
13.065786
12.992062
13.27956
13.070543
12.706372
13.358817
13.503308
13.540906
14.037366
13.225726
13.243168
13.621033
13.60853
13.629114
13.2479925
13.266288
12.637407
12.985099
12.899002
13.264786
13.475054
13.625674
12.969846
13.603739
13.70234
12.95592
13.724682
13.105071
13.491248
13.021732
13.132912
12.954125
13.102305
12.909098
13.543001
13.6823
13.2249975
14.085967
13.562516
13.42815
13.359442
13.184307
13.52351
13.644517
13.195627
13.366167
13.483448
13.315248
13.524017
13.633418
13.522791
12.729105
13.291989
13.182
13.514489
13.43042
13.238734
13.28027
13.72886
13.620787
13.441921
13.414092
13.453328
13.718162
13.870952
13.148144
13.991986
13.394573
13.544204
13.312389
13.478111
12.749155
13.246121
13.786272
13.226747
13.336558
13.418886
13.220767
13.262559
13.313414
13.37933
13.195922
13.125706
13.091888
13.54399
13.220564
13.345833
12.799167
12.766978
13.405464
13.260359
13.471288
13.706007
13.346502
13.470075
13.08555
13.625589
13.022515
13.112017
13.140826
13.440754
12.820624
13.553965
12.626335
13.019474
12.950203
13.551565
13.391527
12.812684
13.4166975
13.301289
13.377978
13.433736
13.377704
13.41005
13.579848
13.273035
13.186678
13.25154
13.763638
13.56153
13.369857
13.153162
13.232474
13.281068
13.603952
13.078448
13.191084
13.27719
13.235068
13.682732
13.192924
13.329208
13.94876
13.148084
13.297263
13.341828
13.538865
13.970704
13.1143055
13.413545
13.779494
13.688858
13.034098
13.391677
12.9787
13.911178
13.028956
13.157548
13.320134
13.305142
13.313357
13.296759
13.518307
13.645972
13.190678
12.998781
13.329058
13.36284
13.472284
13.17979
13.591031
13.172127
13.679319
13.1017
13.54952
13.149638
13.013958
12.955898
13.985399
13.304488
13.315219
12.982704
13.613512
13.689936
13.310332
13.489943
13.346508
13.670895
13.476676
13.375666
13.104455
13.656114
12.82645
13.104912
13.523931
13.860208
13.428762
13.983554
13.41187
13.040052
13.526353
13.418588
13.12822
13.471311
13.162456
13.164228
13.091217
13.659757
13.69921
12.917824
13.037316
13.184538
13.342978
13.432612
13.260193
12.977927
13.029585
13.662376
13.180704
13.388094
13.160671
13.418727
13.570744
13.317236
13.633426
13.804724
13.123009
13.593779
12.981598
12.913336
13.461871
13.352536
13.602668
14.103256
13.47769
13.366805
13.637348
13.455592
13.203162
12.681644
13.311953
14.00576
13.715616
13.769428
13.438356
13.624168
13.993547
13.538278
13.22265
13.211915
13.326654
12.979001
13.43073
13.231256
13.261584
13.047326
13.401375
13.252997
13.1151905
13.460336
13.628851
13.487812
13.05631
13.660128
13.455156
13.674498
13.4165
13.246041
12.865702
13.619354
13.401704
13.754886
13.146931
13.715914
13.464264
13.540478
13.1835
13.060058
12.608617
13.113882
13.482304
13.370556
13.077206
13.201716
13.25961
12.83802
13.102596
13.453974
13.355664
13.434156
12.958542
12.892898
13.486632
13.831792
13.507865
13.360904
12.904729
13.609301
13.408307
12.989606
13.2799015
13.328028
13.419352
13.488717
13.410518
12.976996
13.82424
12.92471
13.558052
13.337953
13.013315
13.250842
12.889745
12.6874895
13.82003
13.6462555
13.046678
13.500606
13.206235
13.782934
13.246503
14.002408
13.0932455
12.718296
13.281546
13.623806
13.188568
13.732494
13.337948
13.633395
13.431942
13.370755
13.400616
13.462153
13.206806
13.505133
12.886208
12.818681
13.881322
13.530052
13.074198
13.39271
13.251494
13.110902
13.228546
13.27155
13.544652
13.424434
13.24996
13.733132
12.792016
13.556962
13.121628
13.012609
13.110182
13.30061
13.575828
13.064701
13.583712
13.107107
13.07279
13.538092
13.830012
13.586023
13.291915
13.300656
13.740678
13.376039
12.81534
13.214074
13.541068
13.815173
13.647695
13.505832
13.139554
13.591679
13.795874
13.639534
13.51035
13.438412
13.456272
13.560028
13.40146
13.262026
13.391995
12.896564
12.933192
13.26891
13.595086
13.272132
13.416726
13.305564
13.025794
13.380098
13.425175
13.90948
13.2275095
13.066142
13.453306
12.855314
13.07703
13.57138
13.33941
13.432359
13.307348
12.763144
13.377755
12.674772
13.211534
13.688572
13.245949
13.615158
13.420536
13.213486
13.686666
13.196942
13.2093525
13.249828
13.180074
12.96426
13.843386
13.505851
13.601074
13.762864
13.2574415
13.115898
13.026973
13.155382
13.292823
13.346812
13.166857
13.555752
13.380859
13.338369
13.25296
13.7191515
13.049628
13.229628
13.111028
13.082862
13.442252
13.032576
13.54509
13.27952
13.312546
13.114707
12.781328
13.211522
13.332812
13.399205
13.673106
13.4416685
13.470212
13.56062
13.748779
13.063811
13.400132
13.824069
13.217659
13.403969
13.660804
13.101158
12.866537
13.155848
13.255078
13.230814
12.984758
13.11364
13.798846
13.467934
13.968943
13.59753
13.550626
12.825111
13.21523
13.27333
13.077311
13.503972
13.098042
13.933588
13.396608
12.977285
13.633397
13.217177
12.903324
13.30837
13.2565155
13.622589
13.722105
13.799557
13.437402
13.518059
13.496071
13.215278
13.44738
13.829983
13.379426
13.342431
13.569542
12.985551
13.042981
13.258315
13.716327
13.622774
13.540413
12.826626
13.271822
13.352542
13.104029
13.062851
13.6872
13.344076
13.512315
13.261826
12.779542
12.827701
13.198028
13.286526
13.709194
13.691286
13.600849
13.478053
13.19712
13.115312
12.794441
13.045652
13.05163
13.160608
13.185789
12.922717
13.711632
13.709852
13.465518
13.7576
13.4531355
13.465812
13.2305
13.375718
13.489982
13.412319
13.6174135
13.234264
12.97922
13.538314
13.222172
13.370396
13.208564
13.005877
13.825851
12.626894
13.180963
13.470085
13.76079
13.105038
13.553108
13.302994
13.833452
13.200316
13.051059
13.811361
13.552727
13.294822
13.165921
12.886861
13.619594
13.401589
13.052368
13.797068
13.4378805
13.20936
13.947937
13.811675
13.488218
13.661488
13.659448
13.128023
12.810446
12.461046
13.32189
13.061374
13.7284155
13.194861
13.853838
13.053358
13.28197
13.777262
13.721934
13.355236
13.10257
13.4956255
13.163119
13.531054
12.600475
13.203166
12.739085
13.253434
13.302
13.150502
13.728852
13.039173
13.10763
13.371856
13.28982
13.445364
13.23073
13.218232
13.211128
13.407878
13.095998
13.311435
13.251284
13.293852
12.8458395
12.86814
12.595082
13.203806
14.041647
13.24181
13.191092
13.140344
13.30296
13.659314
13.296011
13.731684
13.11193
13.11178
13.623968
13.4110155
13.782501
12.968172
13.229138
12.982658
13.389164
13.2802515
13.465137
14.171154
12.908775
13.55863
13.6059
12.809044
13.324394
13.519858
12.940098
13.681374
13.399256
13.016275
13.067512
13.529568
13.568686
13.674681
13.097122
13.424131
13.077046
12.859458
13.109738
13.614366
13.633547
13.04221
13.83176
13.577898
13.627922
13.293722
13.765474
12.73554
12.948884
13.257764
13.709877
13.48427
13.018632
12.819018
13.433716
13.274934
13.296688
13.30434
13.040568
13.616894
13.474182
13.431508
12.758592
13.744257
12.933889
12.988255
13.936674
13.850643
13.024362
13.477526
13.672348
13.8105135
13.405738
13.236717
13.383186
13.206066
13.284314
13.225238
13.157608
13.029302
13.20765
13.681658
13.487634
13.238727
13.607148
13.439601
13.353742
12.891096
13.185826
13.279284
13.623924
13.086848
12.533998
13.189506
12.966708
12.819865
13.309786
13.046077
13.067392
12.64387
13.386221
13.091724
13.224687
13.820515
13.234031
13.579648
13.272402
13.027266
13.074475
13.342904
13.51954
13.021588
13.643478
13.389176
12.787906
13.75096
13.450492
13.200602
12.977792
13.053306
13.900404
13.125091
13.029301
13.390548
13.021568
13.088256
13.470908
13.079664
13.143875
13.002351
13.382386
13.303924
13.163685
13.4645195
13.227759
13.525397
13.0148
13.459417
13.304084
12.922131
12.851923
13.564658
12.579883
13.532108
13.523742
13.013304
13.605492
13.54922
13.367693
13.404598
12.973327
12.943661
12.869346
13.4520235
13.62054
13.852192
13.339676
13.345998
13.292942
13.358172
13.003168
13.680826
13.030606
13.172846
13.1277895
13.851106
12.866358
13.88597
13.436742
12.68394
13.6567545
13.50046
13.375304
13.63017
12.90506
12.719702
13.499601
13.730714
13.032957
13.465644
13.113247
13.698128
13.286235
12.99613
13.4858055
13.24989
13.666237
13.124104
13.321601
13.44488
12.809576
13.699265
13.497323
13.359536
12.749883
13.6263
13.444135
13.816414
13.424578
13.17013
13.016552
13.097198
13.537842
13.141376
13.5710535
13.281041
13.225418
13.39196
12.880755
13.077588
12.78209
13.264489
13.772557
12.994663
13.429331
13.48466
13.307762
12.794514
12.929824
13.079003
13.332415
13.853118
13.547314
13.0983095
13.671259
12.814131
13.106341
12.19636
13.478112
13.129814
13.3759985
13.665532
13.697218
13.28808
13.769121
13.681576
13.555406
12.570422
13.403226
13.218134
13.185886
13.368087
13.095789
13.533148
13.361932
13.190402
13.16174
12.89141
13.740328
13.384998
13.281552
13.511221
13.369294
13.758383
13.040818
13.469743
13.29749
12.996016
13.521561
13.649298
12.816888
13.621803
12.881219
12.935042
13.641701
13.416362
13.901097
13.7128315
13.687392
13.135636
13.28355
13.452382
12.94018
13.332726
13.543608
13.119827
13.276859
13.297024
13.622558
13.515567
13.696693
13.512498
13.088346
13.931666
12.945904
13.213603
13.33747
13.591092
13.158683
12.911451
13.435468
13.11092
12.713979
13.355099
13.25341
14.032194
13.50997
12.441882
13.263224
12.923698
13.2028
12.802545
13.018543
13.204002
13.738046
13.817537
13.832266
13.465681
13.369424
13.717672
13.583746
12.430048
13.394334
12.578676
13.151854
13.271762
13.184813
13.444954
13.192289
13.419676
12.931678
13.144664
12.934976
13.206216
12.922583
13.053187
13.156424
13.435488
13.520942
13.72124
13.260213
13.410396
12.822372
13.591973
13.242976
13.240223
13.025528
13.704576
13.152826
13.391336
12.871265
13.333246
13.2069435
13.439396
12.874925
13.78267
13.13528
13.341097
13.097374
13.052088
12.854798
13.368706
13.206462
13.058154
13.552619
13.473525
13.619359
13.042688
13.188698
13.337079
13.248942
13.134028
13.243702
13.237184
12.762994
13.833174
12.989674
13.118849
12.868498
13.024778
13.009122
13.522716
13.0456085
12.588245
13.2118635
13.012547
13.433186
13.311172
13.274178
12.981832
12.969018
13.128336
13.193734
13.295797
13.11299
13.529707
13.393466
13.787739
13.331422
13.860156
14.142036
13.431725
13.207198
13.476908
13.194053
13.524808
13.247722
13.266414
13.22278
13.20644
13.647689
13.4934225
13.234122
13.573548
13.188234
13.490661
13.023564
12.952947
13.115074
13.489866
12.987193
12.881479
13.030953
13.220651
13.303835
13.776487
13.625961
13.625817
13.527648
12.769084
13.664004
13.146337
13.122953
12.980686
12.815802
13.120238
13.279024
13.727739
13.139958
13.019758
13.497324
13.576356
13.137158
13.006029
13.67729
13.768942
13.183995
13.585326
13.187976
13.413367
13.788834
13.061236
12.840432
13.814345
13.328022
12.809313
13.240076
13.357498
13.084623
13.161328
13.434486
13.248756
13.159658
13.756648
12.947882
13.1673565
13.012786
13.275534
13.687522
13.659885
13.088919
13.075716
13.471794
13.721552
13.466568
13.168108
13.451356
13.754649
13.242271
13.599554
13.254547
12.831566
13.30976
13.407728
13.30437
13.292147
12.759992
12.957766
13.075746
13.433918
13.389418
13.379853
13.409132
13.259972
13.295844
13.387932
12.766059
13.513264
13.0177555
13.238055
13.629545
13.374038
12.711846
13.332107
13.126743
13.345878
13.549017
13.106023
13.465706
13.39562
13.668894
13.125428
12.91237
13.385522
13.144542
13.137121
13.377418
13.523912
