26.351843
25.610205
24.691637
23.861898
23.939991
22.648624
22.808887
21.483755
20.821156
19.236383
18.709091
16.823183
14.301083
11.371266
7.939364
8.793028
8.911903
8.958362
6.614935
5.777765
4.489388
5.111659
5.5094366
5.634821
6.2121344
5.29454
4.846213
5.292184
5.0986133
6.24659
5.1724668
5.445953
4.663046
4.392963
4.524652
3.8995216
4.383467
4.07996
4.076941
4.1356
4.4066668
4.696065
4.1624603
4.059526
4.251995
3.889883
4.392699
4.360572
4.678923
4.333127
4.1338587
4.19683
3.7795684
4.203411
3.7753654
3.7919555
3.910465
3.9545324
4.1720815
4.171398
3.867326
3.9921334
3.921517
3.6631105
3.641495
3.6328363
3.5588465
3.5460985
3.8570445
3.870991
3.8583236
4.3979945
4.0455384
4.182978
3.83768
4.479635
4.0164647
4.258967
4.6193767
4.57104
4.6293983
4.1860237
3.5755847
5.022318
4.1220064
3.8924685
4.924261
4.031255
4.7796288
4.0956416
4.1745768
4.548026
3.921181
4.064604
4.403032
3.5639615
4.0180693
3.707467
3.661906
4.000127
3.414692
3.7047505
4.2807803
3.7837307
4.1009135
3.7387
3.54645
3.5393748
3.5141022
3.689733
3.2721329
3.5391567
3.67666
3.5597684
3.5888588
3.434116
3.2738664
3.3405714
3.1862714
3.249472
3.2881737
3.281091
3.4181895
3.34619
3.3530385
3.227252
3.243146
3.316677
3.306086
3.0841088
3.2022233
3.2749565
3.4207604
3.4249356
3.4523475
3.4886274
3.4815624
3.4595485
3.326532
3.5236173
3.2827969
3.243483
3.200195
3.1825662
3.4189396
3.237068
3.373727
3.262856
3.4294868
3.1659105
3.1477554
3.159549
3.0989285
3.1464002
3.224896
3.2593477
3.203606
3.256459
3.129976
3.4053502
3.280892
3.5331867
3.1650338
3.4597135
3.003205
3.3002136
3.1738832
3.5478084
3.2779906
3.6473293
3.046732
3.7451434
3.2526755
3.577582
3.0727744
2.9491065
3.168307
3.4069955
3.07014
3.2690506
3.6042483
3.201022
2.9982817
3.353
3.0716178
3.7675402
3.3319995
3.8342314
3.911007
3.259907
3.5746505
3.881153
3.0942335
3.560268
3.2429876
3.422777
3.1261885
2.81295
2.8330867
2.872462
3.2384892
3.0063539
3.275923
3.402071
3.2886136
2.7049794
3.0342164
2.961597
2.877727
3.0001588
3.0654974
3.03683
3.1669664
3.0885026
3.125723
3.2919064
3.063503
3.2578366
2.6877644
2.73731
3.1406562
2.7915676
3.0937538
3.5081327
2.787229
3.2922158
3.011085
2.7483563
2.996683
3.0700388
3.1827729
2.7867765
2.633549
3.2160158
3.050103
2.7813802
3.4129665
2.9000125
2.671568
2.9617193
2.8264284
2.622592
2.7492676
2.8338828
2.7112632
2.4372194
2.9573436
2.5121424
2.4530864
2.883405
2.6328535
2.7798626
2.944122
2.589308
2.6275208
2.4412792
2.6212068
2.7060385
2.5036318
2.5681303
2.5181687
2.4684567
2.4838555
2.5576656
2.5457222
2.365093
2.4759202
2.4784305
2.434384
2.260827
2.368556
2.5826921
2.467687
2.37393
2.8520966
2.4485285
2.274055
2.4988403
2.5264516
2.4985015
2.6493318
2.6796765
2.3008974
2.2882848
2.4987938
2.237524
2.352029
2.251731
2.4111018
2.2556806
2.1461022
2.227123
2.2774146
2.2891257
2.147116
2.2218504
2.2117696
2.3461587
2.1470535
2.2091079
2.2886455
2.1363826
2.2700129
2.1988733
2.143705
2.1621284
2.155491
2.0472834
2.1721988
2.075516
2.2048116
2.1389096
1.9850978
2.127234
2.1239724
2.0882428
2.0234263
2.1424515
2.01581
2.0724292
2.0518744
2.0134358
2.0874877
2.1050036
2.1260948
2.0494864
2.0733385
2.0644195
1.9816912
2.0642
2.071538
2.0702925
2.0196004
2.0198617
2.1519625
2.0362926
2.030758
2.0188682
2.0772004
2.011697
2.0314515
1.9396266
2.0069442
2.0045347
2.0250995
2.1891904
1.9580945
2.0367012
2.0084393
1.9445626
1.8837582
1.838795
2.090528
2.1290805
2.1098826
1.9242404
1.967582
1.9810647
1.9005985
1.9507173
2.0472896
2.066691
1.8590425
1.9524925
1.9502587
1.8582288
1.8587755
1.9055305
1.8772137
2.0058892
2.015821
2.0090983
1.8911961
1.8852767
1.9958377
2.0910177
1.8625187
1.9374565
2.0604348
1.928446
1.887991
2.0789514
1.9020697
1.8014187
1.9189562
1.9219772
1.9499242
1.846198
1.8915945
1.8450766
1.9485775
1.8269836
1.8974862
1.8213098
1.8919731
1.8117007
1.8859185
1.8836741
1.8358083
1.9726673
1.7851872
1.8729134
1.803004
1.9277003
1.777792
1.8920528
2.0968337
1.8453093
1.8846959
1.973949
1.8709766
1.7982247
1.8708653
1.9720333
1.8918005
1.8023114
1.822371
1.74692
1.8372401
1.759536
1.7687045
1.7669078
1.8036369
1.8782698
1.8824916
1.828941
1.6917943
1.8179911
1.7958572
1.7486126
1.8014119
1.7974871
1.844436
1.7758504
1.9257705
1.8199308
1.8328092
1.7359958
1.8351293
1.8606186
1.8236473
1.8220463
1.8030428
1.7318398
1.7865392
1.8729213
1.8077456
1.8091867
1.7207853
1.6956155
1.7311823
1.709209
1.7151065
1.7236849
1.6955595
1.7553717
1.7527307
1.7880768
1.8094325
1.675814
1.759944
1.6961483
1.8205115
1.7385608
1.8432941
1.6849767
1.6347243
1.9142675
1.7883083
1.6926858
1.7506243
1.7272874
1.7434038
1.7378248
1.6444777
1.7101462
1.734728
1.7900504
1.8101248
1.6855438
1.7722961
1.7513223
1.7089177
1.7658027
1.7362057
1.6610417
1.8115677
1.8408023
1.6820773
1.890143
1.7067896
1.68016
1.8225659
1.7859588
1.8240472
1.8711993
1.8634348
1.763275
1.6841742
1.794639
1.8065277
1.8499825
1.811118
1.8278383
1.7301849
1.7419184
1.8127885
1.7858803
1.6523077
1.6858939
1.7774912
1.7632582
1.7161193
1.7817997
1.7032528
1.771822
1.6910595
1.7399881
1.8671815
1.6724933
1.7489642
1.6919962
1.708425
1.7356685
1.7499928
1.7020247
1.6376045
1.6434479
1.7314982
1.6439592
1.7180982
1.7706276
1.7776753
1.7165605
1.7858411
1.7554883
1.8381546
1.6173247
1.8483995
1.683643
1.8669002
1.8318592
1.6135405
1.9687487
1.7786984
1.6705089
1.9060981
1.7556072
1.7525046
1.6567072
1.7516295
1.7507602
1.7053133
1.6422563
1.7561243
1.842061
1.7125735
1.765244
1.7117686
1.9357655
1.636586
1.7693921
1.6927017
1.6552435
1.7404412
1.7738832
1.773926
1.7649138
1.8234348
1.7195592
1.7144402
1.7931037
1.6744982
1.7371268
1.7318708
1.7188885
1.6695418
1.7450873
1.7079083
1.6296538
1.6658765
1.6417228
1.6200105
1.6782386
1.6935955
1.7159247
1.6306281
1.7258555
1.7141118
1.6330175
1.6048136
1.6241016
1.5880595
1.5814997
1.6409066
1.6095363
1.6793667
1.7260908
1.6830478
1.715782
1.6677234
1.6482131
1.6070763
1.6580726
1.6080445
1.64265
1.6541222
1.661197
1.6448418
1.5862045
1.7609253
1.6441815
1.6723499
1.654356
1.6683031
1.7120255
1.6127248
1.6143955
1.7492073
1.707254
1.7255859
1.7206634
1.7374238
1.716553
1.6016188
1.9036505
1.724462
1.6656325
1.9649574
1.6220044
1.8826815
1.8547139
1.8240635
1.8912469
1.835866
1.8531293
1.904823
1.8220718
1.8891252
1.7532784
1.7878687
1.6450456
1.7492479
1.8253182
1.6343257
1.6804825
1.688697
1.7492592
1.7171818
1.7303172
1.6669294
1.7336665
1.6998162
1.6644068
1.7778051
1.6651572
1.6523566
1.6823043
1.7379265
1.6133904
1.8419185
1.8167343
1.6116467
1.6520603
1.698817
1.6996073
1.6505599
1.7869477
1.64949
1.7246115
1.6948119
1.7648023
1.6372917
1.6206901
1.6074933
1.6471531
1.6517965
1.6823665
1.6430266
1.5775872
1.5967917
1.6268003
1.622888
1.5833207
1.5758407
1.614153
1.6524953
1.6765833
1.6910133
1.6228392
1.6492467
1.6809422
1.674101
1.5640928
1.6759241
1.642989
1.6685202
1.5874665
1.624517
1.787557
1.6039892
1.6814584
1.6680044
1.6549842
1.7813373
1.5996765
1.5539404
1.5745647
1.6012868
1.6276714
1.5929078
1.6693398
1.619137
1.6652622
1.6587846
1.5679404
1.635349
1.6775254
1.6052737
1.620149
1.8285874
1.6128068
1.6744508
1.7709967
1.7745925
1.5975486
1.6868887
1.9172248
1.738924
1.6537411
1.62446
1.7517197
1.9540894
1.7201295
1.6990998
1.7709879
1.5950873
1.6821762
1.606047
1.6353242
1.6503546
1.6050711
1.6666743
1.598381
1.7061695
1.8410671
1.5860525
1.5749372
1.6506358
1.8049872
1.6695617
1.5586612
1.686923
1.8580465
1.6719677
1.644721
1.7710115
1.8196996
1.6727219
1.6329819
1.709348
2.030089
1.7314945
1.6546807
1.7693423
1.9162645
1.8237913
1.6430748
1.6673497
1.9163085
1.6714092
1.6402928
1.8079222
1.6311446
1.7115867
1.7973925
1.6825925
1.753953
1.6352366
1.5991368
1.8039937
1.7987272
1.7050765
1.606294
1.6548536
1.6816278
1.7701018
1.8240128
1.6692553
1.6777037
1.679589
1.8489157
1.6328135
1.5873448
1.883373
1.8908799
1.5773356
1.7765418
1.6980221
1.7259564
1.6705047
1.7614149
1.6253575
1.613023
1.8158641
1.6595706
1.6418262
1.6147484
1.6045496
1.6074959
1.625605
1.7292383
1.5925382
1.5940549
1.6681321
1.6531987
1.7454587
1.6901779
1.5512927
1.6263645
1.619981
1.666124
1.6827664
1.6364889
1.7099992
1.9186257
1.7624512
1.600212
1.7316232
1.646614
1.6100909
1.7004782
1.6699305
1.6339643
1.6326138
1.5825652
1.7675514
1.5609868
1.7651008
1.570328
1.5410732
1.647445
1.6206603
1.6795956
1.668834
1.6503178
1.602342
1.5932863
1.5971087
1.5349263
1.6414725
1.6378092
1.6568421
1.6044627
1.6909852
1.6084435
1.5805274
1.5958132
1.584437
1.6459062
1.5558301
1.6052452
1.6267656
1.6209737
1.6365027
1.6481225
1.6383778
1.7043275
1.7097573
1.6290175
1.8119125
1.6374025
1.6524817
1.7433878
1.629424
1.6845478
1.5999365
1.6449609
1.7176353
1.6104287
1.642235
1.6089665
1.7236712
1.613289
1.6687038
1.6735045
1.583862
1.6193693
1.6210318
1.6624072
1.6007255
1.6041663
1.5605955
1.5837231
1.6634235
1.5625196
1.619782
1.5612098
1.5758331
1.5487534
1.5648738
1.57869
1.580507
1.5500199
1.7189387
1.5505522
1.61893
1.6585984
1.5723329
1.561631
1.583551
1.6500155
1.5828228
1.5321537
1.637778
1.593538
1.6632546
1.6404873
1.5864663
1.814794
1.7347054
1.6583208
1.602479
1.5418369
1.7673156
1.6947482
1.707441
1.6756172
1.6774558
1.8243159
1.6474172
1.7419082
1.7202219
1.6927375
1.6507947
1.6997441
1.6060585
1.7202209
1.7418259
1.6435715
1.7097334
1.6084248
1.6970657
1.7171028
1.820743
1.7887207
1.7583905
1.8792363
1.7194015
1.8412575
1.9256406
1.7777945
1.7783432
1.7475765
1.785705
1.6149857
1.7585214
1.7474502
1.6427748
1.6660815
1.63827
1.646032
1.7958072
1.6341908
1.5863962
1.6658872
1.6152775
1.6396376
1.6559229
1.6315395
1.6271952
1.6105818
1.5645747
1.6758653
1.5922431
1.6607363
1.5760493
1.5851377
1.5641837
1.620239
1.6730483
1.6486282
1.6350555
1.658088
1.6207298
1.6396278
1.6530584
1.5760825
1.6093261
1.6112052
1.5670506
1.5562787
1.5564787
1.5836953
1.572927
1.6211622
1.6067085
1.5779847
1.603417
1.6442922
1.6540983
1.5440716
1.606923
1.5359005
1.5976957
1.6392777
1.6357725
1.5965347
1.5757022
1.6258541
1.603969
1.6309073
1.5634556
1.6625013
1.7030792
1.5680083
1.5885388
1.6232597
1.6980182
1.5497308
1.5749274
1.6963602
1.6334662
1.6334077
1.5441353
1.5998461
1.5586908
1.6986945
1.5860255
1.586368
1.5909759
1.5906832
1.5691546
1.5715628
1.6215845
1.5772965
1.5717968
1.624876
1.5920599
1.651926
1.601458
1.5872494
1.6601716
1.5599393
1.6260532
1.5697732
1.5407186
1.5470512
1.5807992
1.6453725
1.570803
1.5984896
1.5872947
1.6910013
1.5892495
1.563339
1.559977
1.598857
1.6144197
1.5964605
1.6616621
1.5785812
1.5969392
1.6374907
1.657229
1.536805
1.6059519
1.5944415
1.6021852
1.5580282
1.5603833
1.5922213
1.5493509
1.5522063
1.5469377
1.5439541
1.6061007
1.6018018
1.5575777
1.556174
1.5346303
1.578574
1.5387145
1.5341387
1.563079
1.5597563
1.519607
1.5533891
1.589971
1.5834485
1.5325265
1.537014
1.6598859
1.580512
1.5744886
1.5476295
1.5924102
1.5670682
1.5989541
1.5240679
1.5425843
1.6836299
1.6484783
1.6803327
1.5390117
1.6487252
1.5194356
1.5991888
1.5630683
1.6329855
1.5670577
1.5946622
1.6746455
1.5566167
1.6033095
1.6917957
1.5576079
1.5791675
1.528309
1.612481
1.5607188
1.6435243
1.5502675
1.540936
1.6164513
1.6106807
1.6239462
1.6005337
1.591098
1.6428297
1.6111405
1.6114964
1.6547908
1.6370047
1.5462201
1.626512
1.5708227
1.5982393
1.5712905
1.6124536
1.6284146
1.566545
1.6255683
1.5615063
1.6624905
1.7175807
1.5734752
1.6276366
1.5335239
1.6164268
1.570306
1.6922448
1.5229284
1.5997198
1.6464026
1.5605863
1.5612904
1.6158518
1.6125468
1.5850935
1.6695478
1.6001167
1.556471
1.583088
1.5596747
1.5470142
1.5605958
1.573263
1.6404006
1.5981902
1.5989485
1.6327227
1.5893519
1.595894
1.5173725
1.6498177
1.5934535
1.5813795
1.6961882
1.6345094
1.6304384
1.6045046
1.5311669
1.5602721
1.5530466
1.6268462
1.6049107
1.5518975
1.5740236
1.7351172
1.6558596
1.5902686
1.6504905
1.6112772
1.6202865
1.540091
1.6078508
1.555201
1.6164727
1.603323
1.5550313
1.6487323
1.5654665
1.6028095
1.6018575
1.5567677
1.6011925
1.6642873
1.5979133
1.5658885
1.6299046
1.707047
1.5752255
1.5679345
1.60805
1.7158846
1.8436288
1.6812297
1.66347
1.695828
1.697691
1.5615817
1.6663259
1.6123136
1.5881357
1.7069212
1.5841926
1.7439424
1.6496419
1.6794881
1.6281856
1.6901835
1.6693302
1.6181672
1.7238863
1.6613039
1.7316326
1.7198718
1.5778983
1.6101778
1.7303134
1.7688855
1.554022
1.7194448
1.7119308
1.6094152
1.6598713
1.5517608
1.6794212
1.6812367
1.614305
1.6674061
1.6187392
1.602129
1.5884545
1.5779543
1.6816005
1.7104515
1.539422
1.6357
1.7241465
1.6203895
1.6965538
1.5753073
1.6436145
1.657698
1.6944175
1.5832677
1.6833435
1.6918036
1.5444827
1.6442508
1.642376
1.5987245
1.6662682
1.5488037
1.7036034
1.7291682
1.6896387
1.5262982
1.5725708
1.5541141
1.5972135
1.608858
1.5903518
1.6955795
1.5702208
1.676585
1.5591958
1.5946594
1.6092199
1.5755887
1.556673
1.5854685
1.6267848
1.5930977
1.5959604
1.6346527
1.568212
1.5534723
1.5260208
1.6102434
1.6764387
1.606369
1.5345594
1.7798557
1.720727
1.5642346
1.7114012
1.7050111
1.6383737
1.6579785
1.6356543
1.5953474
1.6252784
1.6920781
1.5422742
1.7427827
1.6086768
1.7409885
1.7018576
1.598067
1.7292825
1.6647725
1.7240963
1.7683073
1.555866
1.5318202
1.5822895
1.6164433
1.7161572
1.7806152
1.6322669
1.5578082
1.5699906
1.7357336
1.605089
1.5987414
1.6159657
1.5671978
1.5555543
1.6133364
1.6452535
1.6881305
1.7014017
1.6196413
1.7034117
1.6513662
1.5655234
1.5918083
1.6938739
1.5359664
1.6713225
1.63958
1.7636544
1.6068714
1.595799
1.668502
1.6578432
1.6979272
1.5881975
1.5577729
1.8014833
1.6894263
1.5717312
1.5725473
1.5626303
1.6547482
1.663967
1.612803
1.6633935
1.6637539
1.6114842
1.6444116
1.6948192
1.7563555
1.8052603
1.5597246
1.6121273
1.7377677
1.7923647
1.5535375
1.5277143
1.5640099
1.7414815
1.6690435
1.5684215
1.6078777
1.5915507
1.6528054
1.6197251
1.5965354
1.6381767
1.5899018
1.5870405
1.6279893
1.6356382
1.6333894
1.6353388
1.7190492
1.6151012
1.5511553
1.5555139
1.6020567
1.6861362
1.5808744
1.548744
1.5494552
1.6411313
1.556623
1.717181
1.5939271
1.5458872
1.5385766
1.628456
1.7032512
1.5959557
1.6398095
1.5446895
1.7889615
1.5694326
1.5348837
1.7062023
1.7460507
1.6346387
1.7121984
1.5315886
1.6985602
1.7334832
1.876065
1.6267737
1.6004945
1.8302294
1.8928537
1.6953305
1.569341
1.6656592
1.5991467
1.6398067
1.6143857
1.6415871
1.5948845
1.617117
1.583699
1.642945
1.6767905
1.6251115
1.6181194
1.6095767
1.6029651
1.5469826
1.5975566
1.6601121
1.6473362
1.663254
1.5994266
1.57653
1.5712538
1.5899652
1.625308
1.6633317
1.5914748
1.6503077
1.5905398
1.5477757
1.6463563
1.675171
1.5917225
1.5808604
1.6903298
1.6061215
1.6145078
1.5448201
1.5816387
1.6955072
1.6459895
1.6107165
1.5382525
1.6606908
1.770546
1.636043
1.6725056
1.6632745
1.6185337
1.641282
1.6488963
1.5529578
1.6704162
1.6279966
1.687305
1.6467705
1.5569271
1.6378658
1.6449399
1.619849
1.6480486
1.555652
1.645976
1.6182169
1.6671085
1.640844
1.5733583
1.6744885
1.7060769
1.5985895
1.5522233
1.6870778
1.581337
1.5613009
1.5919704
1.6057316
1.5703982
1.5670412
1.6047432
1.783515
1.6096456
1.6335231
1.6824043
1.6176037
1.772695
1.6851572
1.624161
1.549074
1.6563845
1.6339673
1.7196754
1.5509905
1.6196344
1.5836626
1.5895027
1.577445
1.6341136
1.6016358
1.6485465
1.57722
1.5733925
1.5616124
1.6238457
1.6311759
1.6319083
1.5509961
1.5913763
1.5967798
1.6306088
1.5623742
1.515279
1.5826669
1.6325083
1.6099585
1.5912634
1.5657194
1.5897256
1.6489178
1.5849447
1.6118265
1.6617987
1.5824639
1.6065552
1.5873114
1.5667207
1.5754542
1.6558496
1.6542013
1.5444623
1.6581135
1.6288795
1.5984846
1.604431
1.5363584
1.575371
1.5690659
1.5582639
1.5664735
1.5771078
1.6353997
1.7386595
1.5728263
1.5499372
1.6812245
1.6014977
1.6717498
1.5337422
1.563702
1.6221037
1.5736967
1.644988
1.8156133
1.6689297
1.5850016
1.6105237
1.7016792
1.7468667
1.6047345
1.5813718
1.6042037
1.6613462
1.5625792
1.5574965
1.5713656
1.5850643
1.6988617
1.5808218
1.6061499
1.5415605
1.6567705
1.5482489
1.6019485
1.5850472
1.559545
1.5806521
1.5626652
1.5954165
1.5743889
1.5958313
1.5352497
1.5538973
1.5693821
1.6602125
1.5593257
1.575634
1.5461053
1.5669962
1.5844562
1.5575811
1.5543377
1.5744095
1.5388157
1.541735
1.5923828
1.5914805
1.5614085
1.6285199
1.5596272
1.604074
1.5168254
1.5867432
1.5594746
1.5816724
1.565542
1.5458221
1.5937712
1.5784926
1.5705576
1.6872965
1.556291
1.5354826
1.5378841
1.5952709
1.6072383
1.6179615
1.6272763
1.5901729
1.628183
1.610266
1.5422059
1.5463963
1.6063999
1.5868388
1.5999727
1.6457282
1.7077136
1.5862422
1.551872
1.6018697
1.6316025
1.5776645
1.593524
1.5904765
1.529125
1.6628348
1.5234559
1.5959941
1.6023018
1.5408831
1.5824168
1.6354989
1.6309115
1.590595
1.6130337
1.5762497
1.550061
1.5466057
1.6337887
1.5242163
1.61031
1.6142288
1.6360757
1.6117663
1.5916429
1.5512693
1.5406562
1.6438495
1.6288425
1.6557139
1.6820918
1.7283226
1.5613328
1.6527886
1.540236
1.6073427
1.7075245
1.60289
1.624942
1.5600013
1.6079092
1.6273462
1.5805577
1.5910945
1.5323883
1.5187421
1.527749
1.6031893
1.5787457
1.550357
1.559816
1.5615133
1.5491543
1.5924025
1.5865412
1.6113095
1.5277275
1.6147332
1.593588
1.6056583
1.74117
1.6923382
1.6058588
1.5685513
1.6706587
1.849044
1.6350957
1.687809
1.5920738
1.5935491
1.711843
1.6541042
1.6302192
1.6538755
1.6650995
1.5845355
1.5499265
1.622859
1.7353896
1.7339101
1.6459554
1.6092052
1.6036625
1.6114209
1.7229995
1.5897883
1.686381
1.6368835
1.6496488
1.5727924
1.5808327
1.6057342
1.7502995
1.735401
1.5637357
1.5334762
1.5503109
1.6192085
1.6234212
1.6108499
1.6490465
1.6844968
1.5896767
1.5884728
1.6548587
1.5622475
1.5613818
1.5715855
1.5806007
1.6013697
1.5643632
1.5353302
1.5619105
1.6384041
1.6237102
1.5669707
1.5922518
1.619532
1.563239
1.6804079
1.614
1.7038847
1.5370997
1.597727
1.6433792
1.6583587
1.708578
1.5384554
1.5399293
1.6785251
1.664043
1.5567873
1.5346965
1.5439367
1.6612967
1.6902936
1.7886895
1.5753679
1.5378672
1.5769355
1.7825365
1.6963049
1.5844275
1.5893507
1.5838227
1.7446582
1.7025412
1.6062448
1.5534885
1.6308197
1.6230179
1.6375308
1.6178187
1.5910813
1.6096528
1.5922805
1.6708257
1.5594555
1.594427
1.561435
1.6043843
1.5723852
1.6081432
1.6093632
1.6636429
1.6736
1.5967
1.6086615
1.5477824
1.6196318
1.562096
1.5765771
1.5553617
1.5981143
1.6318904
1.705269
1.6620454
1.5806166
1.5773432
1.6158577
1.5315566
1.6628472
1.6005415
1.6689973
1.6084198
1.5792377
1.6705068
1.8098611
1.5911971
1.6476293
1.559441
1.646536
1.6187618
1.62892
1.585953
1.582273
1.5920404
1.6093935
1.6262672
1.5935365
1.7506359
1.634694
1.5575423
1.536959
1.775519
1.626027
1.7082355
1.5769662
1.6319638
1.6177871
1.5529424
1.587261
1.6072042
1.6727335
1.6887985
1.634786
1.6558262
1.6093726
1.5772007
1.6788695
1.6233232
1.6737047
1.6961327
1.6498563
1.5643075
1.6605687
1.5696425
1.5744665
1.594256
1.5541285
1.6372143
1.5754517
1.5310241
1.5676857
1.5226754
1.552643
1.6186007
1.611732
1.5810459
1.5297972
1.549643
1.576594
1.5661037
1.5814217
1.6255578
1.6503595
1.5310596
1.5655577
1.5431862
1.6019437
1.5728576
1.6228871
1.5690541
1.5197837
1.6790886
1.5693188
1.528275
1.5858017
1.5321628
1.5410702
1.5587927
1.5366558
1.5235373
1.5438321
1.6190761
1.5294249
1.5425426
1.5192847
1.5860478
1.561736
1.533351
1.630711
1.5481521
1.5386592
1.5557083
1.6177485
1.5454621
1.5173588
1.5413613
1.551517
1.5587747
1.6196842
1.6046298
1.6115991
1.5646379
1.7123926
1.5657252
1.5873425
1.5469472
1.5708753
1.5887749
1.6485404
1.5373496
1.517648
1.5930775
1.5985914
1.5620248
1.6284451
1.5968174
1.6109548
1.5515245
1.5277939
1.8306109
1.6371851
1.5618753
1.606329
1.737582
1.5914658
1.7005548
1.5809696
1.6072195
1.619641
1.8184791
1.6376036
1.6005285
1.5260334
1.5573102
1.5441111
1.6668465
1.5472442
1.552702
1.5375375
1.5846875
1.65816
1.649864
1.5871121
1.5716137
1.7056051
1.5684073
1.5521808
1.5666122
1.5954419
1.519791
1.5481371
1.5683458
1.5471755
1.5789937
1.59276
1.6022965
1.6446078
1.585966
1.568495
1.5598288
1.5364244
1.5617572
1.5811738
1.5373584
1.6312851
1.5793742
1.5826626
1.5969919
1.5647926
1.6139742
1.5831952
1.6469691
1.5960398
1.6040696
1.5788327
1.5587505
1.562222
1.6121907
1.6728147
1.5893528
1.5566933
1.5613747
1.5470839
1.6168644
1.7362151
1.5841588
1.6070832
1.5271075
1.5790718
1.6600227
1.6512363
1.7368263
1.6628413
1.5589961
1.7549559
1.6750542
1.9303455
1.5692351
1.6016815
1.7266166
1.641154
1.7138469
1.58597
1.6034381
1.6291608
1.5583552
1.5411267
1.6291612
1.5747082
1.6286551
1.6013552
1.5762249
1.6186239
1.5672815
1.5719682
1.5541077
1.5609503
1.538744
1.6266919
1.69333
1.5286487
1.6223338
1.6603268
1.5794277
1.5686204
1.6370639
1.6763812
1.6141253
1.6119583
1.69708
1.6802478
1.5501505
1.5801958
1.603216
1.731171
1.5592415
1.5252142
1.5310937
1.5549682
1.6413867
1.5808072
1.518738
1.5419035
1.6231673
1.6083579
1.562451
1.6213264
1.5389192
1.6109989
1.6405598
1.5781952
1.6287912
1.6782205
1.760721
1.5167505
1.5895095
1.6077052
1.6427737
1.634759
1.6113638
1.5614598
1.5789478
1.5814493
1.7410825
1.5664041
1.6082692
1.5499067
1.6345621
1.53014
1.6459577
1.689797
1.6817157
1.64015
1.648325
1.647764
1.6165853
1.6231132
1.7516682
1.6132433
1.687128
1.6957915
1.7074174
1.931395
1.5732412
1.7078488
1.704287
1.7952731
1.6699228
1.6463566
1.5606562
1.6813105
1.7825397
1.6817068
1.5754517
1.560002
1.5995512
1.549533
1.641107
1.6443938
1.6261482
1.5462308
1.5384161
1.6144848
1.5650094
1.5325811
1.5952269
1.577154
1.5564364
1.6330109
1.5689043
1.6045399
1.5211707
1.558052
1.6808728
1.6525853
1.5435197
1.5731307
1.6062485
1.5596352
1.532521
1.5878801
1.561727
1.6489255
1.519695
1.5576303
1.5477465
1.569706
1.5935864
1.6362072
1.5238914
1.5289818
1.5601014
1.6723835
1.5951362
1.6093308
1.5807625
1.6310498
1.6225421
1.721262
1.6439385
1.6723542
1.6767054
1.5338153
1.5836217
1.5381511
1.5470573
1.6377696
1.6675515
1.6384825
1.6621859
1.5486304
1.5766059
1.6142545
1.6108124
1.594134
1.5919658
1.5380821
1.555909
1.5658218
1.5427562
1.5730234
1.6067938
1.5617118
1.659936
1.5846895
1.6692222
1.7053246
1.5437031
1.6102247
1.6550846
1.614798
1.5965859
1.5812835
1.585861
1.5610317
1.5746651
1.56311
1.6065763
1.5479665
1.54649
1.542702
1.5486112
1.6255645
1.7102726
1.5608395
1.572003
1.712577
1.7068107
1.6721369
1.6146129
1.608302
1.6292889
1.627153
1.6782099
1.610125
1.563594
1.6164974
1.6793997
1.6449993
1.665423
1.6729721
1.6264437
1.555402
1.583284
1.5663525
1.6185826
1.637493
1.6393677
1.5613407
1.5530913
1.6261355
1.6149775
1.5877765
1.5940826
1.6276308
1.5915765
1.5354656
1.566522
1.5752487
1.5433527
1.600486
1.5900308
1.594713
1.5426655
1.5465515
1.5677787
1.5676345
1.6008455
1.5503577
1.5809115
1.5701637
1.5718461
1.5811512
1.528021
1.5237167
1.5307469
1.54119
1.5954913
1.5466697
1.5728065
1.5441992
1.5963387
1.5182847
1.5277659
1.6148791
1.5831565
1.5993851
1.548702
1.5658857
1.5837878
1.6442779
1.5800647
1.5926162
1.574037
1.6334789
1.5525624
1.5519464
1.558096
1.6237848
1.6293397
1.6276833
1.6302093
1.5911874
1.6739795
1.9716783
1.7950861
1.5458572
1.6746153
1.9469455
1.7729878
1.7329153
1.6885172
1.6212205
1.5711305
1.85545
1.5640535
1.536926
1.654089
1.6039615
1.5618076
1.5414333
1.581296
1.572425
1.5986345
1.5491155
1.5529594
1.6432308
1.5747037
1.5262113
1.5760248
1.540488
1.6152934
1.6212088
1.5658439
1.5762446
1.599809
1.5582862
1.5941814
1.6899575
1.6483512
1.5880512
1.540112
1.5357957
1.5286312
1.5718591
1.5891551
1.6101943
1.5232335
1.5672442
1.559023
1.5626973
1.6024195
1.5789628
1.5941627
1.582002
1.5646653
1.5348607
1.5492302
1.6584024
1.6382649
1.5920652
1.5784253
1.559818
1.5990355
1.5930017
1.518433
1.5817447
1.618051
1.5855047
1.5314583
1.571785
1.5975225
1.6215985
1.5641197
1.514432
1.539328
1.6028553
1.5715215
1.5620745
1.59846
1.6252041
1.5585988
1.606145
1.5604258
1.5249927
1.6579826
1.5727105
1.6010842
1.5354093
1.5834477
1.5852717
1.6539222
1.5811355
1.5358672
1.6806806
1.6706904
1.7049283
1.6547992
1.6847337
1.5590885
1.5768291
1.7052091
1.7041106
1.5989633
1.567061
1.7051553
1.6422858
1.5617315
1.53621
1.5961337
1.615465
1.5812361
1.5656265
1.6087978
1.5527091
1.597006
1.5508552
1.6506733
1.6633452
1.7146082
1.6832262
1.6053355
1.573439
1.597336
1.6139939
1.7140154
1.6192223
1.6731985
1.700321
1.697089
1.6593512
1.533618
1.6558524
1.6152129
1.6711516
1.6306667
1.5551836
1.5708659
1.5256603
1.6258875
1.564198
1.5821997
1.5600418
1.6304085
1.5589182
1.5426824
1.653565
1.6418494
1.5295917
1.6614033
1.6179726
1.6210842
1.5304348
1.5454848
1.608073
1.5167861
1.5764916
1.5969968
1.6783084
1.5378661
1.5398457
1.5390345
1.6567525
1.5652658
1.5673971
1.6047336
1.6485422
1.632003
1.5694791
1.6204187
1.5215095
1.5704204
1.5886172
1.5629017
1.687698
1.5961863
1.5632325
1.5461875
1.541567
1.5874535
1.6822941
1.6015353
1.6130338
1.5350137
1.6424158
1.768807
1.668841
1.5817143
1.6019942
1.5494398
1.6209662
1.5821135
1.5600944
1.5414395
1.637933
1.6555847
1.5687077
1.5851815
1.5732874
1.5833919
1.5559142
1.5221483
1.5848001
1.573924
1.5191355
1.5668567
1.516018
1.5819085
1.6082945
1.5854807
1.57005
1.5302593
1.6567594
1.6677698
1.5188098
1.5432338
1.6299045
1.6123407
1.5957675
1.520581
1.593094
1.5657042
1.5624353
1.631572
1.6402107
1.6419623
1.5301437
1.6029167
1.6136042
1.5673208
1.5932337
1.6194283
1.6213106
1.5278573
1.5942552
1.558296
1.6091462
1.6120267
1.612453
1.6695985
1.5353935
1.6054254
1.694725
1.6324006
1.6203183
1.6260267
1.5985037
1.5867653
1.600024
1.5472627
1.6213154
1.5251253
1.5728116
1.5988313
1.5883224
1.6329892
1.5995523
1.581878
1.5816095
1.5627203
1.5772725
1.5580313
1.5585635
1.5139847
1.5641613
1.552616
1.5735644
1.5851235
1.6771455
1.5870165
1.520794
1.6738178
1.634604
1.5862745
1.6378092
1.5719912
1.586444
1.5663785
1.6251308
1.5909352
1.710065
1.607168
1.6118232
1.579505
1.5880022
1.5901606
1.5997344
1.5528195
1.5731637
1.6197125
1.5579106
1.5503687
1.600744
1.6084561
1.583664
1.6087837
1.526408
1.5697029
1.662217
1.558616
1.537396
1.5631093
1.5633717
1.582425
1.6181142
1.5728484
1.6173486
1.5760237
1.5256819
1.5724068
1.5806125
1.5999894
1.566719
1.5655391
1.5784447
1.5465013
1.6277
1.623237
1.6556957
1.5746605
1.5625663
1.5912031
1.5973433
1.665432
1.606259
1.6440265
1.6429856
1.5846717
1.546621
1.527614
1.6751145
1.6390481
1.6315558
1.550086
1.6301078
1.6473395
1.6226051
1.6642461
1.546919
1.5948173
1.5649265
1.6524128
1.5231537
1.5418073
1.5265524
1.5259117
1.6174405
1.609655
1.5621058
1.6390299
1.564717
1.5277573
1.5634751
1.5664324
1.5984195
1.5620612
1.5772747
1.5513217
1.6065223
1.5127363
1.5988755
1.5851815
1.5236715
1.599848
1.5447621
1.6030295
1.5216986
1.548363
1.6104735
1.5956494
1.5466928
1.5384523
1.5401137
1.588545
1.5482372
1.5796326
1.5840937
1.569801
1.6001416
1.5205792
1.6068307
1.6404078
1.5415598
1.5747427
1.6231353
1.5677487
1.736368
1.5571482
1.5665973
1.5424845
1.5890934
1.6589655
1.555214
1.548483
1.594561
1.644887
1.5490661
1.5280294
1.5912395
1.5967815
1.569457
1.6046157
1.6334585
1.6251209
1.555316
1.6000798
1.6186234
1.673872
1.6247717
1.609975
1.6782771
1.7541602
1.5698835
1.6921682
1.6207854
1.7014934
1.7564588
1.61719
1.634714
1.5538615
1.6794968
1.7091137
1.5686227
1.6375479
1.6452225
1.738355
1.5767144
1.5641477
1.5596393
1.547698
1.6149185
1.691296
1.6095842
1.6462685
1.5909966
1.5665847
1.6088457
1.7284409
1.6156554
1.5221349
1.6048685
1.541316
1.5484679
1.5681006
1.5876052
1.5854634
1.5595164
1.6200944
1.5377388
1.624729
1.5470514
1.549155
1.6201633
1.519042
1.6091895
1.529278
1.5507445
1.544308
1.6298487
1.5522945
1.5538993
1.5149915
1.5417365
1.5519655
1.5456561
1.5592961
1.5510097
1.6090937
1.604085
1.5549086
1.555297
1.5341134
1.5720218
1.607977
1.5622311
1.529709
1.645042
1.5817335
1.5616177
1.5263451
1.6322665
1.5600432
1.5660015
1.6005498
1.5203617
1.5624481
1.5512354
1.5755944
1.5593427
1.5997282
1.5152072
1.7256055
1.5635442
1.5127658
1.5730911
1.554806
1.6229937
1.6132232
1.6213745
1.5591274
1.6964427
1.5736343
1.5867198
1.8820502
1.7631923
1.5487963
1.5570139
1.7112912
1.5917324
1.6403867
1.6344908
1.6002434
1.5825207
1.6529475
1.6447995
1.8746831
1.6105403
1.5243405
1.6390471
1.585364
1.7970607
1.6363986
1.5818862
1.5947822
1.550598
1.5916463
1.6935396
1.6021392
1.6294657
1.54333
1.554548
1.5805807
1.7235445
1.6529098
1.6249957
1.5806503
1.5552608
1.569857
1.6428661
1.6606275
1.6460195
1.5765687
1.6965368
1.6030297
1.6416409
1.6529275
1.5851324
1.5728573
1.6609025
1.6847183
1.6252972
1.5960265
1.6652652
1.6442332
1.6180723
1.6077727
1.5588925
1.7163192
1.566361
1.5934345
1.5326525
1.5764403
1.6316509
1.544644
1.6766533
1.5932562
1.5620648
1.592041
1.6646255
1.6450461
1.5438617
1.5830343
1.6158144
1.5749905
1.6519885
1.5278801
1.6184161
1.6001915
1.7104508
1.6526886
1.6283557
1.5632313
1.52952
1.5886233
1.5997503
1.534854
1.5471375
1.592764
1.532285
1.6003476
1.5362235
1.5711918
1.657729
1.5160017
1.5621959
1.6245174
1.581347
1.5442065
1.5833147
1.5608402
1.5393102
1.616568
1.607174
1.5937879
1.5438195
1.5549706
1.5652642
1.5290201
1.6101727
1.5663567
1.5464008
1.6008657
1.6005143
1.594062
1.80649
1.5593348
1.6023867
1.5483705
1.5843142
1.5795143
1.6420857
1.7090435
1.6375052
1.537346
1.622179
1.5717164
1.6388558
1.5642611
1.6507071
1.554335
1.7392832
1.5718342
1.6283545
1.6254889
1.5483608
1.553602
1.5712527
1.614758
1.6178414
1.5506921
1.5585958
1.5746802
1.5429417
1.6447806
1.5404812
1.5810666
1.5682124
1.5841702
1.6199689
1.5488825
1.5318475
1.5499022
1.5608343
1.5597683
1.5273045
1.6029838
1.523116
1.5660928
1.5790534
1.5540336
1.6347883
1.5276957
1.6801672
1.526425
1.5825442
1.571418
1.5461884
1.6504327
1.6387007
1.5418853
1.597915
1.7701592
1.7177315
1.5768253
1.531374
1.7084575
1.5807798
1.5935096
1.7772543
1.520227
1.5926034
1.5837725
1.658949
1.5720043
1.5634737
1.569675
1.5450797
1.5698847
1.5449787
1.5649687
1.5421423
1.6227815
1.5713365
1.5193009
1.5155061
1.526348
1.5806217
1.5543417
1.5633552
1.5560515
1.5497547
1.577162
1.5620732
1.5489105
1.5460124
1.526037
1.6107483
1.552863
1.5490226
1.613937
1.5688335
1.6410288
1.5328499
1.5176351
1.6108295
1.5844477
1.596457
1.6122987
1.6209878
1.5894322
1.6897204
1.6060488
1.5863445
1.5456642
1.6531123
1.6972978
1.7541121
1.8372504
1.712757
1.5721685
1.602502
1.6529166
1.6230657
1.6004628
1.6657542
1.5683191
1.7371064
1.7799318
1.7140546
1.6261498
1.6634955
1.6054553
1.7553418
1.5862448
1.5386326
1.5569677
1.669187
1.5896904
1.627849
1.613186
1.5637668
1.6637672
1.6333181
1.6009918
1.5891476
1.6097136
1.5848368
1.6428854
1.6073253
1.6079828
1.6469152
1.5607077
1.645997
1.5781705
1.5225087
1.5591345
1.5533117
1.7178462
1.5523452
1.6717324
1.5612669
1.54121
1.6363177
1.54136
1.5654982
1.5814183
1.5679003
1.561617
1.577005
1.5229756
1.5564623
1.6249098
1.5290146
1.5254033
1.5549967
1.5854393
1.562053
1.562629
1.5625889
1.5431546
1.5741936
1.555543
1.5623701
1.5184305
1.5818075
1.546161
1.5584712
1.5636698
1.5285869
1.6391655
1.5675284
1.7038872
1.5642883
1.5365264
1.6104742
1.5963061
1.5257478
1.5132015
1.5748184
1.5384212
1.5285633
1.5774163
1.5498832
1.5686446
1.5166057
1.5575868
1.6550659
1.5994698
1.5749528
1.513583
1.5581617
1.6254753
1.590117
1.5721469
1.5577322
1.5491909
1.5280771
1.5256845
1.5966239
1.6013068
1.587265
1.5928514
1.5633667
1.570043
1.5846186
1.6314863
1.5742474
1.7333966
1.6085182
1.6444756
1.5329913
1.654189
1.598731
1.6052835
1.6120354
1.5909121
1.6002735
1.5396233
1.6575261
1.5475422
1.5487525
1.5447195
1.5239304
1.5984479
1.5614783
1.5309998
1.5330358
1.5521669
1.5517927
1.550638
1.607434
1.5205414
1.5429878
1.5284487
1.5494988
1.5519711
1.5536133
1.5473185
1.5173337
1.5535493
1.5090092
1.5502235
1.5229259
1.5921848
1.5822817
1.6557472
1.5477285
1.5638945
1.5510147
1.52831
1.5658786
1.5578129
1.6300745
1.630951
1.5977693
1.5377313
1.5260994
1.559006
1.5376375
1.5134506
1.5487905
1.6552093
1.5283314
1.5295663
1.5231119
1.6052117
1.5553635
1.6004533
1.6075393
1.6210716
1.5395925
1.562002
1.5712821
1.6190276
1.5761309
1.5779725
1.5640302
1.52952
1.6301885
1.5642017
1.581416
1.5727705
1.6564486
1.5501157
1.5880185
1.6630554
1.5945588
1.567474
1.6106483
1.6092937
1.627311
1.6010714
1.5202488
1.5411032
1.6069973
1.6117551
1.5372767
1.6056712
1.5534637
1.6154596
1.5979277
1.556038
1.604685
1.5931405
1.5502206
1.5272176
1.5233876
1.5237645
1.6374836
1.5306485
1.5500774
1.554853
1.6577739
1.512537
1.5427842
1.6280676
1.6428193
1.5703998
1.5318803
1.5696863
1.5975195
1.6020098
1.5197113
1.5689116
1.6270977
1.5258727
1.5621548
1.6969533
1.5705533
1.5704916
1.5738405
1.5259035
1.5315537
1.6043406
1.6164861
1.702993
1.5419732
1.5563738
1.5252597
1.59331
1.5509605
1.5733203
1.545017
1.5176672
1.5138952
1.5548184
1.5655903
1.5431331
1.5869994
1.6275953
1.540386
1.5947338
1.581809
1.5719194
1.637504
1.562333
1.5339373
1.5793622
1.6044255
1.5917904
1.5717562
1.5951595
1.5758272
1.5706755
1.5980395
1.6559141
1.6054987
1.56195
1.6012537
1.5921917
1.5461673
1.5412567
1.5949012
1.5691836
1.5715674
1.5279295
1.587464
1.6102602
1.5369638
1.5614253
1.5139778
1.5734072
1.5170867
1.5375715
1.5141582
1.5278968
1.6203105
1.5560071
1.6848625
1.5357451
1.6010083
1.6734234
1.5504385
1.6194602
1.561757
1.606751
1.6181493
1.559026
1.6022602
1.595352
1.6559325
1.630019
1.6265445
1.543304
1.5729856
1.6189564
1.6521182
1.5857295
1.6666697
1.7768
1.6073083
1.6033525
1.5758313
1.6278893
1.7166731
1.588565
1.6220613
1.6039678
1.5913435
1.5522248
1.6071433
1.5819912
1.6975315
1.6393677
1.6140234
1.5623683
1.7577893
1.6487578
1.6171064
1.5807707
1.5180882
1.5796671
1.5473458
1.6023986
1.6672635
1.6029115
1.5958593
1.5836605
1.5762738
1.5973711
1.5373945
1.6209134
1.6572487
1.5712408
1.5909317
1.5357426
1.6356449
1.585178
1.5627673
1.6271743
1.5896045
1.5527128
1.5790678
1.5201215
1.6515504
1.5951703
1.523213
1.5627772
1.5967232
1.5542414
1.6198815
1.5733593
1.5400487
1.5693545
1.5916439
1.6168926
1.585192
1.5428104
1.5894396
1.5399605
1.5471675
1.7039624
1.5952183
1.5992057
1.5356047
1.7516547
1.6460112
1.7502432
1.5587127
1.7223611
1.5396265
1.5362573
1.6540678
1.6234345
1.6700908
1.6003633
1.651656
1.6160159
1.595019
1.5630482
1.6185559
1.6242583
1.6033312
1.609803
1.5610384
1.5822978
1.537807
1.5853857
1.5525881
1.5523051
1.619433
1.746259
1.7119807
1.5471555
1.6024464
1.6308992
1.5904888
1.6399815
1.6331682
1.532668
1.5772673
1.6386669
1.5965525
1.6025199
1.6080185
1.5668485
1.5414534
1.6446608
1.6031687
1.7329503
1.6183826
1.5546693
1.5479628
1.7350006
1.793232
1.6005638
1.5488563
1.594422
1.7059858
1.6298758
1.6736528
1.6206704
1.6190143
1.5392236
1.5990833
1.6224318
1.5592927
1.6059008
1.5423114
1.5491338
1.543517
1.5320103
1.6138887
1.596652
1.515703
1.5205102
1.567111
1.5805049
1.5835712
1.5551833
1.5468285
1.5952096
1.5486033
1.5830933
1.604947
1.5477529
1.5578959
1.5348028
1.5559068
1.6433781
1.5323397
1.587468
1.5387642
1.5698088
1.6628987
1.5496622
1.5618477
1.5763627
1.530848
1.5171697
1.5211664
1.5730783
1.6640768
1.5335832
1.5288532
1.5358095
1.6906772
1.5721092
1.6521455
1.549003
1.5572352
1.5296342
1.5639844
1.535255
1.5596863
1.624265
1.5822572
1.5136592
1.560201
1.5589534
1.5503112
1.5928197
1.6839215
1.5189344
1.6040114
1.5742445
1.524608
1.6185974
1.583422
1.5330982
1.6167753
1.6373682
1.576618
1.5778488
1.5810447
1.6713262
1.5347208
1.5724173
1.5614195
1.5274342
1.617133
1.5461698
1.5738398
1.5940977
1.5642233
1.5704575
1.6175493
1.5784855
1.5873663
1.643947
1.6036029
1.5460516
1.557975
1.585466
1.6382813
1.5456964
1.533163
1.57281
1.5305003
1.5992619
1.5478309
1.5801318
1.5680497
1.5920912
1.594954
1.5535035
1.5454116
1.5191345
1.626111
1.5808935
1.5414774
1.5574017
1.5914773
1.6928301
1.5339068
1.6786352
1.5294911
1.5746148
1.6711245
1.5610702
1.5813112
1.5585757
1.5437387
1.6046822
1.6026914
1.5917052
1.5413538
1.5465155
1.546873
1.5564895
1.564652
1.5530776
1.553916
1.5743988
1.5691475
1.5289598
1.5221859
1.5810328
1.5164077
1.5388774
1.6195275
1.5628603
1.5383712
1.5495023
1.5544045
1.52083
1.608499
1.6178619
1.570526
1.556905
1.5542902
1.6270068
1.6894151
1.6375426
1.5935552
1.5735244
1.5463634
1.5878991
1.5904955
1.6012145
1.5688692
1.641401
1.5595193
1.5904025
1.6432039
1.5560282
1.6543633
1.900894
1.6294565
1.7375085
1.6648375
1.6200362
1.5989833
1.6033403
1.67488
1.6338242
1.7196255
1.6174786
1.7057705
1.5914978
1.5850565
1.685366
1.6363566
1.6765337
1.7139525
1.5707685
1.5849427
1.5506917
1.6739776
1.7063586
1.6016904
1.6422335
1.5653903
1.5798851
1.5949625
1.5933728
1.5410073
1.5774274
1.5957046
1.5303252
1.5651037
1.5610785
1.6304718
1.5852283
1.5521842
1.5775154
1.5872183
1.5260165
1.6279417
1.5277586
1.5306009
1.5917407
1.5420853
1.5764275
1.5318272
1.587701
1.5718163
1.601687
1.5590378
1.5622272
1.590854
1.5389402
1.5368474
1.571544
1.5498635
1.5138026
1.5960011
1.5552742
1.553028
1.6058707
1.6702728
1.5547837
1.5382732
1.554334
1.5912001
1.7246025
1.5816145
1.54093
1.5512078
1.5653738
1.6138653
1.6342363
1.5770649
1.6085633
1.5595591
1.5671769
1.524259
1.6836127
1.52821
1.5165547
1.5590553
1.5425282
1.5908234
1.5435951
1.571848
1.5303305
1.5475624
1.5988829
1.5507008
1.6201644
1.5525192
1.6040261
1.525238
1.5625519
1.5757293
1.6375386
1.581842
1.5757083
1.6404718
1.615248
1.579639
1.5332837
1.54176
1.5457464
1.743977
1.5549885
1.6847435
1.5802197
1.5571648
1.548183
1.5883464
1.6155005
1.5573243
1.5616039
1.5926068
1.5252347
1.5966359
1.5792942
1.6379447
1.558941
1.5738045
1.5198377
1.5670187
1.5282186
1.545632
1.5760256
1.5471991
1.5552703
1.5276929
1.5446734
1.5911453
1.5229303
1.548726
1.6541119
1.768433
1.5605322
1.6010197
1.6660001
1.5873932
1.5989463
1.5418333
1.5760429
1.5384097
1.544791
1.7092372
1.767416
1.5602185
1.5324308
1.6460696
1.7239575
1.7748398
1.5980184
1.6457754
1.5721337
1.6034417
1.6179554
1.6872205
1.6056621
1.5640723
1.5351858
1.574334
1.6412643
1.6311415
1.5743914
1.5706913
1.5512837
1.5391322
1.521306
1.6166803
1.5745515
1.5672847
1.564314
1.5338233
1.6630373
1.5914352
1.5383637
1.6516469
1.7387898
1.6247758
1.5997474
1.5845355
1.5655112
1.5739105
1.6171857
1.558378
1.6540239
1.5911882
1.5989689
1.6345942
1.5676715
1.5288845
1.612977
1.5433083
1.5575414
1.563696
1.5674835
1.6078178
1.6190865
1.6164807
1.5926661
1.6026849
1.6674575
1.5321227
1.5522774
1.5660795
1.6285087
1.5444069
1.5640539
1.5613186
1.5292647
1.5357027
1.7158244
1.7124265
1.5833968
1.5282091
1.6091646
1.610763
1.5525787
1.6790881
1.5952816
1.5629885
1.5597087
1.5818914
1.658485
1.7350427
1.5606017
1.5867503
1.8388174
1.6578647
1.7530758
1.6238252
1.5291053
1.5679452
1.650499
1.7578872
1.6882845
1.6561987
1.6019421
1.545238
1.6156754
1.6165923
1.5496845
1.6165668
1.6797012
1.5898577
1.5743078
1.5198557
1.5249977
1.5750643
1.5909553
1.6879193
1.6110872
1.5704237
1.5550308
1.5501068
1.5766171
1.6529694
1.5643142
1.6262188
1.5626245
1.595756
1.6697577
1.6217244
1.5846262
1.536051
1.7130958
1.5676864
1.5532593
1.5741049
1.6031374
1.5946575
1.6579943
1.5639696
1.6819907
1.5941354
1.5665027
1.5742375
1.5524583
1.5382483
1.5444667
1.560441
1.587283
1.5533415
1.5482061
1.5538348
1.5826166
1.559756
1.5641595
1.5689359
1.6113503
1.6025498
1.542104
1.6220092
1.5314344
1.5540552
1.6066206
1.6022995
1.5357121
1.5554228
1.5777632
1.6155963
1.6108695
1.6093979
1.5731258
1.5498078
1.5636963
1.6012329
1.6915783
1.6170266
1.6053377
1.5722647
1.5924929
1.666985
1.5812823
1.6298869
1.5236875
1.6278013
1.6983207
1.6390737
1.5399165
1.6593589
1.598459
1.689469
1.6099725
1.617799
1.5548972
1.5956088
1.601298
1.6377821
1.5357105
1.5493242
1.56148
1.5782264
1.5488399
1.5222955
1.555194
1.5970035
1.6204362
1.5445999
1.5592858
1.5694715
1.5171025
1.5424445
1.5771103
1.5513922
1.5219012
1.5148227
1.525583
1.5342145
1.5557723
1.5294753
1.5527155
1.5127335
1.5725043
1.535329
1.518258
1.527437
1.5442373
1.5680151
1.5103585
1.547268
1.5859722
1.5111175
1.5140117
1.5437329
1.5383396
1.5851859
1.6815553
1.5685745
1.526181
1.579544
1.6661725
1.5645965
1.556825
1.5435417
1.5855533
1.542333
1.5407093
1.5319582
1.5105555
1.539574
1.585322
1.5498713
1.5571197
1.5553575
1.598173
1.5876703
1.5481985
1.7665328
1.6732827
1.726554
1.6780795
1.7012348
1.5859863
1.5701396
1.542726
1.6253225
1.5462233
1.5162627
1.543635
1.5981027
1.5491812
1.6326598
1.5650004
1.5608404
1.5949725
1.564754
1.5384606
1.5521514
1.5350645
1.5832263
1.5671974
1.5462046
1.6332655
1.6090399
1.5419848
1.5332367
1.6100852
1.5833827
1.5530273
1.5302337
1.5389508
1.5222148
1.5249385
1.5429155
1.570327
1.5920821
1.5814277
1.6370893
1.5967096
1.5298351
1.5900773
1.6125304
1.6547135
1.6042925
1.5131482
1.5779092
1.6018442
1.6635598
1.5219325
1.595786
1.6502935
1.565133
1.5621405
1.620847
1.6163452
1.5326488
1.6287732
1.6504693
1.5557094
1.574876
1.57179
1.5630434
1.6582074
1.5445423
1.6068877
1.6075145
1.5456047
1.6453465
1.5265495
1.6191965
1.5402962
1.5576766
1.5643663
1.6151452
1.5408812
1.526278
1.5373627
1.5823845
1.5985514
1.6534183
1.5136536
1.55358
1.5522206
1.6253415
1.6017187
1.5421867
1.5196025
1.5221025
1.572529
1.5553209
1.6066338
1.5371095
1.5927814
1.5511497
1.5324281
1.5706217
1.6167638
1.6538832
1.5736847
1.5221635
1.6249795
1.6025088
1.5311388
1.5156837
1.5742948
1.5817033
1.5734264
1.5655245
1.6158129
1.6031668
1.6136502
1.5755005
1.5375737
1.6642548
1.5470957
1.5249134
1.5723724
1.7185705
1.6241952
1.6055688
1.531487
1.5297225
1.5783049
1.5970892
1.5503278
1.6436157
1.6379852
1.5369639
1.5592235
1.5391265
1.6018842
1.5576108
1.5494537
1.6195577
1.5569062
1.5328268
1.6246396
1.5842292
1.5145342
1.5606505
1.5504285
1.5258223
1.5796285
1.6171486
1.5276635
1.6384575
1.5322063
1.5955125
1.5326027
1.6042392
1.5552883
1.6580473
1.5226609
1.5226275
1.6224903
1.5940468
1.6790422
1.5631802
1.5422198
1.524052
1.5613308
1.616948
1.6428688
1.61536
1.6707323
1.6237607
1.5555055
1.5493989
1.5290234
1.5358651
1.5948721
1.5835495
1.5746511
1.5704758
1.5230395
1.6110457
1.522082
1.5526258
1.5589838
1.5502408
1.5626602
1.5359353
1.5405223
1.566753
1.6018267
1.5983084
1.5608916
1.5404283
1.5158465
1.5125631
1.5739095
1.5936322
1.5473996
1.5861863
1.604919
1.625313
1.5301329
1.5248374
1.5163482
1.5526638
1.5178818
1.5356485
1.646379
1.6151896
1.6510283
1.6429886
1.5765355
1.5451198
1.5937155
1.552556
1.5315039
1.683174
1.5556084
1.6044457
1.5951419
1.5629232
1.5254028
1.618787
1.5457448
1.6469382
1.576526
1.6091675
1.5422993
1.5527239
1.5314957
1.5278515
1.5847123
1.6677618
1.572642
1.606736
1.5842481
1.6379514
1.6155134
1.5979621
1.5169046
1.5166783
1.6353902
1.5961359
1.5913188
1.5482934
1.5499266
1.6341742
1.559593
1.5361841
1.542568
1.5490323
1.5286168
1.6094555
1.5446244
1.5117495
1.5291106
1.5556588
1.637784
1.544707
1.5542215
1.5441792
1.6090635
1.5955732
1.5868162
1.5423801
1.5105188
1.5775207
1.6191672
1.519867
1.537902
1.5187048
1.524507
1.5630406
1.5476041
1.5406338
1.5107641
1.5546384
1.6042583
1.555865
1.5903822
1.549012
1.6498578
1.5220805
1.6427605
1.5135078
1.5257043
1.6164517
1.677704
1.5516555
1.706617
1.524647
1.6745303
1.5383723
1.6263567
1.5783483
1.5222743
1.5803077
1.548453
1.5441294
1.6438841
1.6091764
1.5416807
1.5653366
1.6599416
1.6052897
1.555686
1.6014011
1.5740675
1.5614767
1.6384056
1.5537707
1.5195965
1.513026
1.5348184
1.6139183
1.5504745
1.5608164
1.5810423
1.5142666
1.5757807
1.536453
1.5629158
1.5812203
1.5878675
1.5379742
1.5631346
1.6041752
1.5934315
1.5709801
1.5566373
1.5520619
1.57511
1.5275728
1.5583025
1.5176272
1.5250237
1.5375596
1.544039
1.5440235
1.5831363
1.5473675
1.5735801
1.5371295
1.635079
1.5766687
1.576507
1.533239
1.588644
1.5286283
1.6579515
1.5986376
1.6545583
1.6452515
1.6232064
1.5887947
1.700912
1.6161617
1.6838981
1.5863413
1.581395
1.5152812
1.6615038
1.5953422
1.677952
1.6504631
1.5445786
1.628583
1.5419275
1.55564
1.56253
1.5863057
1.5765501
1.6240093
1.5605145
1.6015252
1.5225605
1.5520802
1.5257373
1.5767602
1.6726356
1.642863
1.5255678
1.5309577
1.5391393
1.6248077
1.6367488
1.640575
1.5934405
1.5515628
1.6420773
1.5339156
1.5566167
1.5553478
1.6188005
1.6017205
1.6440771
1.5397283
1.5811182
1.6321285
1.659599
1.5425273
1.550682
1.5687412
1.5445225
1.6793138
1.5565085
1.527908
1.5672302
1.5453054
1.5727085
1.5741067
1.5408674
1.5737469
1.536272
1.5426992
1.5574667
1.542115
1.5548162
1.5919706
1.5434006
1.5656079
1.556358
1.5268466
1.5532712
1.5654341
1.6432122
1.6365378
1.5679196
1.5276871
1.525048
1.5674314
1.593084
1.6201116
1.593341
1.5386903
1.610607
1.6151726
1.7514329
1.6762218
1.5340608
1.5975349
1.6341951
1.6113547
1.6236717
1.5558276
1.5860022
1.6012415
1.5674152
1.533304
1.5734228
1.6154897
1.590972
1.6667745
1.5554624
1.589866
1.5487145
1.5404761
1.6015477
1.6317121
1.5920286
1.5686545
1.6033461
1.580325
1.5683967
1.6774287
1.6965243
1.7626525
1.5985758
1.5357774
1.6210675
1.6654265
1.697165
1.6137185
1.5713953
1.5732116
1.5621343
1.5663308
1.752575
1.796614
1.696307
1.5785935
1.5786
1.600837
1.6074666
1.5818708
1.5974252
1.5870346
1.5200505
1.5865288
1.5620725
1.590905
1.576192
1.57964
1.5805348
1.5880755
1.5179647
1.5506825
1.604414
1.5255992
1.5468335
1.5317813
1.576215
1.555708
1.559503
1.610959
1.5318208
1.5692301
1.5139514
1.5625687
1.5734993
1.5386854
1.6106397
1.5777433
1.5622998
1.5239727
1.5332888
1.5390109
4.013972
8.149607
10.601304
12.198546
12.448714
11.448398
9.804098
7.043943
4.8891854
5.767094
5.820401
5.753846
4.849238
3.963829
4.119333
5.14781
4.4150825
4.2697225
3.514061
3.2454793
3.4747663
3.30643
3.0441666
2.8673875
2.5983386
2.3674834
2.2954662
2.416104
2.2467673
2.165103
1.8737155
1.921559
1.948496
1.8987993
1.8576686
1.8205942
1.8847963
1.8883681
1.8425447
1.7948239
1.9122903
1.8099238
1.7518332
1.9559541
1.8725489
1.7923009
1.7158858
1.7279832
1.660908
1.6374425
1.764593
1.6647948
1.6907213
1.675273
1.7414035
1.6979723
1.7469717
1.657277
1.7681789
1.6268888
1.6772735
1.623224
1.6597515
1.61259
1.6986735
1.6647427
1.7276088
1.7174295
1.6724625
1.6922709
1.6930143
1.6443535
1.646858
1.6643361
1.6958786
1.624361
1.6921881
1.6681886
1.654492
1.6460919
1.58746
1.6234227
1.6171647
1.6435823
1.608613
1.6214805
1.6516613
1.615973
1.6267868
1.6315063
1.5982583
1.5815105
1.6521468
1.5838355
1.6508968
1.5754203
1.6381493
1.6311095
1.6040792
1.6169825
1.6177107
1.6224042
1.6088656
1.5827798
1.5982791
1.5763812
1.6137376
1.5845872
1.5555335
1.63969
1.6557405
1.6325338
1.5871565
1.6172985
1.5759045
1.5816971
1.6895795
1.5975193
1.6120225
1.5942743
1.6164908
1.5569443
1.6882447
1.6016192
1.5484719
1.5640265
1.5711052
1.6025181
1.6357055
1.6129607
1.6430674
1.583436
1.6075717
1.6783928
1.6610523
1.5780088
1.6069713
1.6539031
1.6093707
1.5890522
1.6172602
1.6130302
1.5663418
1.6439844
1.614981
1.6247983
1.5669547
1.6269869
1.6212755
1.6254097
1.6251456
1.6594415
1.5732278
1.5402541
1.6557695
1.5752428
1.6008174
1.5735918
1.5963508
1.5855908
1.6053355
1.5528885
1.6643538
1.6051813
1.6530207
1.5743803
1.5675702
1.5739436
1.6061538
1.6155295
1.5624678
1.7321224
1.5574683
1.5532533
1.5525341
1.6301513
1.5783567
1.6467909
1.5571915
1.5770767
1.6046023
1.5696954
1.5505285
1.5443665
1.620778
1.5939854
1.6314796
1.5624995
1.5943058
1.6009947
1.6166928
1.558988
1.6080534
1.596307
1.5581378
1.59509
1.5707874
1.5716248
1.5960963
1.5785453
1.539969
1.6312019
1.6193047
1.5383403
1.5437425
1.5990001
1.5418597
1.6099179
1.5617094
1.5336597
1.5862492
1.5947218
1.6315823
1.5772527
1.5510159
1.5747058
1.5693685
1.5297617
1.5580528
1.5378777
1.6178074
1.5928613
1.6517087
1.6077232
1.5608975
1.6684018
1.6362123
1.6033239
1.6908933
1.6278453
1.5695055
1.5715033
1.5650551
1.7437075
1.5802273
1.5872648
1.6055926
1.606604
1.5368443
1.6471387
1.5923413
1.5495391
1.538891
1.6066953
1.631927
1.6600373
1.5711625
1.577888
1.5795097
1.5890788
1.5513308
1.59349
1.5792811
1.5602404
1.568125
1.606542
1.5554622
1.5751008
1.5787352
1.619367
1.5806684
1.583026
1.5964092
1.596661
1.5746497
1.5965878
1.63974
1.6084574
1.5391637
1.5777572
1.5968008
1.7013388
1.5525665
1.5338749
1.5521108
1.5553923
1.59197
1.5689598
1.5939691
1.5669734
1.5996453
1.6899256
1.6009747
1.5937532
1.5792409
1.5866576
1.6068467
1.7700032
1.6488707
1.5796134
1.5709178
1.5790375
1.6641352
1.6589316
1.6650182
1.595639
1.544811
1.6781125
1.5377105
1.6874295
1.8920119
1.6716394
1.6811703
1.7469758
1.6389712
1.6548628
1.6364504
1.8005247
1.7149839
1.7890762
1.7318317
1.7136316
1.5675797
1.6077392
1.6266589
1.8151346
1.67423
1.6056756
1.6513937
1.5766124
1.5875195
1.610692
1.6228861
1.6340787
1.6907035
1.659128
1.5804565
1.6583697
1.6139042
1.6486742
1.7519857
1.713631
1.57485
1.5620522
1.5581852
1.5966911
1.6660445
1.6405995
1.6337527
1.562469
1.5845582
1.5834067
1.5371996
1.57402
1.595201
1.6111753
1.5688052
1.55486
1.5964005
1.6286974
1.6211102
1.5295434
1.5927907
1.5753818
1.5261885
1.638214
1.535646
1.55308
1.5840095
1.5641067
1.5715879
1.543017
1.564669
1.5705285
1.5708879
1.5571469
1.6094657
1.5302513
1.5220305
1.5774758
1.5408264
1.5343653
1.569683
1.5415897
1.5690422
1.528101
1.5677058
1.5495485
1.5830374
1.5207468
1.5464573
1.6357249
1.5799075
1.6480563
1.5541409
1.5524117
1.5436872
1.5727654
1.5861733
1.590883
1.5694178
1.5709955
1.5736586
1.539936
1.5392063
1.6311327
1.5443451
1.54614
1.5670128
1.5529497
1.5441732
1.538597
1.5504255
1.6418246
1.5310003
1.5956964
1.6118068
1.5433143
1.5829115
1.5333877
1.5562484
1.5388225
1.5327511
1.5569141
1.5368433
1.5788963
1.5579096
1.5590237
1.582166
1.5416759
1.5230552
1.564872
1.5219159
1.5154577
1.5226897
1.5648844
1.5545982
1.5914805
1.5711799
1.529863
1.5799063
1.5958846
1.5932629
1.5254964
1.6366085
1.5277438
1.5166793
1.5502009
1.5700047
1.5969485
1.6233282
1.6407534
1.6457701
1.518313
1.5801631
1.5592648
1.6581417
1.6189407
1.6019002
1.549427
1.5508513
1.5917577
1.6260338
1.5475185
1.589253
1.6947287
1.5605048
1.5756756
1.5374701
1.6034777
