29.465385
30.44286
29.671291
30.28122
30.26565
29.803911
29.874847
29.574419
30.317804
29.644081
29.48381
30.002832
29.896769
30.13434
30.022884
29.202135
30.315353
29.548107
29.38872
29.3916
29.756727
29.441832
29.49594
28.999928
29.761808
29.677288
28.793669
29.738407
29.610952
29.70169
29.387417
29.922268
29.098211
30.160912
28.9155
29.60216
29.838999
29.485836
30.034883
29.158434
29.357965
29.007717
29.223185
29.45473
29.207767
29.283493
28.949541
29.825344
30.028559
29.403511
29.36512
29.608976
29.340588
29.714603
29.936563
29.256859
29.15972
29.38625
30.160162
29.085728
28.57255
28.586536
29.038057
29.631287
28.856676
29.31582
29.388937
29.567781
29.64008
29.790472
29.187456
29.431835
28.778923
29.718523
29.902254
29.631271
29.09638
29.303553
29.290735
28.631025
29.829367
29.09396
29.40923
28.773115
29.097754
28.488335
28.970072
29.4124
29.877348
28.876694
28.96952
29.471956
29.43168
29.529852
28.998987
29.153437
28.826405
29.51997
29.387163
28.93596
29.09466
29.724995
29.403954
28.996166
29.611341
28.746296
28.039402
29.184296
29.523256
29.184843
29.815311
29.002615
29.630545
29.188822
28.72123
28.429554
29.159405
28.659807
29.39702
29.714705
29.201448
29.167753
28.760592
28.597555
29.676119
28.974585
29.4788
29.233614
30.070156
29.390633
29.676588
27.989445
28.828287
28.879536
28.688187
28.730946
29.713125
29.16951
29.160694
28.962835
29.469954
29.121716
28.412
29.945875
29.096878
28.966816
28.701847
29.299068
28.636005
28.91604
29.0742
28.888405
29.355017
29.550913
28.828463
29.060068
28.431957
28.956703
28.895615
28.976288
29.225891
28.75484
29.453314
28.768263
29.675869
29.225048
28.946009
29.124401
28.747114
29.16205
29.00581
28.904228
28.342505
28.64196
28.816904
29.606632
28.664652
29.507488
29.282581
29.365807
28.934795
28.761503
29.017277
28.96222
28.61104
28.961374
29.341232
29.063951
29.508112
29.118803
28.829544
29.280493
29.7377
29.042011
28.508839
28.50272
29.068127
28.841547
28.769709
28.745508
28.923271
28.749338
28.951387
28.350832
29.1127
28.981844
29.455055
28.333063
29.221144
29.066732
28.852621
28.627691
29.418264
28.784954
28.347168
28.271317
28.785763
29.338104
28.812176
29.571987
28.701931
28.716516
28.99713
28.89122
28.537626
29.252665
28.626324
29.268446
28.0667
28.761473
29.329836
28.948183
28.498035
28.04998
28.334969
28.511362
28.75047
28.920465
28.522348
29.367628
28.282139
28.896946
28.357449
29.254128
28.45678
28.89088
28.644234
28.519655
28.524004
28.311758
28.640455
28.616291
28.910324
28.780743
29.027245
28.999105
29.118206
28.986347
28.535627
28.51813
28.095804
29.116632
29.338951
28.195055
28.961008
28.26021
29.131187
29.965857
28.43668
28.284508
28.51622
28.976807
28.192312
28.714882
28.831692
28.52048
28.65128
28.099356
28.255907
28.917034
29.107912
28.281715
27.89039
29.226152
27.749475
28.532925
28.661795
29.247192
29.148392
28.924538
28.997646
28.277967
28.74944
29.080091
28.805704
28.669008
27.8988
28.24124
28.98191
28.830212
28.639801
28.656118
29.092236
28.38404
28.24276
29.329235
28.00459
28.274784
28.199512
28.21809
28.893473
29.143852
28.411114
28.172935
28.803625
28.613264
28.588911
28.084597
28.960564
29.140871
27.950855
28.755547
29.652733
29.060314
28.698713
29.189285
28.784153
29.118591
28.335016
28.96216
28.623966
29.426739
28.35332
28.679146
28.687832
28.240341
28.530697
28.21299
27.854828
28.300549
28.807404
28.28682
28.0648
28.008831
28.072208
27.95193
27.830723
28.498753
28.405428
28.832424
28.190214
28.645935
28.402164
28.7704
28.803991
28.314568
28.502947
27.804
28.274616
28.035168
27.829456
28.275528
28.838072
27.837519
28.373775
28.107908
28.357296
28.15914
28.061195
28.561712
28.315472
28.83289
28.314548
28.061283
28.597181
28.018864
29.023115
28.283648
28.830791
27.84094
28.442688
27.937914
28.376225
27.98387
28.245647
28.11749
28.105036
27.644423
27.703121
28.550774
27.954992
28.91952
28.459682
28.19827
28.690676
28.806086
28.75368
28.370993
28.374592
28.983591
28.3296
28.176239
28.075056
28.544899
28.489166
27.596706
28.558077
28.585032
28.550043
28.797731
28.103575
27.825758
28.545134
28.163176
28.40458
28.142113
28.038008
28.317984
27.974833
28.43488
28.045164
28.156948
28.31902
28.05339
27.328772
27.668308
27.318136
27.999392
28.547554
28.838692
27.51834
27.90798
28.286747
28.065948
28.371696
27.879444
27.9799
28.165499
28.835052
27.73662
28.504332
28.722763
28.213783
28.638506
28.31403
28.070808
27.771355
28.423256
28.295164
28.093086
28.292189
28.623768
27.701769
27.537855
27.728392
28.093344
27.522884
28.015007
28.396336
28.753643
28.430162
28.465086
28.576977
28.451044
27.65496
28.227997
28.065344
28.291466
28.788212
27.568604
28.990997
28.71273
27.745268
28.719059
27.312908
28.660383
28.17458
28.363173
28.793793
27.962814
28.497734
28.460804
28.156109
28.054808
28.343176
28.23422
28.521856
27.958172
28.830074
27.890759
27.312004
27.580105
28.165075
28.344204
27.893436
28.594437
27.979126
27.030834
27.29477
27.73982
27.872541
28.345045
27.87272
27.945826
27.86106
27.508307
28.50775
27.828224
27.2076
27.94508
27.124493
27.72298
28.153318
28.09942
28.069971
28.027304
27.491337
27.497437
27.424276
28.132944
27.900326
27.180094
27.62504
27.403948
28.112152
27.975365
27.7472
28.264584
29.047115
27.751797
27.857868
28.100742
27.909508
28.173937
27.605907
27.689407
27.87212
27.894032
26.816206
27.988605
27.076515
26.547626
28.181608
28.412542
28.108845
28.100395
27.820848
28.38813
28.153244
27.179556
28.068552
28.023909
28.514887
27.435291
28.205664
27.401333
27.308731
27.33006
27.603891
28.167746
27.255444
28.087408
27.547544
27.659634
27.893532
27.52985
27.124289
27.554836
27.715498
27.953136
27.832945
27.609072
27.203053
27.25248
27.715467
27.851578
27.245176
27.441734
27.4228
27.157175
27.6647
27.69436
26.877071
27.794594
27.40496
27.704433
27.017557
28.010136
27.515312
27.777464
27.744652
27.43542
27.261284
28.083103
28.202517
28.255487
27.764729
27.660278
27.04452
27.531425
27.537926
27.371056
26.273773
27.034883
27.571047
27.903845
27.78486
26.988796
27.41286
26.97796
27.564548
28.16526
26.647766
28.002588
27.33531
28.14618
27.16628
27.74008
27.128263
26.822742
27.600544
27.569252
27.619576
27.31608
26.922602
26.99836
27.087795
27.330215
26.812061
27.490051
27.306175
27.993166
26.639095
27.637203
26.824469
27.329443
27.609968
27.130026
27.008097
27.047327
27.886032
27.287657
27.547039
26.92412
26.856373
27.250715
27.212511
27.592163
27.657663
27.617212
26.592089
27.21369
27.27332
26.911692
27.563486
25.77172
27.191223
27.261114
27.160688
26.94454
27.508032
27.138296
27.273413
27.36153
26.80148
26.445465
27.269388
26.656214
27.103712
27.139912
27.54313
27.572231
27.078783
26.956903
26.816172
27.341871
27.637548
26.327356
26.807655
27.069412
26.784184
27.030289
26.64238
26.27814
26.556765
27.284082
26.126743
27.164673
26.438612
26.69758
26.617193
26.729782
26.86313
26.97888
26.153576
26.912306
27.25703
26.755274
26.950089
26.637682
26.988525
26.957565
26.918156
26.765717
26.786003
26.502892
26.620256
26.587608
27.112349
26.66408
25.757416
26.228628
27.125565
26.881979
26.03396
26.970356
26.434534
26.965782
26.471235
27.107824
26.746187
26.930408
27.106195
26.2821
27.96854
26.000391
26.869055
26.940205
27.166172
27.38424
26.984962
26.643484
26.31576
26.64856
25.811508
26.399656
26.410862
26.668673
26.612572
26.620445
26.236355
26.89616
26.315107
26.612255
27.544184
27.0404
26.20447
26.230986
27.037998
26.179396
26.317001
26.877579
26.215252
26.843596
26.310608
26.380629
26.762554
26.92041
26.200766
25.877182
26.077198
25.983711
26.446562
26.53814
26.217075
26.184755
26.92304
26.563255
26.354002
26.799007
26.844152
26.31918
25.912144
26.385612
26.45025
26.110598
26.636902
26.239044
25.547125
26.426638
26.1922
26.405348
26.52167
26.56322
26.434347
27.15752
26.49506
26.643644
26.511665
26.39345
26.931164
26.425585
26.377333
25.462616
26.45264
26.20304
26.367785
26.195261
26.467941
25.912825
26.537071
25.957275
25.448502
26.588146
26.162498
26.110756
25.797693
26.460297
24.972794
25.836964
26.706583
26.389572
25.827957
26.215992
25.835917
25.632843
25.55164
25.178734
25.832905
25.839851
25.623808
25.695602
26.098036
25.924572
26.15406
25.886711
26.59414
25.633575
25.891115
26.398205
25.746393
25.800615
25.769653
25.690119
26.584959
25.975548
26.063196
25.85655
25.867413
25.340788
26.054962
26.551676
25.327948
26.625748
26.229025
25.98622
26.034964
25.890879
26.332912
25.270529
25.044632
25.60878
25.712587
25.417126
25.568752
25.757713
25.60839
26.086857
25.57678
25.088825
25.554707
25.718714
25.495327
26.213875
26.154633
25.5106
25.713324
26.561497
25.680649
25.293636
24.660688
25.44638
24.867613
25.99107
25.329283
25.415369
24.989315
25.282087
26.372656
25.048857
25.176807
25.48008
25.62566
25.77924
25.737421
26.260796
25.856472
25.258717
26.101936
25.335428
25.924234
25.719147
25.099611
26.191769
25.54724
25.079689
25.86226
25.33993
25.371048
25.336733
26.084288
25.62784
25.258419
25.467571
25.894602
26.344744
25.523012
25.741972
25.404593
25.143433
25.140722
25.993345
25.558878
25.785885
25.990246
25.410326
24.755625
25.279402
25.787317
25.364384
25.644426
25.013544
25.348017
24.399446
24.53565
24.82994
25.352337
25.423618
25.032715
25.454048
25.287888
26.049986
25.580162
25.792433
24.94912
25.158287
24.46016
24.541
25.386623
25.475452
25.750198
25.156496
25.513927
25.05538
25.491484
25.237532
24.402761
25.853527
25.05747
24.938576
25.318048
25.582617
25.287016
25.4948
25.092194
26.198917
25.27044
25.35028
25.183548
25.551905
25.645864
24.648865
25.12235
25.300344
25.098265
25.403402
25.220345
25.431715
25.267063
24.598057
25.186127
25.361164
25.498913
25.147335
24.568712
25.605656
24.839254
24.421204
25.567415
24.452444
25.188103
25.430765
24.686148
24.71966
25.95357
24.509476
25.176756
25.477064
25.290522
24.76705
25.700457
25.42472
24.7632
24.896912
25.422297
24.603945
25.05599
24.809317
25.314762
25.152325
25.037735
24.834002
24.812578
24.863144
25.100077
24.90741
25.047665
24.898764
24.770365
24.897753
24.951424
24.427088
24.957111
25.883764
25.192812
24.440464
25.164534
26.096706
25.113592
24.088408
25.426489
24.333235
24.685549
24.565056
24.891138
25.5475
25.02924
25.004667
24.809305
24.959536
25.093199
25.52509
25.383062
25.4784
24.878048
25.074165
25.251966
24.671528
24.939579
24.325151
24.96762
25.108376
24.9255
24.942991
24.549534
25.393003
24.834415
24.439724
25.259018
24.475971
25.502054
24.201956
24.848223
25.124592
24.2819
24.8624
24.741686
24.922949
24.392868
24.78322
24.36974
24.944977
24.937311
24.311852
24.639067
24.501577
24.536024
24.266474
23.810534
24.931139
25.134928
24.830465
24.935028
24.682484
25.076855
24.79384
24.807713
24.497583
25.268255
24.70957
24.857937
24.586956
24.984959
23.865437
24.610928
24.779064
24.595604
24.653324
24.811953
24.162136
24.891088
24.330252
24.572964
24.17883
24.775728
24.325632
24.34587
24.546692
24.684177
23.808737
24.636011
24.926868
25.019472
24.416088
24.597933
25.342592
23.718355
24.911531
24.428532
24.164698
24.31068
24.305204
24.062954
24.30818
24.974655
24.381159
24.387478
24.929953
25.1394
24.402472
25.030466
23.88933
24.123146
24.58416
23.804003
24.493752
25.151731
24.622915
24.500713
24.654755
24.664587
24.453354
24.368515
25.049944
24.105766
24.546911
24.622568
23.830765
24.62224
24.13775
24.064651
25.063166
23.998384
24.544912
24.769453
24.565788
24.438843
24.172293
24.651815
24.9756
25.097504
23.942455
24.714375
24.822628
24.32031
24.124365
24.226675
24.212793
24.852633
24.075977
24.636076
24.830893
24.352177
24.472433
25.225302
24.262928
24.121332
23.649204
24.425108
24.263508
24.677097
23.338243
24.381
25.117212
24.83584
24.305536
23.489248
24.755655
24.640697
24.836842
23.925114
24.463465
24.445467
25.143219
24.088907
24.609488
24.051338
24.839
24.002918
24.345652
24.092163
23.637108
24.28338
24.695309
24.123524
24.376314
24.736294
24.346054
24.113045
23.228464
25.1945
24.043892
24.40886
24.015617
24.312332
24.045399
23.882397
24.245317
24.073978
23.77476
24.574572
23.85872
23.8091
24.34299
24.430206
24.414064
24.864904
24.291471
23.839676
23.950632
24.56189
23.92658
24.085884
23.449036
24.464664
23.661814
24.130505
23.948696
24.199333
23.483068
23.503513
24.39491
24.660395
24.373924
23.757484
24.020647
24.168163
23.818972
24.327705
24.372028
24.047417
23.514694
24.375872
24.607323
23.868923
24.45376
23.881
24.28837
23.918505
23.71433
24.55736
23.878876
24.696775
24.702751
24.09988
24.277788
23.871046
23.211784
23.95229
23.752691
23.640213
24.545486
24.563011
23.698244
24.561388
23.824331
23.44461
24.747087
24.588316
23.993183
23.35627
24.449596
24.81354
24.535458
24.556835
24.413967
24.040188
24.161045
24.171164
23.7039
24.308783
23.284874
24.609297
24.077168
24.002043
24.292938
23.50275
23.268843
23.059067
24.210323
24.556988
24.404596
23.632418
24.655264
24.088217
23.564123
23.741072
23.257936
23.629372
24.020891
24.213211
23.645329
23.720884
23.546047
23.388945
23.30858
23.78862
23.178144
24.03682
24.061008
23.635271
23.900337
24.221441
24.024761
23.953323
24.457745
23.797651
23.718847
23.100275
24.195196
23.141531
24.782568
23.722164
23.43751
23.558622
23.900356
23.795942
23.777422
24.015034
23.65949
24.094107
23.693071
23.07779
23.95276
23.69192
24.084684
23.974869
23.948984
23.436417
22.847612
23.97137
23.472935
23.513792
23.895227
23.543001
23.758368
24.049314
23.532728
23.945976
23.499723
24.076591
23.911743
23.247332
23.842068
23.92721
24.248068
23.861736
23.820124
23.801588
23.802603
23.36744
23.88004
23.726469
23.656605
23.860737
23.810715
24.05956
23.370432
23.845312
23.764864
23.512564
23.439709
24.079048
23.492887
23.23849
23.706388
24.307491
23.653223
24.29003
23.163095
23.233576
23.719252
23.404284
24.478273
23.988556
24.383398
24.300543
23.776224
23.468916
23.397936
22.951616
23.071842
23.2061
23.622936
24.775007
23.463234
23.126858
23.60705
23.47864
23.052952
23.87208
23.506413
23.406555
22.766232
23.591448
23.905142
23.158285
24.019344
23.53178
23.156988
22.975428
24.000536
23.18038
23.206448
23.094852
23.49678
23.916431
24.649286
23.201368
23.557749
23.773245
23.945093
23.982176
23.910652
23.449324
23.580116
22.919233
23.031729
24.173632
22.80032
23.159355
23.778002
23.475704
23.964024
23.257256
23.490948
23.170305
23.343788
23.242056
23.796553
23.308088
22.767963
23.54595
23.696249
22.894732
23.471333
23.2309
23.005049
24.029453
22.843132
23.49012
22.88121
23.436398
23.334948
22.781572
23.253103
23.278545
23.842224
23.842567
23.252432
24.022583
23.079214
23.918535
23.466557
23.053488
23.289474
23.95052
23.076513
23.149885
23.395245
22.985435
22.889332
23.146494
23.782572
23.896042
22.821123
23.67625
23.25445
22.636072
24.14828
23.432655
23.230293
23.333723
22.767313
22.79862
23.782736
23.496948
22.425694
23.131216
22.161087
23.791616
23.581928
23.11503
23.533728
24.132133
23.352776
23.055252
23.971672
22.972363
23.100937
22.564674
23.14216
23.76172
23.41294
22.975485
23.768959
23.068
23.261274
23.249037
23.374344
23.076223
23.345211
23.137705
22.931206
23.915802
23.258999
23.437307
22.901705
23.232023
23.635519
23.631538
23.3211
21.96301
23.109472
23.343508
23.333185
23.24068
23.012468
23.36774
22.4925
23.480947
23.3106
22.980885
23.794628
22.929218
23.442137
23.3068
23.58367
23.46399
22.864998
22.792295
23.385004
23.373173
22.92893
23.272839
22.763683
23.092997
23.00062
22.96149
22.829956
23.374079
24.071417
23.47132
22.812033
22.944174
23.164812
23.174557
22.780748
22.620588
23.254171
23.28784
23.24966
23.403412
23.548018
23.914381
23.595219
22.478191
22.86866
23.098827
22.955996
22.369556
22.144968
23.83771
22.451456
22.520483
23.133022
22.673992
22.486109
23.048775
23.398344
23.582024
22.494707
23.283192
23.159819
22.463196
22.810684
23.196575
22.916006
22.926088
22.849264
22.604364
22.626099
22.70342
22.900036
23.35965
23.111881
22.569588
22.761372
22.913593
22.743572
22.833055
22.752296
22.501305
22.13146
23.29172
22.936403
22.808683
23.14773
23.345676
22.542852
22.665363
23.04967
21.970217
22.746521
22.55914
22.612232
23.21012
22.6673
22.651897
23.5958
22.807884
22.885912
22.522192
22.5206
22.673763
22.902132
22.661686
23.219015
21.582495
21.865665
22.949476
22.625957
23.073069
22.936619
23.15246
22.876404
22.810507
22.295536
22.127949
23.935036
22.389652
22.696314
23.006084
22.864075
22.781689
22.081993
22.940044
22.65595
22.878164
23.136238
22.94878
22.21203
22.830032
22.00815
22.543684
21.87048
22.697504
22.789564
22.569551
23.026567
22.422132
22.550316
22.631699
22.706928
22.732937
22.447332
22.804213
22.710182
22.889383
22.41308
22.725782
22.695541
23.244694
22.562662
22.302992
22.617064
22.53419
22.70754
22.659876
22.605074
23.162373
22.397778
22.999344
22.359608
22.59239
22.14394
21.965162
22.59903
22.482504
22.688503
22.558496
22.810205
23.441072
22.719105
22.65504
22.347515
22.377949
22.657999
22.341965
22.656733
23.195143
22.843906
22.806467
22.259388
22.369844
22.924911
22.505392
22.1247
21.930838
22.432247
21.97822
22.473106
22.898617
22.071695
22.516413
22.513302
22.090307
22.103605
22.675304
22.862816
22.134964
22.444723
21.890903
21.957195
21.820936
22.56816
22.228851
22.21126
22.736734
22.542318
21.694227
22.240608
22.016075
22.497095
22.05622
22.474777
21.934908
21.7729
22.134165
22.051413
22.556704
22.123388
22.038305
22.295563
22.468332
23.120665
22.816263
22.205048
21.721706
22.078304
22.796339
22.241203
23.253681
21.923668
22.899904
22.208332
22.23702
21.754866
22.211216
22.004526
22.778399
22.06963
22.704464
22.72604
22.10334
22.004717
22.442436
22.053871
21.966255
22.533022
21.586723
22.642347
21.982416
21.817083
21.976954
21.693634
23.202036
22.152308
22.273577
22.83874
21.984009
22.19531
22.330715
22.000013
22.297144
22.356436
22.719852
21.734127
21.872046
22.840858
22.252354
22.106739
22.080973
21.779167
22.273567
21.605242
22.428068
21.621347
21.633865
22.40262
22.475561
22.08999
22.14185
22.231115
22.274202
21.833174
21.734585
22.68231
21.815792
22.11258
21.953512
21.965479
21.626314
21.849213
22.238503
22.493994
22.226707
21.914227
22.767044
21.840897
21.717192
22.011805
22.366793
22.280632
22.09378
21.406233
22.119635
21.499483
22.033823
22.105284
21.619787
21.970589
21.3655
21.351551
22.40946
22.237652
22.454063
21.952845
22.490303
21.652424
22.05952
22.14211
21.893108
21.898891
22.16302
21.525612
22.046003
21.854816
21.668749
21.39568
21.455095
22.010897
21.941175
21.36282
21.701605
21.840704
21.773687
21.893448
21.618605
21.420233
21.499275
21.849852
21.535885
21.540049
21.698627
21.600687
21.652845
21.466011
21.586931
21.656227
21.441666
21.703983
21.536003
21.523945
21.68634
22.058765
21.83632
20.884832
22.275976
21.97074
21.694937
21.899734
21.551723
21.943388
21.14809
21.845549
21.93372
21.796024
21.12762
21.367586
21.819407
22.43986
22.04734
22.18462
21.648008
22.484167
21.893995
21.682354
22.553368
22.160084
21.810274
21.557234
21.439724
21.8458
21.438725
21.395756
21.172356
22.069525
21.662376
21.142963
21.3613
21.56406
21.233902
21.102242
21.228428
21.777048
21.05381
22.418438
21.511072
21.662811
21.260883
21.331478
21.090473
21.491932
21.396854
21.746775
22.01091
22.308968
22.68462
20.974815
20.989422
21.181402
21.415367
21.537745
20.93055
21.360428
21.745193
21.017853
20.55242
21.62352
21.74818
21.534988
21.647364
21.185955
22.081064
21.36929
21.997225
21.081896
21.599869
21.56467
21.81624
21.205194
21.372225
20.755608
21.443527
21.682196
22.240343
20.92726
21.544064
21.935167
21.289925
20.983408
21.204079
21.177568
21.435677
21.139605
21.341276
21.983662
21.220747
21.6938
20.829407
20.96676
21.843416
21.602331
20.894009
21.223944
20.934923
21.84498
21.036594
21.258064
21.570204
21.101467
22.279396
21.813791
21.459015
20.678411
20.77273
21.46194
21.37838
21.686195
21.200218
21.053522
20.686975
21.660536
21.027628
20.924809
20.743408
20.577991
21.878887
21.47322
20.980415
20.863884
21.504717
21.242235
21.346563
21.131664
21.305925
20.830189
21.790216
20.709265
20.81525
21.039444
21.003593
20.424128
20.961569
20.382149
20.781536
20.908964
20.659866
20.882463
20.828585
20.46889
20.49736
21.497686
21.127356
20.994802
20.879007
21.800531
20.998137
21.293947
20.811476
21.917414
20.874952
20.884819
21.392351
21.001173
21.532848
21.226503
20.928263
21.059189
21.098385
20.349655
21.033972
21.03036
20.885265
20.476196
21.32406
20.50405
21.226505
21.391909
20.664375
20.347672
20.7969
20.596361
20.793205
20.81842
21.078552
20.04045
20.892488
20.935656
20.527983
21.077824
20.9855
20.6879
20.439226
21.414011
20.499132
20.821163
20.803888
20.880772
20.671345
20.666157
21.031044
21.151655
20.357046
21.09667
20.680468
20.90597
20.334583
20.610619
20.609196
20.263905
20.756294
20.386347
21.48483
21.132008
20.73169
20.810461
20.272463
20.779713
20.706999
20.443085
19.880024
21.17618
20.515327
20.397112
20.383717
20.738077
20.581474
21.080423
21.436996
21.125706
20.735884
20.985771
20.846107
20.722649
20.622234
20.458996
20.4746
21.13464
21.14442
20.297737
21.247816
20.624912
20.414167
20.40382
20.333832
19.73368
20.742905
21.18632
20.146463
20.679508
20.423727
20.291452
20.973484
21.109816
20.298403
20.277033
20.195581
20.39302
20.245075
20.686869
19.68671
20.080196
20.228655
20.325317
20.107836
20.478792
21.566484
20.521236
20.239431
21.022291
20.235582
19.544409
20.05499
20.416714
20.24721
20.246994
21.29558
19.902182
20.177788
20.499886
21.072817
20.128181
20.13966
20.39492
20.794584
19.965328
20.45568
19.949024
20.28564
20.681171
20.74066
20.280756
20.51942
19.899605
20.48018
19.535034
20.38176
19.779013
21.292501
19.744392
20.53642
20.831663
19.94568
19.774496
20.598644
20.66048
20.651775
20.209232
19.875216
20.277393
20.026371
20.64579
20.509996
20.60398
20.260704
19.803186
20.791233
20.432158
20.252201
20.208004
20.47398
20.787842
19.830812
19.880182
20.959562
19.980585
20.00889
21.04322
20.402044
20.317057
19.739668
20.126013
20.586952
20.202927
19.558128
19.811693
20.09923
19.983084
19.789738
19.911205
20.246153
20.04403
20.17746
20.08814
20.234604
20.172333
19.853846
19.313854
19.919401
20.194092
19.6757
19.513428
20.058342
19.878849
20.616789
20.456251
20.853271
20.093513
19.898155
19.429644
19.4225
19.672235
20.106749
20.37456
19.926594
19.308716
19.984142
19.66676
20.997091
19.930267
19.80457
20.056787
19.78856
19.914864
20.192484
20.071728
19.731413
20.327244
20.708193
19.102987
19.871956
19.944056
19.57836
19.285126
19.419594
19.605783
18.956951
20.241165
19.910696
19.892807
19.920618
19.138573
19.363138
20.008144
20.1817
19.750042
19.462635
19.2392
19.942707
20.06649
20.03528
19.590311
19.13451
19.924335
19.499668
20.148785
20.020065
19.6268
19.751225
19.647852
19.725296
19.317652
19.340538
19.901524
19.781946
19.86002
19.786642
18.88534
19.88402
19.99036
19.408548
19.761644
19.723972
19.532223
19.24058
19.792852
19.272043
19.21201
19.680801
19.987797
19.916
19.666143
19.526117
19.789593
19.603264
19.594753
19.263742
19.119038
19.737083
20.030535
20.091436
19.963882
19.031664
19.798601
19.47131
19.242168
19.727808
19.326332
18.634447
20.189024
18.978083
19.506052
19.837015
20.401684
19.656158
19.009922
18.726624
19.598404
18.317757
19.147726
19.216171
19.54996
19.484837
19.560696
19.541475
19.10316
19.416
19.0611
18.877846
19.771204
19.22601
19.350985
19.099894
18.82925
19.165173
19.831465
19.027601
19.278463
18.290695
20.145315
19.423124
18.862803
19.173512
19.446499
19.043915
19.439121
19.67552
19.678818
18.689354
19.035648
19.233644
19.195332
19.004032
18.89754
19.173468
19.288973
19.30434
19.007744
18.72478
18.906143
19.39208
18.9978
19.04886
19.049965
18.442831
18.880606
18.670692
19.10848
18.681715
18.900352
19.380917
19.149324
19.50412
19.230267
19.323627
19.292625
18.746223
18.977468
19.21734
18.554298
19.150835
19.035984
18.49952
19.125303
19.030634
18.98716
18.909492
18.556547
18.674
18.634993
18.940285
18.810076
18.982275
19.001305
19.014454
18.960691
18.85054
18.980574
19.062162
18.686403
18.527222
19.075495
18.75878
18.853415
19.063013
18.792387
19.774778
18.114332
18.96927
18.808691
19.165234
18.007887
18.515688
18.766144
18.86632
18.482143
18.724056
18.267939
19.209572
18.44114
18.160725
18.648336
18.55818
18.410578
18.801683
18.532963
18.308365
18.812012
18.792505
19.464735
18.342815
19.413406
18.793549
18.318329
18.860348
18.943085
18.641205
19.00987
18.94558
17.876863
17.979712
18.23016
18.855928
18.744358
17.991636
18.596384
18.505384
18.034655
18.594435
18.473057
18.364164
18.609232
18.470444
18.347977
18.438433
18.332453
18.208496
18.58796
17.94441
18.039406
18.097332
18.665724
18.000153
18.136145
18.3845
18.69286
18.45582
18.163198
18.225378
19.0188
18.376608
18.113405
18.257032
18.298916
18.321371
18.228712
18.23227
18.926815
17.875109
18.734932
17.817743
18.22737
18.359493
18.578552
18.151615
17.90786
18.141
17.782204
17.78968
18.768396
18.191006
17.963194
17.989178
18.352291
18.500307
17.723072
18.585718
18.188654
17.5828
17.985115
17.872162
17.872288
18.06324
17.924442
18.470108
18.525684
18.215572
18.878391
17.67531
18.276491
17.689417
17.762968
17.433212
18.304985
17.895231
18.211569
18.190985
18.100683
18.1241
17.532251
18.584036
17.712671
17.874914
18.39585
17.97272
17.804283
18.286108
17.5203
18.364708
18.008104
17.63896
17.383932
17.529726
18.050436
17.82305
17.756596
17.495975
17.991997
18.172523
17.517508
17.745155
17.816694
17.814724
17.900911
17.894278
18.354063
17.314405
17.736835
17.725582
17.468512
18.356424
18.28698
18.043203
17.73066
17.942673
17.343588
17.17916
17.708496
18.144705
17.873608
17.471464
18.159351
18.169275
17.537184
17.382954
17.556198
17.905672
17.72071
17.504608
17.605785
17.499859
17.294386
18.155766
17.505339
17.99026
17.43116
17.758984
17.537191
18.249752
17.903671
17.225779
17.17362
18.051613
17.577948
17.345917
16.829882
17.19224
17.835175
17.708715
17.783451
17.937874
17.345663
17.810678
17.29034
17.62944
17.351383
17.0139
17.436172
17.258831
17.150578
16.884604
17.631968
17.188541
17.157707
17.09819
17.449177
17.161028
17.4906
17.349092
17.582996
16.956203
16.617441
17.92406
17.104097
17.928694
16.99118
17.534552
17.096287
16.900375
17.802917
17.121536
16.414278
17.322756
17.02606
16.589361
17.293516
17.32967
17.698956
16.797188
17.679691
16.88527
17.64726
16.939043
16.846142
17.688
16.78815
16.780493
17.227674
17.171045
17.108992
16.646511
16.87566
16.822216
17.159592
17.272848
16.784554
17.54553
17.43966
16.972588
16.599571
17.13483
17.46618
17.241928
16.790945
16.743298
16.559439
17.14698
16.84827
16.922075
17.227053
16.983084
17.223698
17.172928
16.642431
16.438051
16.595182
17.04874
16.453716
17.588068
17.698704
16.412928
16.742443
16.466557
16.598234
16.871082
17.317509
16.885744
17.071156
16.684965
17.081518
16.56019
16.64429
16.519875
16.846205
16.779373
16.723146
16.24061
17.640755
16.405287
16.901138
16.75432
16.478088
16.463709
16.088282
17.279112
16.832808
16.886208
17.180017
16.820055
16.407274
16.469744
16.009665
16.757446
16.86384
16.738823
16.233349
16.779423
16.442291
16.106611
17.043419
16.584457
17.003212
16.567696
16.662743
16.450974
16.486216
16.758677
16.506676
16.13086
16.363298
16.76575
16.073036
16.619932
16.604095
16.658417
16.103909
16.258152
16.462215
16.59514
16.105373
16.46844
16.180313
16.29219
16.048803
16.441164
16.39492
16.24675
16.028006
16.280226
16.311373
16.290533
16.365005
16.15012
16.600874
16.217466
16.416063
15.781746
16.408304
15.815192
16.269226
16.267769
16.07995
15.707731
16.38492
16.276634
15.966934
16.287687
15.791087
16.410322
16.306887
15.987466
16.864311
16.245731
16.814713
16.421635
16.480314
16.293404
16.181684
16.27232
15.956258
16.312624
16.380741
16.164759
16.030312
16.487928
16.002102
16.296375
16.289425
15.769958
16.252934
16.321129
16.479357
16.072092
16.04057
16.263212
15.584487
15.496308
16.062935
16.07533
15.613135
16.00231
15.709417
16.64255
15.903346
16.32302
15.19336
16.049715
16.002869
15.733184
16.635942
16.503155
15.887584
16.448883
15.53254
16.062168
15.053834
15.739606
15.626502
15.796771
16.167332
15.599482
16.004541
15.698297
15.4055395
15.335764
15.38672
16.723722
15.853111
15.990892
15.77534
15.693594
15.787014
15.6587
16.155054
15.910446
15.792568
16.653362
15.507514
16.012875
16.105433
15.5890875
15.02962
15.491646
15.608481
16.27387
15.892176
15.777256
15.410127
15.637604
15.290241
16.596527
15.976043
15.678132
15.931878
16.062973
15.198062
15.792755
15.90813
16.205494
15.683758
15.501274
15.939182
15.267926
15.674859
15.801048
15.909631
15.554233
15.507598
16.063334
16.043571
15.729438
15.478325
15.438302
15.951224
15.747508
15.849448
15.57165
15.82889
15.269425
15.261663
15.349321
15.655137
15.839054
16.586918
15.698684
15.725065
15.765371
15.634386
15.768504
15.33642
15.056941
15.398958
15.462438
15.256691
15.633466
15.5754175
15.401062
15.833092
15.371394
15.291829
15.230182
15.2080555
15.717406
15.117644
15.654868
15.392242
15.143184
15.501747
15.511894
15.185819
14.73975
15.064811
15.598631
15.917629
15.954722
15.59169
15.47536
15.058985
14.843736
15.473212
15.091606
14.971961
14.81892
15.498351
15.528824
15.358964
15.13882
15.494369
15.099668
14.993472
15.838816
15.62997
15.45473
15.310569
15.329289
14.814776
15.230673
15.594714
15.041909
15.298714
15.557206
15.298067
15.329274
15.385229
16.026579
14.82559
15.212406
15.004427
15.18796
15.212552
15.556184
15.163074
14.627626
15.513204
15.236993
15.156573
14.826399
14.708218
15.31452
15.281262
15.390064
14.784778
15.055967
15.719182
14.982466
15.257888
15.140159
14.926738
14.914259
14.682752
14.55684
14.77852
14.807767
14.668754
15.698163
15.391725
15.077094
14.770872
15.297564
15.444334
14.686966
15.252048
15.328448
14.814848
15.232436
15.423948
14.542356
15.829605
14.764539
14.875815
14.927984
14.782568
14.837788
14.757413
14.600959
15.109803
14.667392
15.199472
15.07655
14.88631
15.168104
16.027409
15.041144
14.944594
14.904887
14.875782
15.427353
14.680836
14.794559
15.155967
14.881664
15.364134
14.707914
14.866232
14.79803
14.8182745
15.362982
15.10707
14.744357
14.825461
14.845467
14.79396
14.644816
14.381106
14.945602
14.205196
14.479448
14.305377
14.688804
14.772752
15.261579
14.724778
14.754902
14.462346
14.284992
14.583316
14.535326
14.117445
14.602584
14.989195
15.070378
14.221604
14.07157
14.560057
14.503194
14.693057
14.444274
14.707621
14.845418
14.968076
14.655777
14.808642
14.967552
14.548761
14.585131
14.6255245
14.620888
14.445424
14.329098
14.189634
14.2943
15.130186
14.357
14.037432
14.702445
14.941352
14.12192
14.637975
15.3122
14.023694
14.46453
14.270388
14.549936
14.665994
14.440038
15.06573
14.8027935
14.062398
14.813056
14.012936
14.657365
14.889175
14.570309
14.641232
14.161451
14.21905
14.667596
14.228956
14.805455
14.0856
14.8458805
14.259816
14.48521
14.302396
14.636171
14.991959
14.617717
14.97131
14.343592
14.222209
13.839014
14.6256275
14.53881
14.832742
14.25496
14.42129
14.43867
13.75123
13.947966
13.809954
14.77567
14.512284
14.651933
14.47131
14.369794
14.180636
14.408474
14.553162
14.18354
13.784538
14.148772
14.002332
14.666844
13.854914
13.964344
13.723215
14.124654
14.463812
13.934021
13.654868
14.13705
14.200584
14.028849
14.173526
13.917082
13.861984
14.388561
14.175416
13.678736
14.050704
14.598199
14.299708
14.455208
13.4521885
14.275921
14.327365
13.95619
13.994134
14.88374
14.130451
14.387859
14.37074
13.84639
13.557642
13.610038
14.108874
13.669054
14.06386
14.191455
13.878577
14.106674
14.087304
13.878828
13.825301
14.139526
13.871278
13.702998
13.804994
14.280555
13.827324
13.776542
13.883094
13.887502
13.893448
14.320626
13.671898
13.622451
13.520608
14.445585
13.665584
14.485794
14.039772
14.007707
13.59991
14.119781
14.206324
13.79276
13.399274
13.42933
14.349672
13.874376
13.301089
13.731035
13.894159
13.598935
13.879237
13.570115
13.629456
13.996506
13.142616
14.010198
13.764054
13.721118
13.864209
13.979219
13.219306
13.504924
13.552278
13.29568
13.873098
13.406458
13.165548
13.640102
13.926752
13.17414
13.418095
13.824706
13.207106
13.218513
14.072538
13.429592
12.936922
13.7724285
13.292098
13.671905
13.43134
13.03812
13.430178
13.646476
12.668058
13.955925
13.458498
13.609638
13.858132
13.9268875
13.163028
12.989212
13.691732
13.476984
13.201667
13.132879
13.152408
13.057052
13.691174
13.478211
13.452684
13.600508
13.4385
13.161676
13.351241
13.3924675
12.837638
13.111146
13.166646
13.511742
13.772612
13.255964
13.353306
13.145104
13.235636
12.913964
13.171252
12.922692
12.598445
13.992133
13.35483
13.432196
12.651424
13.464312
13.124379
12.778086
13.338246
13.2935295
13.17373
13.952484
13.497176
12.895042
13.411752
13.154778
13.131408
12.723508
13.2511215
12.668483
12.883524
13.143057
13.259726
13.789208
12.860363
13.172509
13.396902
13.378584
12.970618
13.061202
13.1372175
13.795843
13.027038
13.007233
12.869072
12.92066
13.627697
13.266578
12.81427
13.0804615
12.984485
12.599534
12.949528
12.987074
12.874464
13.121757
12.770031
12.814996
12.683747
12.862647
13.056308
12.703848
13.13012
13.294128
12.499077
12.951972
12.69769
12.57961
12.710163
12.851683
13.26504
13.529914
12.96195
13.105282
12.562504
12.304359
12.519682
12.555333
13.049177
12.660874
12.336742
12.50477
12.896862
12.552518
12.246953
12.624894
12.867266
12.508486
12.732476
12.71854
12.828523
12.8904295
12.744374
12.310258
12.609166
12.609937
13.046558
12.344664
12.829164
12.548566
12.145086
12.49098
12.662882
12.663224
12.848584
12.775227
12.856866
12.720369
12.454449
12.145044
12.934287
12.11303
11.91216
12.301098
12.69787
12.886835
12.365972
12.327863
11.781449
12.197144
12.446994
12.367981
12.693468
12.211426
12.494193
11.661127
12.207826
12.74998
12.45231
11.867112
12.66124
12.214338
12.095494
12.248756
12.315266
11.739668
11.896284
12.489596
12.125279
11.645094
12.172796
12.002118
12.302437
12.16626
12.41458
11.96373
12.064167
12.17394
12.326563
11.866044
12.171343
12.487319
12.293096
12.353226
12.029164
12.034658
11.638931
12.341791
12.151566
11.756417
12.68137
12.169788
11.909136
11.707648
11.678174
11.653101
11.89476
11.78151
12.216344
11.896112
12.246249
12.092415
11.882516
11.624782
12.082955
11.218965
11.98687
11.781816
11.928296
12.045339
12.062276
11.721428
12.150081
11.606854
11.924572
12.422315
11.7554
11.939774
11.5461235
11.433973
12.571125
11.893398
11.940144
11.665186
12.016154
11.350794
12.064839
11.967159
11.935826
12.227852
11.612384
11.054638
11.665952
11.734362
11.303465
11.634184
11.872918
12.270202
11.524744
12.268198
11.733309
11.719542
11.618425
11.610442
11.777978
11.736749
11.12879
11.50225
11.456957
11.49485
11.573919
11.941824
11.612246
11.534888
11.738068
11.65584
11.121766
11.175167
11.6299
11.330666
11.413478
11.681006
11.485739
11.858594
11.727262
11.895146
11.477976
11.864728
11.415728
11.775668
11.55071
11.25079
11.615176
12.0555
11.7262125
11.316874
11.531782
11.763632
11.593757
11.749816
11.6620035
11.611205
11.03097
11.670448
11.353918
11.406674
11.8078165
11.878658
11.857824
11.540862
11.597356
10.994956
11.001702
11.649266
11.501856
11.470504
11.166433
11.554975
11.358794
11.67199
10.90802
11.581894
10.776394
11.433609
10.820379
11.11808
11.006091
11.212741
11.290634
11.591898
11.252958
11.245023
11.379606
11.181606
11.289016
11.890989
10.951336
11.265943
11.360258
11.114358
11.824516
11.252628
11.462822
11.5085
11.419397
11.321804
11.069473
11.424901
11.106208
11.345426
10.643472
11.037137
11.145838
11.698422
11.733308
10.668262
10.720927
11.091016
10.617903
10.960584
11.150567
11.542438
11.21511
10.969121
10.908612
10.712547
11.672508
10.594414
10.9854555
10.858245
11.130696
11.233884
11.573322
10.940174
11.039105
11.280566
10.808024
11.107108
10.77845
10.973938
11.459439
10.528311
10.986293
10.901325
11.498148
11.098521
10.832763
11.258941
11.255669
10.651594
10.936704
11.102224
11.038918
10.61157
11.07088
10.381038
10.994388
10.998488
10.79236
10.802762
10.626864
10.919022
10.723142
11.085858
11.162987
10.793753
11.225378
11.26122
10.236288
10.883222
11.103562
10.818869
11.12859
10.831423
10.939938
11.106613
10.700308
10.505031
10.454153
10.982765
10.780999
10.322236
10.525138
10.94557
10.899503
11.121343
11.01976
10.953375
10.405782
10.6003475
11.150409
10.568832
10.64292
10.45751
10.639616
10.56441
10.740469
10.65339
11.561692
10.3834095
10.83715
10.447394
10.521532
10.208657
11.049057
10.216796
10.522139
10.948569
10.709524
10.829212
10.999211
11.034679
11.552704
10.809768
10.687264
10.917217
10.649976
10.669454
10.42307
10.3646755
10.274312
10.643936
10.444346
10.647154
10.544659
10.691261
10.74306
10.733792
10.902385
10.454472
10.834932
10.246122
10.568638
10.714641
10.967458
10.378874
10.306358
10.196407
10.570488
10.3912
10.598424
10.532805
10.304354
10.395274
10.200614
10.396937
10.565288
10.145168
10.815098
10.663607
9.972564
10.642745
10.102182
10.07424
10.850774
10.551278
10.499577
10.781174
10.962459
10.870677
10.683044
10.895303
10.398844
10.498634
10.033614
10.842378
10.538663
10.46871
9.893101
10.001131
10.592704
10.447085
10.772072
10.627952
10.386643
10.394316
10.182807
10.349444
10.841588
10.707528
10.128902
10.229636
10.579416
10.546043
10.203847
10.383364
10.486572
11.007634
10.270627
11.142372
10.399136
9.938558
10.583773
10.061422
10.08092
10.208818
10.483523
10.218988
10.13792
10.118479
10.001903
10.329018
10.451071
10.594758
10.150271
10.523959
10.06751
10.160456
10.652653
9.809386
10.360882
9.982943
10.101651
9.870154
10.206651
10.1303625
10.076889
10.28894
10.726436
9.748104
10.174068
10.250776
10.308106
10.531667
9.98781
10.33409
10.413162
10.478104
9.995416
10.773332
10.424304
10.146065
10.062041
10.466749
10.37475
10.10796
10.320708
10.37021
10.742582
10.289006
10.11255
10.101453
10.288671
9.834118
10.078572
10.028588
10.256992
10.071996
9.85547
10.25223
9.91879
10.190026
10.079704
10.132658
9.943795
9.829164
10.363922
10.359755
10.45036
10.066756
9.435856
9.891506
10.51207
10.220588
10.323715
10.333428
10.288085
10.318541
10.269092
10.080634
10.2152195
10.125521
10.169588
9.838546
10.223242
10.219696
10.367546
9.564756
10.621473
9.91959
10.279905
9.736451
10.047322
10.047535
9.551506
10.155938
9.581173
10.282966
10.148192
10.001648
9.601682
10.232729
10.347358
9.933195
10.265035
10.417282
9.482172
9.975766
9.976256
10.657174
10.16232
10.567688
10.350293
9.950542
9.915273
10.179431
9.923027
9.922554
10.021966
9.799864
10.271913
9.762456
9.608438
10.229051
10.45305
9.952996
10.026514
10.08569
9.889164
9.582122
9.713654
9.90561
9.379871
10.025216
9.781572
9.857839
9.891843
10.042146
9.638339
9.916114
10.199364
9.459314
9.991728
9.841016
9.533071
10.582682
9.546916
10.026173
10.00931
9.914175
9.703627
9.745964
10.14781
9.996822
9.712392
9.904416
9.849505
9.633088
10.029104
9.928461
9.892357
9.920436
10.3546
10.48695
9.846019
9.627577
9.5838375
10.040554
9.265146
10.173451
9.534476
9.98685
9.595354
10.010432
10.230818
9.655049
9.757026
9.477525
9.395404
10.431153
9.817898
9.802538
9.650682
9.962169
9.873318
9.967876
9.755204
10.006451
10.024518
9.406002
9.66167
9.8572235
9.339682
10.17146
10.015383
9.644478
10.096002
9.79911
9.910994
9.884364
9.608835
9.358888
9.621042
10.060702
9.342539
9.793715
9.82648
9.214388
9.5271635
9.573327
9.739462
9.233407
9.598596
10.063124
9.846029
9.9241085
9.821441
9.598556
9.649761
9.745916
9.532603
9.521086
9.632136
9.935188
9.347632
9.591773
9.641324
9.793264
9.747854
9.791159
9.481194
9.462663
9.619217
9.418149
9.749914
9.449388
9.419116
9.467536
9.198568
9.208337
9.524052
9.772331
9.694715
9.585636
9.531011
9.456716
9.547098
9.265918
9.7139015
9.730736
9.442199
9.211682
9.789684
8.889841
9.485471
9.5654745
9.58114
9.426234
9.38523
9.114128
9.615964
9.6393175
9.857638
9.603381
9.719772
9.9924345
9.149578
9.768073
9.6041975
9.558494
9.809983
9.3644905
9.207364
10.040106
9.4665
9.420622
9.299072
9.680424
9.571639
9.645544
9.870176
9.631477
9.646216
9.613865
9.529171
9.149792
9.985283
9.435858
9.989136
9.356909
9.961972
10.083343
9.264068
9.690227
9.59173
9.4693
9.669456
9.820921
9.88021
9.502917
9.188372
9.54074
9.747356
9.816194
9.32064
9.657087
9.110142
9.564098
9.568197
9.628052
9.374844
9.509818
9.566171
9.409416
9.477594
9.547334
9.47442
9.280809
8.961688
9.248716
9.3973
9.302936
8.936552
9.85825
9.362108
9.330043
9.160004
9.266042
9.810214
9.501456
9.254302
9.488592
9.697399
9.152093
9.214375
9.933766
9.701528
9.035096
9.362392
9.148386
9.145392
9.101086
9.308894
9.448111
9.345048
9.276192
9.128308
8.914755
9.669244
9.2169895
9.369654
9.169038
9.340412
9.451959
9.024313
9.311707
9.227418
9.183324
9.2694845
9.26137
9.466934
8.678565
9.281302
9.290422
8.881806
9.064342
9.749026
9.050155
9.211587
8.807966
9.048468
8.927405
9.391524
9.483298
9.341326
9.390758
9.3245735
9.3862705
9.425974
9.214089
9.278724
8.788203
9.421258
8.904614
9.247094
9.475674
9.433018
9.723067
9.22173
8.917448
8.907464
9.311988
9.215587
9.057292
9.12161
9.145949
9.287191
9.223346
9.433329
8.823969
9.23361
9.252064
9.572054
9.5538
9.335755
9.083792
9.384407
9.352726
9.362722
9.1276245
9.284578
9.496662
9.641998
9.057448
9.442786
9.202379
9.39041
9.321788
8.550793
9.055786
9.427928
9.572664
9.111335
8.950381
8.937252
9.052679
8.866634
9.050643
9.013092
9.456785
9.075556
9.071022
9.086381
8.85827
9.214922
9.443401
9.516147
8.927128
9.16058
9.166296
8.824448
8.560424
8.945936
9.21925
9.43935
9.138044
8.893561
9.586652
8.393481
9.372862
8.984656
9.042555
9.246446
8.587019
8.500188
9.234164
9.123664
8.92789
9.170724
8.870054
9.175163
9.222754
8.9584255
9.362134
8.915477
8.966917
9.35759
8.914426
8.944515
8.92173
9.18717
8.80479
9.370052
9.159988
9.102916
8.811892
9.083218
9.042561
8.907164
9.111654
8.850546
8.827968
9.240405
9.207629
9.522777
8.955642
9.158824
8.936184
9.142536
9.063905
9.24043
8.551172
8.945438
8.664868
8.87987
8.972564
9.233535
9.26453
9.112981
9.070914
9.1760845
8.555669
9.06112
8.872303
8.906203
9.042952
9.06149
9.14883
9.192174
8.85694
8.9064455
9.491634
9.013704
9.152258
9.036013
8.740602
9.200436
9.210452
9.225643
9.52858
9.149024
8.737858
8.978301
9.40526
8.891813
8.746526
8.811216
8.575014
8.826565
9.05413
8.875399
8.552713
8.921791
8.688989
8.865672
8.819142
8.975164
8.847037
8.685832
9.013729
8.677606
8.847576
8.676323
9.233911
8.993156
8.430708
8.52918
9.124975
8.446477
9.091062
8.963746
9.016181
9.053784
8.987671
8.746965
8.7858715
8.810065
9.08493
8.946844
8.773054
8.739518
9.232803
8.6529045
9.447463
9.085806
8.90846
8.785157
8.824804
8.865853
9.098296
8.810912
8.9116535
8.932436
8.856775
9.255465
8.71558
9.167196
8.368372
8.66685
8.77806
8.874046
8.870664
8.652478
8.879759
8.851558
8.968425
8.620466
8.815847
8.836502
9.040263
8.570833
8.9511175
9.148148
9.170394
8.8265295
8.432684
8.453803
8.705148
8.899244
8.57577
8.645886
8.716344
8.768048
8.536225
8.819627
8.66789
8.753648
8.554956
8.622812
9.027582
8.61665
9.114384
8.832341
8.5788555
8.46071
8.791615
8.724594
8.618478
8.825948
8.45648
8.956852
8.474544
8.150486
9.126264
8.602162
8.985793
8.609258
8.594542
8.58834
8.924464
8.526498
8.8397455
8.349323
8.361196
8.99098
8.876491
8.989996
8.612349
8.493203
8.82539
8.757659
8.721138
8.776904
8.823992
8.792175
8.638304
8.459748
8.602973
8.648533
8.750789
8.695646
8.556918
8.847148
8.447552
8.58785
8.387118
8.583724
9.104348
8.78335
8.76204
8.593791
8.92729
8.548457
8.782704
8.251977
8.436794
8.6003475
8.721735
8.536574
8.934131
8.504846
8.762637
8.963354
8.570368
8.69067
8.433872
8.783374
8.352104
8.264068
8.82577
8.484641
8.22841
8.755152
8.150667
8.668606
9.000344
8.554364
8.528764
8.623224
8.835839
8.053908
8.500708
8.297856
8.95541
8.619724
8.426447
8.689231
8.927716
8.582221
7.9845586
8.601456
8.711422
8.457498
8.593162
8.66393
8.66138
8.969612
8.6123085
8.768922
8.327572
8.138465
8.471911
8.172601
8.979107
8.694202
8.4405775
8.344115
8.112655
7.95013
8.282506
8.602074
8.420078
8.521936
8.428326
8.06751
8.5020275
8.527172
8.73456
8.238524
8.160572
8.017037
8.531716
8.575829
8.265299
8.774044
8.338305
8.462645
8.225516
8.690868
8.664022
8.28458
8.029278
8.420502
8.666572
8.488222
8.022739
7.953483
8.309387
8.204225
8.194618
7.978698
8.74364
8.557876
8.050061
7.8634744
7.840071
8.362148
8.911254
8.533358
8.407389
8.530392
8.398486
8.738097
8.457374
8.63292
7.857108
8.42247
8.503837
8.43944
8.731849
8.374098
8.383072
8.112697
8.85551
8.150536
8.284065
8.764172
8.270871
8.527718
8.408472
8.289692
8.031318
8.51765
8.683682
8.24519
8.612551
8.49919
8.429661
8.153216
8.516985
8.164755
8.164162
8.330551
8.394798
7.998455
8.176601
8.505772
8.547862
8.10675
8.52113
8.4215555
8.660162
8.482692
8.547621
8.343571
8.165098
8.405473
8.369564
8.538592
8.42878
8.276938
8.50543
8.346701
8.200479
8.186688
8.2443695
8.305293
8.479763
8.473761
8.551344
8.400324
8.188287
8.180389
8.537842
8.230044
8.542433
8.130031
8.12939
8.202398
8.383941
8.205447
8.347742
8.347971
8.212258
8.155986
8.279671
7.98236
8.585765
7.995541
8.185851
8.494677
8.328683
8.362111
8.143938
8.566568
8.487566
8.353622
8.599244
7.903684
8.283167
8.233236
8.127058
8.154376
8.285519
8.085479
8.428776
8.305286
8.368942
8.121364
8.314768
8.300069
8.098528
8.398966
8.224354
8.545064
8.298984
8.388894
8.379451
8.22969
8.171319
8.150179
8.085483
8.296248
8.153186
8.354686
8.229214
8.182926
8.398602
7.6396503
8.029585
8.3607645
8.445123
8.064159
8.64344
8.337035
8.147873
7.678302
8.279099
8.162041
8.228131
8.483674
8.237471
8.400802
7.983518
8.185507
8.10901
8.337958
8.011184
8.007896
8.261682
8.083172
8.225022
8.195796
8.325047
8.317639
8.163153
8.238468
8.2171
7.865772
8.076021
8.004619
8.586176
8.561488
8.420678
8.205563
8.301519
8.270766
8.003813
8.612524
7.96432
8.065533
8.438811
8.367933
8.03417
8.467281
8.224021
8.514762
8.32573
8.484186
8.165557
8.207017
8.211883
7.8779044
8.395123
8.64412
8.257149
8.33456
8.1192045
7.98759
7.9804893
7.889332
8.291349
8.189081
8.507561
7.6995
7.833186
8.1036
7.682727
8.100333
7.9950747
8.12481
7.741221
7.8805285
7.812624
8.175726
8.219565
7.775538
8.182204
7.882876
8.220266
7.7883162
8.160377
8.118523
8.213646
7.962659
7.720945
8.117486
8.102146
7.8890357
8.1947975
7.8337617
8.203263
8.255839
8.093171
7.9114666
7.4842386
7.8581133
7.888758
8.252859
8.139991
8.240158
8.517433
7.797545
8.081838
7.9847026
8.076156
8.372291
8.353144
8.000845
7.9440837
7.9816847
8.356698
8.232497
8.279233
7.378854
8.189141
7.8304787
8.115533
8.414721
8.215208
8.200143
8.009344
8.014316
8.128191
7.7447476
8.008476
8.185768
8.0548935
8.192492
7.8305
8.199731
7.823475
8.324472
7.784718
8.223774
7.864079
8.058581
8.068867
8.235392
7.91096
7.6281195
7.796921
8.086803
8.281976
8.0380945
8.154401
7.900959
7.670711
7.745061
8.043497
7.9536495
8.183877
7.8436437
7.9252377
7.8761635
8.183936
8.00675
8.152127
7.9012485
7.834738
8.083278
7.641237
8.226006
8.097784
8.086544
8.097953
7.75273
8.196512
7.872528
7.619032
8.221776
8.081296
8.164414
7.9046574
7.55278
7.849582
7.765181
8.118277
7.862934
7.807509
7.95777
8.346486
8.073579
8.513359
7.982095
7.909081
8.212166
7.714562
7.724644
7.629062
7.898174
7.838265
8.173482
8.11585
8.036502
7.6995945
8.321013
7.669253
7.9862757
7.5974317
8.140025
7.774265
7.8406734
7.717619
7.898244
7.6294546
7.666439
7.8309016
8.026704
7.7683473
8.141017
7.616968
7.579022
7.726709
7.7282696
7.704482
7.755289
7.460107
7.8206058
7.4765835
7.7508817
7.7986975
8.019744
7.7951083
7.616527
7.257508
7.943388
7.590651
7.828427
7.70336
8.079673
7.913204
8.141272
7.941278
7.716836
7.446415
7.918436
7.8291306
7.939432
7.310081
7.79843
7.6996884
8.099323
7.7540555
7.4795976
7.4283056
7.5298176
7.5610695
7.851305
7.4010816
7.580094
7.473674
7.718196
7.8510294
8.263865
7.47317
7.715874
7.824321
7.5549316
7.949468
7.9070983
7.564224
8.059336
7.526414
7.495006
7.791467
7.8333035
8.301231
8.052716
8.084968
7.6141853
7.7734556
7.970779
7.759123
7.877857
7.579415
7.813845
8.033358
7.947741
7.5292478
8.214253
7.63999
7.532425
7.903609
7.5002666
7.593105
7.55554
7.400488
7.7258115
7.9325027
7.805932
7.396264
7.8637023
7.6349945
7.8714895
7.656289
7.580032
8.056081
7.44772
7.647374
7.561757
7.522122
7.911868
7.881174
7.469222
7.6719236
7.501424
7.686818
8.101269
7.5371456
7.6765704
7.862544
7.824395
7.797579
7.885415
7.6998334
7.7554975
7.960374
7.708707
7.4249735
8.010895
7.7027245
7.467144
7.582308
7.8076973
7.548409
7.720864
7.558784
7.525776
7.359628
7.814859
7.532029
7.987197
7.492212
7.4273443
7.3731627
7.663363
7.6374593
7.653319
7.3414187
7.5783334
7.729484
7.541711
7.7247634
7.888131
7.1340823
7.404841
7.804304
7.311775
7.505854
7.264687
7.454116
7.6268325
7.318754
7.357141
7.539514
7.7760787
7.740243
7.4845543
7.3582425
7.7756886
7.770872
7.729732
7.2492085
7.450664
7.627302
7.308773
7.7157383
7.57042
7.368949
7.4269953
7.432879
7.6021347
7.520066
7.603067
7.381428
7.4867063
7.615164
7.786225
7.511424
7.641858
7.635548
7.026606
7.530047
7.230163
