26.655285
26.980581
27.150734
27.07508
26.610516
26.178339
26.445404
26.070976
25.642937
25.970371
25.835283
25.519827
25.519556
25.286148
25.63388
24.388319
24.958843
25.307936
25.23598
24.829481
24.505661
24.432976
24.334225
23.75388
23.818138
23.688068
23.330881
23.313072
23.879446
22.691261
23.12156
22.350584
21.756207
21.09984
21.774176
21.29766
20.754375
20.06512
20.471596
19.916927
19.316978
19.132734
18.653744
18.772549
18.69933
18.151093
16.960016
16.94447
16.814203
16.205744
15.04234
15.520858
14.697491
15.051812
14.610469
14.50264
14.579991
13.8771515
14.267292
13.358859
13.437426
13.55025
13.667485
12.898458
12.822779
12.825253
12.8493595
13.083892
12.606033
12.443457
12.120974
12.826481
11.694643
12.14592
12.259741
11.713245
11.148662
11.490197
11.392519
11.618756
11.687244
10.924719
11.169646
11.242368
11.270902
10.727521
10.451786
10.830534
10.776434
10.429227
10.066019
10.757788
10.638432
10.289278
10.434214
10.601859
10.055046
10.258495
10.534736
10.07171
9.679206
9.425003
10.11634
9.216725
9.432317
8.92086
8.99145
9.329144
9.310832
9.126679
8.479105
8.634009
9.006098
8.518545
8.683197
8.9121475
8.256545
8.098616
8.457564
8.317305
7.5902624
7.93565
7.6430078
7.5849457
7.63645
7.724184
7.55674
7.14982
7.428336
7.084847
6.9150844
7.059279
6.983564
6.5829773
6.519302
6.64306
6.886348
6.47357
6.702386
6.178161
6.3242674
6.150061
5.956288
6.003061
5.791417
5.8092175
6.156825
5.751909
5.746948
5.939003
5.5471296
5.639446
5.088965
5.710804
5.184056
5.2073655
5.274511
5.328925
5.342234
5.3902617
5.261005
5.261348
5.043623
4.987415
5.1858816
5.035765
5.009135
5.0976963
4.9707046
5.0238204
5.199561
4.996748
4.772603
4.775353
5.033669
4.850214
4.774967
4.870599
5.102191
4.502743
4.617066
4.745281
4.666131
4.6136413
4.887458
4.598684
5.060908
4.813469
4.990876
5.124505
4.9132905
4.926607
4.887488
4.6969585
4.720557
4.646816
4.5825105
4.766861
4.851811
4.6123357
4.787306
4.859155
4.93866
4.546459
4.8484297
4.722763
4.567129
4.725649
4.772634
4.8528457
4.754618
4.9857874
4.8032804
5.050097
4.5658436
4.760165
4.764156
4.8163705
4.6035304
4.4346285
4.784187
4.7193
4.642654
4.6709414
4.941127
4.813798
4.5349627
4.610984
4.70815
4.948002
4.525038
4.488583
4.8757715
4.472394
4.825963
4.646077
4.530647
4.456593
4.542426
4.5793486
4.4001923
4.825103
4.582852
4.7958326
4.704451
4.319211
4.558517
4.30786
4.6622267
4.455037
4.2524033
4.308074
4.483035
4.336614
4.613451
4.5137105
4.5709124
4.6275897
4.4462543
4.2621145
4.3807673
4.3043375
4.416176
4.335852
4.3062
4.625245
4.5109673
4.657257
4.4806695
4.3289633
4.525225
4.466391
4.524073
4.168221
4.509837
4.601632
4.4246426
4.262456
4.6182055
4.640779
4.555863
4.587539
4.490081
4.66082
4.499595
4.6481094
4.688688
4.556243
4.236294
4.5318747
4.175323
4.511927
4.420017
4.263511
4.286739
4.6179657
4.209796
4.309305
4.543351
4.487506
4.708147
4.3158026
4.800833
4.883056
4.3906584
4.421647
4.418481
4.250676
4.320823
4.0750465
4.1708703
4.313199
4.0748487
4.624621
4.396238
4.27329
4.21947
4.2228837
4.0627027
4.817816
4.1653137
4.091953
4.1647506
4.24815
4.5155945
4.336175
4.4536333
4.375267
4.14904
4.012274
4.546925
4.4130697
4.2558103
4.0538745
4.287732
4.2496867
4.2153344
4.1782613
4.53326
3.9303315
4.2631235
4.135589
4.452992
4.2111883
4.1001277
4.445098
4.297891
4.089403
4.133213
3.9520605
4.122666
4.0650544
4.3088036
4.3239374
4.078177
4.125693
4.3868346
4.315295
4.4152226
3.8967066
3.847281
3.951864
4.356413
4.3709717
4.224453
4.1477423
4.226104
4.3125143
4.1718574
4.0535407
4.0050716
3.972505
3.9564054
4.178243
4.1448927
3.9111907
4.283937
4.264449
4.399793
4.1640515
4.1043086
4.2880974
3.9335926
3.7427104
3.9069152
4.37688
4.123326
4.0764017
4.1845613
3.9893265
4.2845025
4.1205487
4.119723
3.86921
4.013497
3.8745742
4.0701222
4.057822
3.8504486
4.046427
4.208133
3.8651218
3.8871596
3.7658086
3.6121948
3.7714381
4.07339
3.5948226
4.0170975
3.9495382
4.083813
4.226224
4.156954
3.9771802
3.8269687
3.8107843
4.0409503
3.775387
3.602314
3.8747065
3.740409
3.6574116
4.020895
3.909889
3.80833
3.875225
3.9038112
3.8279488
3.587697
3.6006663
3.9654427
3.8570182
3.8975008
3.7353795
3.91332
3.540935
3.6897757
4.0372066
3.965975
3.9991162
4.2975087
4.204004
4.263464
3.8024433
3.955076
4.0656567
3.7257907
3.9292045
4.0670424
4.096918
4.026906
3.9164941
3.7240076
3.971014
3.67836
4.0554075
3.7057624
3.890661
3.860051
3.720004
4.1564445
4.0725493
3.7369945
3.7838645
3.7301092
3.8032296
3.921925
4.1260023
3.8777492
3.8401783
4.072597
3.7447975
3.9034615
3.8873606
3.6806486
3.6908436
3.6772747
4.015856
4.068133
3.6178768
3.9372265
4.077315
4.148896
4.014474
3.784435
3.775795
3.9861817
3.9482594
4.095099
3.931721
4.1291604
4.0038853
3.9405715
3.9241786
3.9066024
4.1177955
3.9307654
3.8074245
3.9717052
3.9631414
4.100828
4.100402
3.8401854
3.7839112
4.429011
3.8294153
3.9038675
4.0041285
4.0617537
4.231397
4.368241
4.005516
4.1005507
4.1091986
3.7916682
4.0275593
3.6771312
4.2072916
3.9276555
4.1712418
4.4509416
4.2786455
4.193411
3.924604
4.140907
4.185789
3.8018088
4.050761
4.343606
3.972511
4.084545
4.1857443
4.168849
3.974892
3.7655494
3.9084902
3.6985457
3.733986
3.893983
3.7422614
3.8455215
3.6217196
3.8517435
3.8107595
3.579748
3.9327345
3.8743944
3.6858265
3.6956556
3.8763247
3.6749187
3.707263
3.8325188
3.5825067
3.725889
3.4215763
3.833609
3.4572217
3.5848167
3.7177374
3.7193177
3.9029806
3.549922
3.521326
3.735828
3.6916761
3.617734
3.650972
3.5757363
3.8038769
3.6309507
3.832004
3.5848563
3.8156993
3.6311646
3.5495596
3.5639563
3.536345
3.68025
3.5903375
3.830097
3.5919805
3.7209773
3.621134
3.4848344
3.4180775
3.351155
3.6804144
3.7909255
3.7542214
3.7284875
3.6676514
3.529096
3.4371269
3.648252
3.3567936
3.397755
3.7193506
3.605483
3.531695
3.64595
3.7565806
3.4853508
3.347606
3.5066555
3.5324008
3.5887182
3.6017168
3.4792955
3.5894892
3.2502015
3.6289134
3.3429217
3.5888965
3.209136
3.4325662
3.4256566
3.6556284
3.653214
3.3905213
3.4226534
3.309838
3.3946354
3.352547
3.4447656
3.3766983
3.254772
3.2444768
3.4603367
3.6731648
3.5258725
3.483335
3.2821977
3.5145817
3.4329884
3.3773031
3.3649364
3.338974
3.1892405
3.333787
3.229418
3.6123748
3.390976
3.390557
3.3584487
3.2782357
3.3938746
3.4417858
3.2219727
3.6552415
3.230707
3.279592
3.36598
3.2932777
3.538037
3.3484213
3.3993669
3.2280884
3.4512413
3.2350779
3.5040896
3.313836
3.3709292
3.5587945
3.3488326
3.4735096
3.4626243
3.5937295
3.642953
3.2807615
3.4744747
3.252152
3.4723403
3.291357
3.6781325
3.2980323
3.4460402
3.3931773
3.4085145
3.342019
3.22672
3.198577
3.3461502
3.2308254
3.6226397
3.142303
3.2656927
3.376516
3.5310154
3.3170533
3.1871781
3.353525
3.5471795
3.2762568
3.4076154
3.1465068
3.3049114
3.3302085
3.4923995
3.4816606
3.1303895
3.3153102
3.1657948
3.3937118
3.2557545
3.0987725
3.235072
3.2647698
3.013145
3.3469925
3.0813742
3.3699203
3.2791767
3.161403
3.0100672
3.388778
3.237616
3.221619
3.3310902
3.170394
3.258542
3.273223
3.178957
3.3180504
3.0397406
3.057639
3.1599004
3.200554
3.3286197
3.0942285
2.996847
3.2848806
3.1569853
3.0950174
3.4448555
3.1748378
3.1182373
3.5280514
3.181039
3.222084
3.2167776
3.126744
3.284826
3.402701
3.083263
3.426715
3.3023684
3.9525864
4.0014358
3.4158413
3.256239
3.4372501
3.9542851
3.4816613
3.2777002
3.1919212
3.3420348
3.5919192
3.1596043
3.0273044
3.0676625
3.510132
3.180564
3.451512
3.01664
3.1744347
3.3782165
3.3761349
3.0348394
3.2317042
3.1336448
3.1010385
3.2589276
3.0027516
2.9581285
3.0809457
3.27994
3.3071954
3.189336
3.0424309
3.0348735
3.3692975
3.257085
3.0156748
3.2562153
3.096215
3.2883084
2.9130526
3.1722836
3.0563865
3.1146984
3.402943
3.140573
2.8750598
3.1073077
3.0520499
2.9459865
3.246844
3.0771248
2.995089
3.0794525
3.122643
2.928411
3.1706104
3.0471752
3.0284836
2.96485
2.9902344
2.98469
3.0694485
2.8158588
2.9715283
2.8756423
3.0098746
2.9165885
3.1587183
3.1338289
3.036042
2.8855097
3.0864224
2.9484491
2.8954606
3.139881
3.141481
2.922711
2.9802668
3.011373
2.959382
2.8150516
2.9439497
2.9061787
2.897963
2.928764
2.866023
2.9097366
2.966969
3.2026734
2.7766623
3.0432773
2.9676945
3.156005
3.0177834
3.1904595
3.2385345
3.1051836
3.0693965
2.771529
2.9304209
2.9309485
3.073022
3.1970353
3.0777836
2.8976011
2.9440696
2.8748755
2.8421621
3.261815
3.1014163
3.0153024
3.1112964
2.974469
3.0155528
2.9393134
2.9578197
3.0533268
3.1493404
2.8983088
3.0506575
3.0875952
3.100629
3.00657
3.1430008
3.0399978
3.03946
2.97715
3.1885912
2.713157
2.854227
2.9618695
2.837931
2.8842654
3.0682106
2.84289
2.9471831
3.0629754
2.9423294
2.9561794
2.999846
2.8639092
2.9141765
3.0810285
2.7593353
2.8101401
3.133214
3.086577
2.990914
2.908334
3.103699
3.037547
2.9209006
2.9129674
3.0098588
2.964808
2.9622853
2.9082603
2.906803
2.905583
3.031082
2.801116
2.8297453
2.9244044
3.0833495
2.9667087
3.060129
3.018586
2.77985
2.933244
2.9278865
3.089182
2.9197984
2.8321362
2.8491864
2.8157456
2.8243537
2.9329674
2.7810771
2.8655064
2.8482158
2.7466402
2.8566773
2.74988
2.969587
3.1046464
2.8041162
2.9846525
2.8214319
2.8306055
2.731623
2.7361975
2.756204
2.8527095
2.7488015
3.230061
2.6073596
2.676276
2.7886026
2.7857969
2.795563
2.8989444
2.765703
2.9717278
2.8583665
2.688518
2.6719604
2.6837454
2.8358586
2.8943524
2.8318129
2.6380637
2.6289606
2.723775
2.786407
2.8770144
2.9100296
2.552233
2.6762438
2.6710906
2.7524068
2.819582
2.8668876
2.9269378
2.784558
2.776268
2.7143123
2.882413
2.7030666
2.7137175
3.0611506
2.6308577
2.650852
2.6325512
2.6880236
2.5807345
2.6341002
2.7367136
2.7199054
2.7343946
2.8279617
2.7514646
2.6907506
2.764441
2.65738
2.7417204
2.724367
2.891751
2.709579
2.846108
2.7686229
2.7875335
2.7253785
2.7424946
2.617467
2.935451
2.819542
2.6674323
2.7858825
2.9069479
2.9798799
2.6936815
2.7203796
2.789694
2.6953135
2.7034445
2.798539
2.833539
2.6197193
2.7206907
3.070158
2.934552
2.7576635
2.9260685
2.6883085
2.6579216
2.768937
2.7700117
2.9186394
2.6433768
2.831098
2.696614
2.834781
2.9101624
2.73775
2.782875
2.6882463
2.8772492
2.7540073
2.643902
2.6904755
2.8259616
2.6332388
2.7510972
2.7535164
2.78788
2.8254468
2.6458254
2.7458615
2.849447
2.952307
2.751879
2.848966
2.7289984
2.837401
2.728033
2.8275435
2.82748
3.0292752
2.880586
2.612806
2.914114
2.6642203
2.849404
2.8053255
2.712859
2.8433578
2.8998363
2.6561582
2.9525144
2.6564913
2.6722848
2.592877
2.823812
2.6357067
2.7268057
2.440645
2.6642375
2.7414556
2.672307
2.6266396
2.7283132
2.596917
2.6419294
2.607662
2.8259473
2.4715934
2.5726376
2.8035896
2.615655
2.5380313
2.5776486
2.5386386
2.7126906
2.7047205
2.8365514
2.8147883
2.5996666
2.8554595
2.736907
2.624485
2.7286267
2.554291
2.734266
2.843993
2.925615
2.849696
2.8214116
2.8370225
2.66565
2.5001216
2.7779856
2.678389
2.846088
2.832295
2.8389685
2.481646
2.806438
2.997038
2.615005
2.839446
2.6385932
2.8099904
2.7809405
2.667283
2.547041
2.6895335
2.6805267
2.7417202
2.8603258
2.5969605
2.554161
2.658889
2.7882535
2.7166865
2.5263085
2.6102195
2.6004503
2.576349
2.8728056
2.7224925
2.6841645
2.5982423
2.6233234
2.8974845
2.8781207
2.5088024
2.856517
2.661938
2.712056
2.6888213
2.6351545
2.464173
2.717808
2.8392062
2.5525358
2.7884839
2.528003
2.305886
2.6609032
2.5288653
2.6112878
2.4113855
2.6084657
2.6727076
2.4519715
2.8239715
2.52316
2.4652534
2.4430103
2.4513347
2.646538
2.5769815
2.4540331
2.5475545
2.3603964
2.675193
2.593973
2.7497325
2.398475
2.4511993
2.4714396
2.848824
2.6137536
2.8355815
2.657552
2.848012
2.5934875
2.5341387
2.5062625
2.4400585
2.8466418
2.4406135
2.4532974
2.5716605
2.516684
2.440507
2.450157
2.466182
2.6619725
2.713174
2.6177633
2.590341
2.3940196
2.7188945
2.6459258
2.7217815
2.6874082
2.5131266
2.7029786
2.707291
2.582926
2.5267525
2.511946
2.527153
2.399439
2.516833
2.5816486
2.5837057
2.6605713
2.4501102
2.6822004
2.783133
2.67203
2.7058306
2.6870816
2.632154
2.636957
2.6994245
2.6500604
2.8506815
2.5953135
2.5483515
2.608797
2.6251664
2.5275044
2.554253
2.4847324
2.7688255
2.580714
2.4587698
2.544567
2.6450145
2.5420694
2.4067764
2.487423
2.630962
2.45522
2.3523915
2.6354756
2.545483
2.4382255
2.4612525
2.473437
2.563356
2.3548765
2.510674
2.5631814
2.4112704
2.4693937
2.5142148
2.2511961
2.449768
2.6833386
2.4556925
2.3750343
2.4159515
2.5439065
2.38784
2.4633217
2.5998776
2.5713098
2.3158348
2.5823555
2.625323
2.508211
2.395258
2.3596003
2.4205203
2.496227
2.5799518
2.658722
2.4765627
2.6502173
2.363093
2.4015026
2.4383285
2.432376
2.8417835
2.3223667
2.4137113
2.6458075
2.5685174
2.4641938
2.4284267
2.521874
2.6826372
2.4728944
2.430712
2.437803
2.5049734
2.64427
2.4538765
2.4262724
2.413936
2.6064694
2.645647
2.315285
2.3454382
2.3469243
2.627414
2.591292
2.785811
2.347698
2.4434483
2.5404165
2.824238
2.2307727
2.6109695
2.512892
2.6827602
2.5568595
2.470589
2.5124614
2.7441065
2.6008885
2.6492646
2.572973
2.7496696
2.4592595
2.7966614
2.5445056
2.5135646
2.5542607
2.6183953
2.6158445
2.497459
2.4724572
2.4724474
2.640284
2.8668082
2.565162
2.3759556
2.4592464
2.4214823
2.4995203
2.7979858
2.4884627
2.5361655
2.6396105
2.341273
2.613236
2.4955788
2.520484
2.4581892
2.7579613
2.7628474
2.6115532
2.6328487
2.6250353
2.645605
2.4968185
2.62711
2.693579
2.566509
2.5210996
2.4497457
2.4563496
2.4251475
2.3976982
2.4036984
2.3588223
2.3233309
2.2996426
2.460497
2.3743267
2.2795994
2.284487
2.2505414
2.4687443
2.2376897
2.3295515
2.2156696
2.2531047
2.1390486
2.258683
2.40525
2.4664314
2.4068844
2.230458
2.4409947
2.237949
2.3142438
2.431246
2.2683067
2.391304
2.413653
2.566311
2.363681
2.4792485
2.5204585
2.508205
2.428946
2.346268
2.3852446
2.511471
2.338286
2.4135237
2.3264794
2.623315
2.4102075
2.249981
2.476752
2.5114524
2.4570115
2.3301985
2.3160315
2.403302
2.3253164
2.3593836
2.5652404
2.5247116
2.6544886
2.4376798
2.317991
2.39747
2.3670642
2.465064
2.6000175
2.2474349
2.6149929
2.4425995
2.5073068
2.5343537
2.329849
2.63209
2.4938164
2.4650435
2.5851738
2.3940356
2.3743906
2.482369
2.46817
2.3983889
2.223669
2.585301
2.5954456
2.7106948
2.3360443
2.3857894
2.3470025
2.238566
2.477771
2.523287
2.4096415
2.3265753
2.4386733
2.44965
2.408976
2.3329082
2.400235
2.438255
2.3193815
2.4429877
2.3574038
2.2545385
2.3408816
2.3773854
2.3499925
2.4136274
2.276157
2.451481
2.270125
2.2419624
2.3138895
2.281243
2.2308354
2.3784134
2.309171
2.3385196
2.288112
2.3018935
2.3827188
2.2709017
2.2970262
2.4601042
2.2592177
2.3140244
2.609486
2.4790323
2.1707075
2.2096508
2.3952456
2.3541734
2.3328261
2.4336953
2.527589
2.5033104
2.4202437
2.3478584
2.4045355
2.5663292
2.5108685
2.545012
2.535874
2.4965935
2.4429035
2.3723671
2.4132185
2.4177265
2.357015
2.2490115
2.4344144
2.6594589
2.37478
2.316005
2.1993284
2.4838269
2.5861652
2.4288294
2.2841904
2.706844
2.5010824
2.6196995
2.4028172
2.31447
2.6898828
2.4285269
2.3079042
2.4683378
2.4647515
2.3435466
2.2772555
2.255837
2.3223674
2.3789463
2.300391
2.181813
2.411844
2.3124137
2.3889067
2.3574862
2.3333216
2.4093912
2.441462
2.4135356
2.4583488
2.2828362
2.304002
2.343384
2.4477434
2.307427
2.3569834
2.5984755
2.494353
2.5196834
2.5497587
2.385029
2.668473
2.4149573
2.263077
2.229257
2.404952
2.3588421
2.463964
2.2373958
2.2451866
2.3643095
2.3967721
2.3192394
2.143887
2.238219
2.327067
2.1263297
2.229836
2.1512496
2.3948495
2.085697
2.4544623
2.214838
2.313831
2.3304424
2.1393511
2.4249415
2.1384945
2.3146124
2.2256637
2.2034485
2.2700841
2.2623675
2.5238585
2.4180083
2.3727264
2.2226248
2.2452846
2.245358
2.077529
2.2395694
2.392496
2.412646
2.1972992
2.2336924
2.2812295
2.258154
2.249633
2.2953475
2.1825697
2.2890644
2.2813356
2.2910216
2.2103336
2.1715143
2.2307935
2.1048448
2.119604
2.2429698
2.3718615
2.0592225
2.3362985
2.1991324
2.176028
2.15441
2.1408875
2.292105
2.30819
2.2411327
2.1536915
2.2977548
2.5552087
2.409122
2.3859208
2.141737
2.3144605
2.478038
2.3218791
2.3391547
2.2643805
2.446541
2.4808295
2.3786218
2.213759
2.2906837
3.910809
3.1488373
2.2847242
2.717335
3.0378175
2.5979846
2.5071037
2.9945865
2.6001804
2.3366785
2.6215515
2.47351
2.3992934
2.3096254
2.3657057
2.4417424
2.432093
2.227923
2.2473276
2.59164
2.388343
2.361741
2.2558334
2.1178331
2.5781775
2.376708
2.3272376
2.2748618
2.1365833
2.0244348
2.238927
2.2115726
2.298814
2.231726
2.141501
2.2278335
2.0826263
2.5178266
2.2100656
2.303205
2.4218774
2.134448
2.3014934
2.3588173
2.265028
2.3200934
2.2819436
2.259663
2.3394113
2.3742115
2.314478
2.2277288
2.2768872
2.3356462
2.390243
2.2120786
2.5351517
2.3311
2.4437635
2.356955
2.1657875
2.575615
2.2100484
2.2757285
2.2505114
2.169854
2.2872827
2.2623866
2.3313015
2.2374606
2.137179
2.080668
2.2234344
2.2543585
2.1177044
2.1355314
2.192105
2.1490922
2.2904284
2.303334
2.118477
2.306359
2.285986
2.2610486
2.031711
2.035088
2.2644145
2.4605362
2.1811986
2.2387686
2.1127925
2.183488
2.1916077
2.2073853
2.156396
2.0162168
2.1590025
2.1740432
2.42131
2.0681214
2.1934657
2.1950881
2.316835
2.1005194
2.22769
2.2932374
2.3469763
2.2615917
2.1133957
2.292988
2.2708735
2.1719415
2.2270389
2.521183
2.0110962
2.2634058
2.21827
2.1294422
2.1132092
2.212492
2.0422916
2.1592987
2.288748
2.1782522
2.15158
2.3196144
2.1389415
2.2262263
2.0321743
2.2991147
2.190072
2.130606
2.3015382
2.4243464
2.2584991
2.2113075
2.0914598
2.187701
2.140117
2.080666
2.222762
2.2413106
2.2711875
2.0742
2.2129204
2.1053715
2.06433
2.0991476
2.316196
2.353334
2.251806
2.331382
2.28029
2.200525
2.0118153
2.2145534
2.0612035
2.1577625
2.2452505
1.963234
1.9841323
2.352275
2.1603045
2.1384122
2.0924149
2.1884441
2.2773175
2.2643802
2.3671436
2.166264
2.1217983
2.2094376
2.3685353
2.1121206
2.2274365
2.2329955
2.2077186
2.2345152
2.396257
2.2871065
2.2210374
2.359046
2.2957916
2.2772942
2.1995854
2.2136652
2.130878
2.1066954
2.1867862
2.1497042
2.2636375
2.2323446
2.2684336
2.1815948
2.214976
2.0114496
2.191693
2.032905
2.0628057
2.1655252
1.9251122
2.113992
2.127459
2.2403471
2.2477527
2.1044426
2.22038
2.2698085
2.1492655
2.1447265
2.033938
2.404099
2.2477486
2.1656535
1.9747097
2.111331
2.407535
2.3585393
2.339847
2.0450358
2.109351
2.2711005
2.033769
2.113189
2.2387445
2.4229155
2.346485
2.2949488
1.9974247
2.360484
2.1256466
2.0491617
2.2920096
2.0590024
2.0363946
2.153157
2.0746555
2.133933
2.0794623
1.9482888
1.9167088
2.0213528
2.0173712
2.1253805
1.9463457
2.1342177
2.075714
2.0744276
2.0958343
2.143504
2.2186673
2.357416
2.128839
2.1112063
2.2173855
2.284668
2.240707
2.0785336
2.1526153
2.222512
2.369986
2.1333416
2.2931697
2.2149916
2.240282
2.419272
2.194283
2.1449273
2.156271
2.257919
2.1305656
2.0601864
2.3963535
2.3380444
1.907174
2.0754168
2.0662
2.0376647
2.1797724
2.107873
2.1216495
2.3164916
2.3053956
2.1242664
2.0127268
2.3023584
1.9938455
2.021189
2.1935265
2.095353
1.9627657
2.0631173
2.0738943
2.0271153
2.1181548
2.218125
2.196833
2.0463047
1.9285835
1.9692845
1.9469652
2.064789
1.9046392
2.0265465
2.1136358
2.3375175
2.15667
2.2812457
2.2272096
2.3168643
2.1467083
2.1580915
2.2171693
2.2856975
2.226066
2.2053552
2.509352
2.0265837
2.166383
2.2440302
2.1298225
2.0054166
2.0853457
2.240661
2.1386187
2.1270952
2.1657515
2.0025008
1.943752
2.1056018
2.1088297
2.0159209
1.9536452
2.179433
2.0480802
2.0008268
1.9571321
2.120568
2.0886045
2.013038
1.9766929
2.0193453
1.933795
2.1460845
2.1665893
2.102401
2.0083349
2.0886042
2.2755384
2.0534396
2.057169
2.139461
2.1172774
2.15036
2.0665443
1.9951787
2.149822
2.0104575
1.9956894
2.000298
1.971007
2.0086136
1.9037348
2.049659
2.0707695
1.975085
1.9774998
2.0111911
1.9589036
2.0832336
1.9733752
2.0836306
2.106273
2.0034435
1.9358015
2.0658453
1.954094
2.0313358
1.9847411
2.072495
2.1099937
2.053988
2.0872138
1.955399
2.0992625
1.9585012
1.9467673
2.0293746
2.0025303
1.9085015
2.1787522
2.0274365
2.1032462
1.987914
1.9426711
2.0501618
2.011511
1.9366387
2.1181612
2.0305023
2.167288
1.9664255
2.2390556
2.0177135
2.0714765
1.9066269
2.272389
2.4154086
1.9438554
2.2062643
2.5302255
2.2858016
1.9693025
2.143629
2.3120327
2.033288
1.9454939
2.08321
2.0202038
1.9430735
2.1498537
2.1902318
2.2073884
2.179683
1.881906
1.9524904
1.9467117
2.0737689
2.1663
2.0573654
1.9722223
2.1576905
2.0447016
2.1037362
1.9260128
2.102208
2.2220078
1.838866
2.0716386
2.056278
1.9372818
1.9724425
1.9638745
2.0741696
1.926474
2.0617704
2.0482147
1.9814701
1.9524657
1.9550534
2.1872218
2.125866
2.016602
1.9356822
2.1994486
2.0695057
2.1397846
2.1876535
1.981216
2.0020137
2.1428401
2.1176589
1.9527851
2.1021945
1.978518
2.088002
2.0429225
2.0647926
1.868498
1.9809589
2.001931
1.9737287
2.0145142
1.9787029
1.9766964
1.9014224
2.1202533
1.9573269
2.164262
2.1285405
2.1824274
1.9448498
2.0720117
1.9799696
2.0709617
2.0548124
2.0794134
2.163069
1.9614635
2.1118608
2.0932283
2.0178764
2.265255
2.0225697
2.2071364
1.9429591
2.196586
1.9001937
1.8731133
2.0059478
2.1113634
1.8950773
2.0305648
1.9820021
1.9439889
1.9340622
1.9835212
1.9470958
2.0746157
2.0517921
1.9501376
1.9614426
2.2248416
1.9786712
1.9432807
1.8896766
2.1793973
2.1081858
1.9865221
1.9647367
2.0886452
2.1223745
2.0348332
1.9528635
1.9354268
2.033066
2.0505044
1.9056388
2.012493
1.9119312
2.173898
1.865222
1.871463
2.030712
2.091052
1.9342847
1.9438663
1.9500103
2.0314884
1.994842
1.9972088
2.0301323
1.9194967
2.0047603
1.9826151
2.0242705
2.0511646
1.8784792
1.9930707
2.0812225
1.9683775
1.8923002
1.9539808
1.966648
1.875136
1.9002315
2.037341
2.0422826
1.8995312
2.0863113
2.257886
1.9114689
2.041305
2.0347545
1.91032
2.0070865
2.0066764
1.8758348
1.9500867
2.054224
1.8994665
1.9240615
2.0653625
2.0436804
2.04549
1.938057
1.9451092
1.8674212
1.9385568
2.2172291
1.9067825
1.882562
1.9668927
1.8905927
1.9966819
2.0310051
1.9056764
1.80963
2.015913
1.926031
1.9447873
1.8847528
1.9961872
1.9971262
1.8853908
1.9174205
1.8953857
1.826484
1.849187
2.080116
2.2382646
1.835928
1.9035735
1.9202017
1.9311615
1.999627
1.8868498
1.9401455
1.9279656
2.0066023
1.9159176
2.0545354
1.878316
1.969419
2.140319
1.9088699
1.971354
2.1057875
2.1242275
1.9441911
1.825228
2.2481494
1.9372535
1.8605956
2.057383
2.4951441
2.04825
2.012391
1.9290271
2.283611
2.1762412
1.9278632
2.1259634
2.323993
1.997732
1.8129591
2.051526
2.0746934
1.8711767
1.9954052
2.029315
1.9179897
2.3241413
1.984001
1.8576577
1.9809808
2.0818138
2.098126
2.0303273
1.8101054
1.9811499
1.9948747
2.116378
2.0289767
1.9304367
1.8465339
2.048039
2.0008678
1.955849
1.9360855
2.0203528
1.9235108
1.9786917
2.0721772
1.8783998
2.006858
1.9483823
2.0521264
2.0064678
1.9180182
1.93917
1.7878795
1.9198085
1.957643
1.7798687
1.9113932
1.9552284
1.9598688
1.9222257
1.8260932
1.9766208
1.8979421
1.9067031
1.9571956
1.9550331
2.0180244
1.9271102
1.8101206
1.8926252
2.0260234
1.8131876
1.853083
2.1393716
1.8950359
1.8758415
1.9481109
1.9747646
1.9002807
1.9442439
1.8725783
1.8618958
1.8330797
1.846694
1.8110212
1.870753
1.7834071
1.941276
1.8005692
1.9121051
1.8199098
1.8237116
1.9204638
1.9204898
1.8810859
1.9725407
1.8628528
1.8737472
2.0036204
2.0887864
1.9237436
1.879301
2.0879784
2.0435493
1.9883794
1.8844723
1.9900283
1.933055
2.0170043
1.9292063
1.9965214
1.891183
1.963549
2.0179718
2.0000196
2.000691
1.9725974
1.8878317
1.9684362
1.9692488
1.9026185
1.903353
1.8750637
1.8866414
1.9851404
1.8240675
2.000473
1.8540034
1.7742188
1.834218
1.7923665
2.060288
1.9568701
1.8957207
1.8299948
1.9083465
1.9358897
1.826396
1.879274
1.9002639
1.9274157
1.9801694
1.8232007
1.9295257
1.8463862
1.9808706
2.0648043
1.8570092
1.941985
1.746771
2.0304348
1.885299
1.8413677
1.8273473
1.9239138
1.9270673
1.8057586
1.7349716
1.7744327
1.831073
1.9388045
1.799671
2.0101833
1.821927
1.8378178
1.8806615
1.856637
1.8731612
1.998045
1.8870004
2.0507398
1.8945634
1.8413606
1.9787428
1.8679286
1.8665639
1.9126587
1.9573616
1.7928467
1.80233
1.9621542
2.1043682
1.9087425
1.802556
1.7245704
2.0418491
1.9591544
1.8821039
1.9983143
2.0627217
2.0593026
1.8643974
1.876376
2.118563
1.8251897
1.8822621
1.9140909
1.8756632
2.179725
2.0439897
1.9764746
1.9008293
1.8415304
1.893512
1.8484863
1.8404616
2.094715
1.7729855
1.8483973
2.0929081
1.8370447
1.9393913
1.936982
1.784931
1.773199
1.8081201
1.7481117
1.8954074
1.8271482
1.8229262
1.7583777
1.8979943
1.7794433
1.9239855
1.9604212
1.9892503
1.9550967
1.9164277
1.8821219
1.9054538
1.8720933
2.0965047
1.819526
1.8936679
1.9051447
1.8330905
1.9058775
1.925192
1.8556002
1.8333652
1.862501
1.802232
1.8724775
1.8380313
1.8888491
1.8344815
1.7503028
1.7258931
1.8563989
1.878246
1.8915092
1.8759083
2.1355834
1.8920532
1.8366942
1.9529898
1.9088458
1.9733683
2.0116074
1.862828
2.0765498
2.0966003
1.9386952
2.0235176
1.9464953
1.7756177
1.9248161
1.8031337
1.8970373
2.103906
1.9091889
1.818875
1.9180642
1.9318438
1.9326854
1.8418688
2.054676
2.129945
1.9116696
1.9221398
1.8990691
1.9528306
1.9893064
2.0725338
1.8245705
1.9321889
1.9928815
1.9877385
1.8493739
1.769109
1.9859492
1.9873971
1.9867606
1.8865417
1.9542683
1.998971
1.9431353
1.9726444
1.9096628
2.165084
1.9611131
1.8247478
1.8478367
1.9908057
1.9843572
1.945531
1.8098289
1.9690533
1.9863776
1.8281076
1.9331045
2.018915
1.7807395
1.923351
2.0909705
2.2186894
1.9684215
2.0245414
1.9857852
1.9335532
2.1301165
1.7999254
1.8276712
1.9813936
2.1482048
1.9415123
1.926371
1.9093035
1.9118067
1.8927011
1.9366951
1.9750717
2.235285
1.8920549
1.9659913
1.8365746
1.9750718
1.9573865
1.8965548
1.8030095
1.9451631
1.966415
1.9333998
1.9724207
1.9148289
1.8939078
1.9678134
1.9655294
1.9454358
1.800582
1.874227
1.9573332
1.91326
2.1170955
1.9655832
2.125839
2.10055
1.9072891
1.92414
1.9394065
1.8453015
1.917923
1.9769588
1.9371738
1.7441295
1.8061683
1.9494423
1.9350728
1.8369362
2.0463905
1.8341221
1.9376748
1.8915379
1.9667056
1.7758118
2.138385
2.203263
1.7747022
1.8270286
2.1823826
1.9987056
1.9402126
1.9390717
2.02419
1.9724022
2.0191698
1.885104
1.9013182
2.013916
2.0532577
2.0552335
1.8874958
2.073399
2.1394258
1.8464777
1.9621036
1.9410164
2.0211804
1.8733591
1.9925448
1.79512
2.0123281
1.9159489
1.9158103
1.9107573
1.8515753
1.8253794
1.9522623
1.8886979
1.9314586
1.9543377
1.721091
1.8335901
1.9514244
1.9114358
1.8533531
1.7809273
1.7780216
1.808556
1.9865862
1.9007149
1.7622705
1.8389395
1.9570099
1.8569896
1.8270061
1.8052974
1.9527409
2.013199
1.8432528
1.8425304
1.9633148
1.8651992
1.7291242
1.7771488
1.9831005
1.8592247
1.8451545
1.8566786
1.8431566
1.8137138
1.7897563
1.8205278
1.8260335
1.892112
1.9345503
1.808429
1.7537897
1.8987186
1.826037
1.9270997
1.926384
1.920894
1.7754498
1.9263227
2.0022023
1.9144968
1.9642165
1.8339115
2.0205307
1.9010196
1.7014003
2.0651858
1.9350841
1.8647195
1.8284736
1.8516749
1.8379816
1.7775602
1.8496196
1.8017747
1.8380988
1.877267
2.011804
1.871332
1.8894342
1.7577876
1.9222118
1.8210522
1.7614199
1.9013405
1.9113783
1.9685187
1.9015274
1.8623056
1.8564417
1.8687675
1.7656704
1.8212167
1.7767197
1.8300148
1.8721077
1.8646793
1.7621635
1.758302
1.9062078
1.8723267
1.8332593
1.9560863
1.7757128
1.8247267
1.816198
1.799061
1.8401647
1.7282375
1.7936695
1.8850039
1.7826536
1.7368863
1.9000118
1.8362483
1.6917647
1.9185147
1.7535231
1.7766587
1.9010085
1.9345231
1.7677892
1.8591675
1.8386042
1.7861708
1.7683538
1.8942059
1.7956105
1.7741792
1.9655617
1.8399003
1.955234
1.864214
1.8902727
1.9651827
1.9456152
1.9323009
1.872402
1.8373518
1.9894036
2.0561113
1.804589
1.7968901
1.807271
2.0703752
1.8570492
1.800843
1.8672066
1.794236
1.8756243
1.7475462
1.7128011
1.7537957
1.8347113
1.8004898
1.7777557
1.7381015
1.8770691
1.8628882
1.9409176
1.8747902
1.6880866
1.802723
2.22074
1.9277155
1.8927584
1.9525492
2.0921729
2.0559757
1.8834255
1.9126544
2.0330935
1.7387725
2.0504856
2.0788114
1.8959725
1.9197881
1.8898387
1.7593797
2.0011764
2.1698925
2.002912
1.7816538
1.8456316
1.8905278
1.771717
2.018576
1.851379
1.8082078
1.9181882
1.9037149
1.8163415
1.8502657
1.870188
1.8418921
1.9508655
2.011415
1.7745447
1.9046911
1.8604425
2.002626
1.9339945
1.802357
1.8662795
1.8690802
1.8760717
1.978918
1.7584918
1.9526727
1.7783047
1.8099195
1.7552955
1.8042061
1.9424528
1.8879385
1.8481833
1.7648033
1.8756877
1.9533362
1.8025396
1.7667557
2.0500882
1.821261
1.6826994
1.870342
1.7740434
1.7811897
1.800015
1.7453254
1.9218714
1.8988128
1.8730695
1.933639
1.919081
1.9219369
1.9865955
1.7750375
1.863138
1.8391232
1.9103912
1.880978
1.7999365
1.8081995
1.900851
1.8382307
1.9718417
1.832676
2.0085142
1.9268798
1.9999868
1.8676782
1.7250108
1.9840877
1.7971921
1.8425621
1.7758157
1.9436569
1.7826954
1.7834659
1.8942145
1.8470153
1.7982337
1.7423104
1.6763922
1.7182163
1.7115574
1.7719514
1.8455135
1.6925
1.8428203
1.7369565
1.8046887
1.8382517
1.8890077
1.8473775
1.775009
1.7311758
1.8633475
1.8948575
1.8247595
1.8784117
1.8825496
1.7378882
1.9018532
1.883496
1.8470993
1.8411222
1.7339791
1.8025358
1.8435999
1.8346529
1.8148015
1.7391613
1.7092186
1.8247702
1.7565438
1.843792
1.726748
1.840827
1.7696095
1.8598915
1.8268093
1.8219873
1.7859178
1.7805427
1.8335584
1.875071
1.7825066
1.8873261
1.9090185
1.95204
1.748929
1.7786494
1.8843212
1.9204472
1.8243641
1.7557865
1.9120302
1.8568865
1.8758857
1.765117
1.8233534
1.8886827
1.9119867
1.8887695
1.8827473
1.7870764
1.8485166
2.115618
1.7557081
1.791532
1.8602018
1.8287433
1.9267672
1.86699
1.8237255
2.0209754
2.09041
1.9027842
1.7469783
1.9564369
1.8359407
1.9981849
1.8177408
1.849266
1.8101113
1.8802495
1.7981485
1.850318
1.916663
1.8694494
1.8723108
1.8771708
1.9099413
1.7303889
1.8175552
1.8074529
1.9092728
1.8196875
1.8595712
1.8449962
1.8247705
1.972235
1.70389
1.82928
1.9807203
1.7904266
1.7420497
1.7600582
1.8386313
1.8601383
1.7275604
1.739644
1.7435579
1.8559163
1.8015052
1.765313
1.8522843
1.7387775
1.946781
1.803893
1.8112785
1.6945789
1.7480853
1.8230346
1.7947928
1.746356
1.7558358
1.768191
1.8434538
1.7524396
1.8168203
1.720334
1.8213526
1.7469316
1.8096052
1.821133
1.7767683
1.7528195
1.744224
1.8674163
1.8953452
1.8007005
1.8354466
1.9178287
1.8470064
1.8061413
1.9150946
2.018888
1.9120986
1.7022413
1.7479748
1.8172958
2.1724727
1.8308375
1.8246545
1.9411422
1.9144202
1.8200988
1.7223045
1.8712288
1.8059415
1.9970479
1.7572643
1.7877655
1.8055145
1.8206801
1.7478738
1.7110165
1.8107427
1.7957093
1.8307037
1.7562842
1.8016938
1.9300417
1.8596575
1.8318795
1.7666414
1.7870569
1.7495049
1.8209685
1.8482546
1.7917125
1.812512
1.8087027
1.8451552
1.7274405
1.7506233
1.8436418
1.8793689
1.7071363
1.8492078
1.7477865
1.8161688
1.7040114
1.7588882
1.8620452
1.8006711
1.7808604
1.8207335
1.7704074
1.7877874
1.8258477
1.7400098
1.8611438
1.9335983
1.7221467
1.7975547
1.734642
1.9643646
1.8596523
1.7866335
2.1086178
2.0108547
1.8172247
1.8907077
1.8454514
1.8515873
1.7808944
1.8004563
1.7829204
1.9970256
1.8398492
1.7559867
1.8921691
2.0342011
1.9111085
1.7937319
1.9306062
1.7618326
1.7124234
2.0088842
1.9936738
1.8571589
1.8481404
1.7499251
1.9498601
1.8289183
1.8083307
1.7080649
1.6860683
1.8918556
1.7012837
1.8420627
1.7538482
1.7759854
1.868497
1.8118614
2.0291493
1.7992138
1.8099998
1.928571
1.9353869
1.832421
1.7686362
1.8489205
1.9623443
1.7374653
1.8802451
1.8513123
1.797789
1.8863658
1.8404214
1.7721528
1.8582612
1.8072735
1.9005935
1.9137077
1.7523502
1.7028618
1.9435676
1.8660219
1.7845845
2.0123692
1.7562635
1.8400357
1.9105124
1.728367
1.7954938
1.8432581
1.887845
1.8326745
1.7303947
1.907716
2.1186445
1.8816208
1.7879292
1.774819
1.9529028
1.9438868
1.766896
1.8199762
1.9629315
1.910724
1.8289772
1.8424226
1.9526912
1.8756398
1.8347385
1.7446243
1.7808182
2.0007815
2.0527992
1.8633777
1.8996565
2.0303934
2.0313902
1.8488657
1.7686567
1.8235351
1.9715531
1.9570173
1.7295605
1.7306975
1.8171895
1.8702415
1.7945076
1.8692737
1.7142392
1.8829151
1.8470497
1.8197155
1.8897974
1.7442653
1.793141
1.98862
1.8843595
1.7404104
1.709797
1.7195867
1.7434193
1.9235847
1.8378648
1.7645395
1.7547992
1.9439253
1.9456385
1.7204208
1.7213442
1.9263195
1.7752314
1.7912326
1.7369603
2.0153744
1.815509
1.6862775
1.7335985
1.7754471
1.7971535
1.7235415
1.7861319
1.655227
1.8654675
1.7483559
1.6848398
1.8156526
1.8708167
1.705426
1.7527112
1.8264565
1.8773
1.761568
1.7486342
1.779527
1.7904848
1.9828032
1.9871211
1.764546
1.7997595
1.8241259
1.7196982
1.699654
1.8183465
1.7800685
1.7981765
1.7978764
1.7665403
1.7887788
1.770673
1.7010307
1.8141644
1.829541
1.754975
1.733611
1.8507923
1.786269
1.7251078
1.9117626
1.7289362
1.8438044
1.859157
1.8324285
1.873706
1.7748823
1.833463
1.7896947
1.8933512
1.892875
1.798885
1.78351
1.8177757
1.817397
1.8401647
1.9426085
1.822306
1.7434204
1.9404434
1.8464708
1.913156
1.7439792
1.890572
1.8776337
1.79789
1.8338522
1.7785902
1.8021408
1.8036708
1.741697
1.7724453
1.8093822
1.7944548
1.8277835
1.7613347
1.8722153
1.7654662
1.7719038
1.7273477
1.7504168
1.7940595
1.8155575
1.7248539
1.7870102
1.8534601
1.7185887
1.7532539
1.8605512
1.8713433
1.7731886
1.7336172
1.8367761
1.786922
1.841751
1.8024378
2.057884
1.8750043
1.7252033
1.9552277
2.1597614
1.8141237
1.952053
1.804237
1.9918858
1.7745682
1.669287
1.8070787
1.8116531
1.7692578
1.8991114
1.8610874
1.9353561
1.8157891
1.7752308
1.8085142
1.9411333
1.9431957
1.7505145
1.774027
1.8409815
1.726488
1.766409
1.8268391
1.8693388
1.6715032
1.753384
1.9363488
1.7426617
1.6959718
1.7350272
1.7583977
1.856263
1.7933055
1.7551458
1.9134806
1.8492223
1.8027817
1.8170115
1.774763
1.9115903
1.8478755
1.879755
1.8250905
2.120095
1.9676344
1.9781908
1.7786053
1.9003782
1.9794081
1.7437001
1.8874713
1.8371562
1.8503765
1.8849678
1.8449103
1.8098805
1.7195888
1.7854933
1.693906
1.7699425
1.8895158
1.8987782
1.7775499
1.759758
1.8194908
1.8291357
1.8270313
1.7727818
1.8208226
1.7552295
1.6950467
1.7702531
1.739906
1.884809
1.7184365
1.6755134
1.74275
1.7976469
1.8594141
1.7565035
1.714488
1.822559
2.0143228
1.8959744
1.7410415
1.7958845
1.8005527
1.7361505
1.7681009
1.784995
1.7203163
1.9009331
1.9215147
1.730284
1.8473186
1.8028742
1.869841
1.7621945
1.9254934
1.9286618
1.8865582
1.7974408
1.7293158
1.7721403
1.8078367
1.7010329
1.7427553
1.84406
1.7677569
1.7676048
1.7490824
1.7338214
1.7109407
1.7534046
1.8841113
7.7323904
12.363265
13.744007
14.357586
15.265606
14.998066
14.196221
12.6791315
10.920087
8.201672
6.0797944
5.122875
7.069171
8.136775
8.337769
8.324848
7.339357
6.49895
5.25646
5.264202
5.56975
6.784125
6.0959654
5.679017
4.340386
3.688929
3.4971478
3.830168
3.5411534
3.476934
3.0163796
2.677648
2.324347
2.3707335
2.3658864
2.4370184
2.365326
2.5336735
2.3386447
2.4046443
2.173914
2.3062613
2.3139186
2.1367118
2.08516
2.1286736
2.182976
2.1069462
2.0248692
2.1766205
2.1482553
2.0595162
2.263302
2.2378666
1.9525312
1.951375
1.9759241
1.929413
2.0266812
2.0848856
2.0898592
1.9847535
2.0117497
1.9991447
2.10907
2.1281292
2.097352
2.101828
2.070288
2.0326495
2.2864945
2.051383
2.1567233
2.1398127
1.9757835
1.971184
2.1904526
2.119842
2.0778656
2.0647335
2.0106523
2.1862104
2.0806494
2.1879046
2.0223958
2.0321417
1.9374171
1.9841481
2.034436
2.1286144
2.0160146
2.0732386
2.0436933
2.1558926
2.0904143
2.0722306
2.0959473
2.036115
2.0170214
2.187672
2.0013697
1.9674644
2.0609305
2.0484238
1.9481068
1.9950626
1.9687482
1.9333183
2.014779
2.094838
2.159827
1.9732393
1.9309776
1.9095497
2.020381
2.0633206
1.9703132
1.9598213
1.9004347
1.9337357
2.0619116
1.917746
2.0287187
2.0526702
1.9725763
1.9784791
2.0134711
1.9751127
1.9931376
1.9181333
1.9534721
2.0828712
1.9759272
2.031952
1.9426074
1.9569665
2.0165682
2.115924
1.9659895
1.981603
2.0923247
2.0494478
2.1351871
2.0246577
1.9302499
2.1253934
1.9310683
1.896226
2.0400364
1.923952
2.0297277
2.0124872
1.9103547
2.060465
1.9166085
2.1028197
1.991883
1.892858
1.944062
1.8449174
1.8394744
2.0710363
1.9617337
1.9432255
1.9495455
1.997352
1.9985807
2.005508
1.8595335
1.9963232
1.8951517
1.9825027
1.9821886
2.0559216
1.9433215
2.119446
1.9376998
2.0602682
2.0447211
2.0091279
1.9101622
2.1457388
1.9405985
2.0743341
1.9093971
1.9486421
1.9017565
2.0587094
1.958507
1.938799
1.8995324
1.9095198
2.0239294
1.9791936
1.9410052
1.91264
2.0284488
1.931588
1.9518234
1.956025
2.1478746
1.936091
1.9520215
1.8618817
1.9232183
2.1681795
1.9135011
1.890869
1.898757
2.0399516
2.0251648
1.9983691
1.9028531
1.9473721
1.9888067
1.888462
1.9815905
1.8906488
1.8972627
1.9773856
1.8814213
2.002028
1.8947908
1.8781149
1.844839
2.0539184
1.9578348
1.848064
1.9293529
1.9086998
1.9782995
1.8565695
1.9036099
2.0073853
1.8826168
1.9677463
1.9099021
1.9268055
1.8397938
1.9020078
1.9692864
1.8970819
1.947186
2.0129635
1.953483
1.852333
2.0232902
1.9714217
1.8804436
1.97094
1.931484
1.9526631
1.882238
2.0323286
1.9402205
1.8921425
1.9899946
1.9690118
2.000933
1.8738348
1.947595
1.7767645
1.9738628
1.8140807
1.9378103
1.9437255
1.9328792
1.8407668
1.9573133
1.853011
2.0217602
1.9618648
1.8524705
1.9004365
1.926225
1.8439921
1.8345143
1.7754716
1.7371982
1.7594975
1.8429188
1.8257887
1.8273774
1.8222623
2.133663
1.930982
1.9528655
1.8268712
1.8648483
1.8571001
1.8643961
1.9355575
1.9361573
1.9814272
1.8643715
1.9355272
1.904128
1.8139179
1.8140647
1.8058333
1.8438704
1.7795441
1.973319
1.8049142
1.8533815
1.9107707
1.82819
1.9689373
1.9229795
1.8628328
1.9125342
1.9180638
1.9164667
1.797029
1.9065483
1.959801
1.9081864
1.9665025
1.8562348
1.8225654
1.7947587
2.0493555
1.8228916
1.8094746
1.9060898
1.8594766
1.889406
1.8223099
1.8596617
1.910225
1.8345897
1.9303126
1.7956157
1.8587518
1.8555496
1.9355911
1.8419483
1.876625
1.9041208
1.9441642
1.8104674
1.8733639
1.8420852
1.9087833
1.9152045
1.9541895
1.916498
1.8947525
1.7716953
1.7291819
1.7110806
1.9323088
1.8371903
1.7954297
1.7465404
1.8833216
1.817899
1.8519093
1.7285177
1.8339928
1.9100461
1.847336
1.7352083
1.909555
1.7639723
1.889266
1.931764
1.8482127
1.8289772
1.8204464
1.8957032
1.9343413
1.834574
1.8778437
1.9298718
1.8534987
1.8893244
1.9108832
1.8489506
1.7666446
1.8125442
1.8300263
1.791824
1.7924551
1.8709453
1.8328333
1.8653071
1.7851593
1.796783
1.862135
1.813975
1.8889443
1.8169373
1.8140105
1.904525
1.886094
1.9530799
1.9278175
1.8147471
1.861381
1.7475585
1.8559546
1.7896255
1.8946413
1.7825642
1.7924665
1.7852411
1.9150904
1.9634643
1.7619085
1.9401942
1.7670993
1.7406627
2.012206
1.845872
1.8963935
1.7071164
1.8801028
1.7888898
1.8247387
1.8547325
1.8825481
1.8889105
1.8007541
1.797073
1.827417
1.7452593
1.7959433
1.81804
1.9556
1.7472123
1.7656653
1.8018643
1.9009852
1.8352938
1.7692082
1.8157359
1.7792454
1.8293687
1.8202325
1.8972105
1.75826
1.8235577
1.803425
1.7850378
1.8484818
1.8665602
1.8746915
1.7758281
1.7351961
1.8345298
1.9424345
1.7967778
1.7116042
1.8424258
1.8829262
1.8224287
1.7916545
1.7571857
1.8268232
1.750281
1.8437532
1.837589
1.894757
1.8438789
1.7893835
1.7372973
1.8323358
1.8092377
1.837341
1.7923248
1.8161255
1.8077701
1.8324147
1.842877
1.8610609
1.8041605
1.8257635
1.928088
1.8103979
1.8877054
1.7405013
1.7375218
1.7981522
1.7513084
1.7619009
1.9768811
1.7324742
1.7968097
1.8206222
1.7976024
1.7768048
1.7908688
1.8487463
1.8071499
1.8535146
1.8839468
1.7343023
1.7814057
1.9213363
1.8196735
1.783872
1.8138982
1.7600727
1.8132571
1.7322624
1.816861
1.7646154
1.8317746
1.8406923
1.7160045
1.7890055
1.7793524
1.9651239
1.754241
1.7408653
1.7847393
1.7432437
1.8345672
1.7468463
1.8807261
1.8788633
1.7447664
1.7716421
1.8374147
1.7404505
1.83623
1.8099679
1.8454236
1.7660928
1.8189476
1.9053538
1.8344965
1.8172024
1.7659495
1.7627553
1.764819
1.727388
1.9359707
1.8201767
1.7200285
1.8466337
1.8166877
1.8262832
1.7861665
1.7624803
1.7385279
1.8332257
1.8354276
1.692948
1.8870825
1.9069687
1.8650126
1.7355705
1.9406714
1.8281298
1.8172616
1.7260548
1.8824135
1.9655632
1.7646867
1.752784
1.7901022
1.7896457
1.7805607
1.8111022
1.6915237
1.7659186
1.755594
1.8163612
1.8374492
1.822847
1.7710873
1.8158098
1.8237704
1.8198131
1.6888373
1.7408736
1.6990417
1.7522388
1.716164
1.8411494
1.7875835
1.6937697
1.8642622
1.7528605
1.7662385
1.81881
1.8024276
1.6840148
1.7994355
1.7322247
1.7481642
1.726636
1.8478508
1.6763743
1.8147825
1.8918588
1.734324
1.6911993
1.7679234
1.8138194
1.7967577
1.7132173
1.8461004
1.7725862
1.760046
1.8533927
1.671176
1.7982454
1.7736375
1.7290828
1.7918855
1.85343
1.7472208
1.7384588
1.8972514
1.798237
1.931674
1.7364426
1.7496427
1.808364
1.802428
1.8045064
1.8062896
1.7970084
1.8216615
1.8238555
1.708016
1.7644677
1.7845367
1.7296927
1.896116
1.780349
1.6932877
1.839745
1.705398
1.7200503
1.7131282
1.7222967
1.9748873
1.6974113
1.6536378
1.8369273
1.784564
1.7402663
1.7861491
1.7971644
1.8318129
1.7180327
1.7865802
1.6549717
1.8044596
2.0748088
1.7322333
1.7411975
1.7510252
1.8253566
1.8013691
1.7094935
1.8451114
1.709326
1.7195263
1.7761402
1.7820476
1.704155
1.798995
1.7045566
1.823539
1.7197578
1.861369
1.7006669
1.7216368
1.9152203
1.9055569
1.7627295
1.7811044
1.7003955
1.7342273
1.7238255
1.720813
1.7585969
1.7128234
1.686229
1.858724
1.7563505
1.7684386
1.8801135
1.7963858
1.7214788
1.7387618
1.7772537
1.8344177
1.7493486
1.7347232
1.6815581
1.7697595
1.7847222
1.752281
1.7460525
1.7429553
1.7085791
1.7262393
1.7497061
1.7946739
1.9632232
1.7290547
1.6700633
1.6827917
1.7744671
1.7664495
1.7375275
1.7716802
1.798502
1.7964075
1.8339198
1.8553858
1.6993752
1.7199941
1.7412143
1.7034794
1.6876165
1.6492583
1.7123055
1.8619822
1.6810893
1.7304188
1.6886021
1.7444497
1.651946
1.8630555
1.7900075
1.768325
1.8770456
1.7702855
1.8114954
1.7597272
1.7361028
1.698316
1.7151147
1.6986316
1.8051294
1.9455267
1.7563132
1.6425036
1.8662398
1.789331
1.7274779
1.815508
1.7388458
1.779648
1.7202582
1.6760653
1.8618104
1.9517318
1.8165828
1.7310497
1.8419455
1.712242
1.8204166
1.7652837
1.7077956
1.7645174
1.8140182
1.7290186
1.7469542
1.745497
1.7245433
1.7375863
1.7983109
1.7385677
1.6866755
1.7201614
1.759675
1.7641897
1.7608702
1.7672772
1.7123567
1.7505414
1.7693956
1.7651602
1.7398355
1.7506502
1.7499022
1.8056155
1.6588542
1.767745
1.984508
1.71525
1.6591736
1.6453811
1.7571143
1.6938843
1.6426218
1.8334124
1.7129552
1.7767668
1.7252877
1.7814722
1.6778826
7.520195
13.326052
16.469017
18.893091
19.445974
21.010893
20.28809
21.907686
21.145992
21.280281
21.643356
21.220064
20.65536
20.965973
20.711946
20.563644
20.734505
19.590557
18.914022
19.532211
18.620785
17.93545
17.061958
16.87366
16.23405
14.814977
13.970932
13.344044
12.457042
11.645806
10.314768
9.555936
9.481604
8.40305
8.250585
9.447532
8.665031
9.442918
9.731062
9.817972
9.298348
9.17274
8.624322
8.235207
7.8020687
7.663441
7.1677666
7.614934
7.4446354
8.313056
8.125764
7.700704
7.4221196
6.7066345
6.450539
6.690151
6.016703
5.53908
5.1483526
5.2988873
5.21394
4.6585
4.34165
4.277635
3.7363784
3.595335
3.255615
3.2683344
3.052808
3.147211
2.8838453
2.6136165
2.418368
2.2417226
2.2796364
2.1779678
2.1428063
2.1818442
2.116163
2.2561045
2.1799397
2.1273642
2.3000286
2.1257315
2.1747627
2.0093322
2.0861647
2.0857067
1.9971718
2.328441
2.208165
2.1963146
2.1578605
2.333837
2.1450615
2.101757
2.156928
2.110388
2.164042
2.163464
2.19785
1.9916961
2.1614435
2.222597
2.0649316
2.1377826
1.9992585
2.162577
2.045991
2.0651731
2.1025844
2.1158993
2.1151028
1.9974563
2.0825326
2.0959573
2.1268666
2.0973613
2.1979115
2.218986
2.0792804
2.128304
2.1465325
2.077231
2.2319117
2.2663157
2.098698
2.105417
2.0808153
2.1764176
2.2090955
2.0365598
2.0892777
2.11761
2.13838
2.0753207
1.9882268
2.1337266
2.0974934
2.0712438
2.1401985
2.1168194
2.14911
2.2159607
1.951646
2.083856
2.107685
2.0815182
2.0303888
1.9603578
2.1159024
2.1838026
2.044932
2.0693986
2.043945
2.1160269
2.251131
2.003255
2.1410024
2.064713
1.9729921
2.111094
2.0362349
1.9634845
2.0643635
2.0355601
2.008347
2.2341127
1.930013
1.9936409
2.0270052
2.0486279
2.188222
2.103815
2.0930855
1.9384471
2.0354886
1.9737098
2.0435908
2.1012743
2.0592628
2.0151217
2.1826425
2.0579448
1.9711014
2.0957515
2.1070013
2.1533375
1.9857668
2.0052125
2.09428
2.202544
1.9394263
2.0507216
2.0140727
2.0868125
1.8642046
2.1011882
2.0778916
1.926117
2.0414217
1.9578537
1.972118
1.997825
2.038513
2.045945
2.0273454
2.057315
2.1477141
1.9190292
2.037097
2.0752568
1.913202
2.0935404
2.029865
2.1757286
1.9959581
2.0292788
2.0104008
1.978915
2.1661458
1.9710603
1.8728242
1.968287
2.0314243
1.9341527
2.0009966
1.9564825
1.988544
1.9766991
2.0113704
2.0265198
1.971301
2.0752516
2.083321
2.1569972
1.9321945
1.958442
2.001799
1.938645
1.9127041
2.0563917
1.9839262
1.892084
2.018165
1.9476264
2.0073266
2.110477
2.0270164
1.9452002
1.8793167
1.9879377
1.978439
1.924511
1.9750118
1.9984378
1.8916494
2.0598083
2.1571677
2.0072415
2.0266817
1.9125981
2.1020033
2.02891
2.1301935
1.94642
2.113419
1.9799556
1.9576094
1.9886332
1.9343635
2.006698
2.0883718
1.9774152
2.0766418
2.1461198
2.0258057
2.0947242
1.9256521
2.0259216
1.9797318
1.9360821
1.9918402
2.044799
1.9920282
1.950935
2.0446634
1.9978791
1.9390523
2.1515844
2.1591575
2.0667183
1.9580246
1.8989857
1.9759007
1.9818107
1.9769235
2.023239
2.0394087
1.9536213
1.8959337
1.8732249
1.954156
2.0973713
1.966915
2.089679
2.004266
1.9364042
1.8838962
1.8850079
1.9661095
1.9962385
2.0365365
1.9859449
1.9659996
1.8170015
1.9329536
1.9594846
1.961757
2.0217407
1.9923828
1.9176675
1.9181738
1.9077598
1.8830677
1.9171013
1.9441528
1.9357363
1.8842357
1.9777747
2.0295115
1.9907944
1.9743217
1.992006
1.9680585
2.04087
1.8715376
1.8984394
2.0256577
1.9676529
1.9464917
2.073685
2.0690823
1.9800011
1.9440424
1.9592819
1.8825232
1.8473517
2.0339768
1.9815547
1.908151
2.0270855
1.842917
1.9468001
1.9882005
1.9821732
1.9353325
1.9490415
1.9305755
1.952456
2.015301
1.9422534
2.0211797
1.966097
1.98369
2.0867245
1.8243845
1.8631432
1.9658371
2.01332
2.0009863
1.9958755
1.9179138
1.9248908
1.9297446
1.8855144
2.0052223
1.8745658
1.9939406
1.8776935
1.9501264
1.8987253
1.8603044
1.98796
1.9208325
1.9720249
1.8394781
1.878188
1.813335
1.836997
1.8042611
1.9650156
1.8769069
1.8830563
1.8948389
2.030315
1.8585051
1.912227
1.801978
1.9930352
1.8984537
1.9883152
1.8811836
1.9570463
2.0411434
1.8089736
1.8658905
1.8887626
2.1738565
1.8144958
1.9240768
1.9046152
1.9288868
2.081479
1.8888342
1.9474975
1.7963827
2.0043957
1.8988311
2.0256732
1.8462473
1.8984644
1.9191236
1.8937068
2.142567
1.793203
1.9402386
1.9351132
2.0143135
1.8960648
1.9153967
1.9681734
1.9426413
1.8285316
2.1004581
1.8881452
1.9294027
1.8462402
1.9788764
2.0486305
1.8564706
1.8833317
1.9411287
1.9457734
1.9275002
1.887713
1.8248247
1.9325145
1.8581092
1.9499216
1.8721066
2.0517862
1.8264142
1.934552
1.9695785
1.8426085
1.9164115
2.0040357
1.9163147
1.9350677
1.8237027
1.8957101
1.8844719
1.857509
1.8465394
1.849036
1.9135072
1.8581561
1.909279
1.8880793
1.8485899
1.8980433
1.947981
1.8537017
1.9648869
1.9582025
1.8289508
1.9211644
1.832444
1.9434292
1.9777269
1.9143325
1.8767642
1.845636
1.9711164
1.8615648
1.9544209
1.8857545
1.8950067
1.8809367
1.9220351
1.881142
2.0340424
1.9643602
1.8797076
1.8816215
1.7710967
1.9064144
1.9443432
1.8806082
2.0038104
1.8865645
1.929443
1.9251766
1.890361
1.870675
1.8491995
1.8605247
1.8785309
1.7744533
1.9133937
1.8388615
1.8809518
1.8663998
1.8454659
1.8757391
1.8576686
1.8331106
1.9561282
1.8199208
1.9613287
1.9003086
1.8328488
1.8083538
1.8875968
1.8261073
1.8179402
1.8892922
1.8068869
1.8459126
1.846615
1.8528055
1.8503767
1.8764511
1.899327
1.7782601
1.8810637
1.8673584
1.8864617
1.9070324
1.8123423
1.9149482
1.875701
1.835005
1.8682352
1.8283234
1.7838123
1.7473776
1.8228482
1.8127642
1.9320292
1.8325273
1.8119305
1.9934835
1.856975
1.8046205
1.8954927
1.7946655
1.7870942
1.8437518
1.9291377
1.9432412
1.8304846
1.7618618
1.8505386
1.8609958
1.8793035
1.8010921
1.8573375
1.7903087
1.9363456
1.723917
1.8945271
1.9729499
1.9305634
1.7601644
1.8133252
1.8022795
1.8592857
1.7696413
1.8274955
1.8670743
1.853477
1.8710904
1.8790088
1.8253015
1.802175
1.743039
1.865157
1.8326588
1.8877008
1.8782343
1.8664093
1.8382852
1.7691083
1.8536152
1.8438507
1.9142023
1.820067
1.7458417
1.9414904
1.8245897
1.7608474
1.808141
1.8208213
1.8595985
1.8789917
1.7779053
1.7753264
1.840032
1.853235
1.8197342
1.8369694
2.016999
1.9019455
1.880989
1.8084363
1.7268282
1.8671575
1.8134562
1.809777
1.861478
1.8526528
1.8470733
1.7987665
1.7957728
1.9655982
1.8651088
1.7586757
1.8681906
1.7964635
1.8587137
1.869334
1.8587848
1.8229667
1.8393272
1.7430062
1.874646
1.818942
1.8061879
1.8052355
1.8262064
1.796128
1.7451363
1.7999961
1.747879
1.7554864
1.8784186
1.7414935
1.8727863
1.9616687
1.7331208
1.7928354
1.7438577
1.8728298
1.8005538
1.9097664
1.7679319
1.7997515
1.8119868
1.854312
1.8907789
1.7960397
1.7127748
1.7556367
1.767772
1.771186
1.7044125
1.8360932
1.7903545
1.7603719
1.7902017
1.8008957
1.8356545
1.8006887
1.7997619
1.8594881
1.779096
1.8468529
1.734941
1.8406456
1.962746
1.8433925
1.7546345
1.7986112
1.7833065
1.750036
1.7608533
1.855129
1.7529663
1.8135248
1.8117466
1.7539517
1.8130642
1.7924474
1.8324323
1.8134761
1.7615687
1.8348252
1.76794
1.782515
1.776207
1.8742707
1.8161422
1.7652204
1.8153151
1.7447306
1.8173628
1.9259785
1.7873333
1.8827208
1.8296949
1.8359843
1.8074933
1.7297024
1.7651733
1.9083607
1.8291014
1.8239009
1.825617
1.85044
1.7427902
1.7635559
