26.655285
26.980581
27.150734
27.07508
26.610518
26.178339
26.445404
26.070976
25.642937
25.970371
25.835283
25.519827
25.519556
25.286148
25.63388
24.388319
24.958843
25.307936
25.23598
24.829483
24.505661
24.432972
24.334225
23.75388
23.818138
23.6908
23.330877
23.31407
23.896471
22.67372
23.114067
22.334305
21.721275
21.185677
21.765394
21.352356
20.789911
20.25636
20.40784
19.981287
19.384867
19.088127
18.84519
18.666603
18.811268
18.199823
17.291218
17.268589
16.959076
16.159845
15.496673
15.577728
14.784264
15.3206415
14.640063
14.569268
14.87082
13.834816
14.42615
13.403554
13.434483
13.368365
13.52746
12.850659
12.760536
12.79209
12.951972
13.032242
12.644229
12.386983
11.904807
12.746037
11.692287
12.072918
12.162624
11.588244
11.36426
11.587171
11.41452
11.651617
11.46903
10.923351
10.983371
11.18543
11.148055
10.834292
10.644881
10.895177
10.839863
10.416959
10.079156
10.87577
10.804294
10.245588
10.115548
10.4004545
9.980154
10.15831
10.40509
10.002282
9.4713
9.482691
10.191712
9.31905
9.681242
9.117908
8.901822
9.107621
8.983865
9.173802
8.67516
8.876886
9.312747
8.913787
8.851712
8.727112
8.025535
7.834362
8.133726
8.078709
8.056776
8.062434
7.866517
7.596797
7.585198
7.6370664
7.478951
7.181901
7.5200453
6.943808
6.931787
7.302414
7.000455
6.8675194
6.694566
6.593209
6.948703
6.6792083
6.446688
6.173205
6.410113
6.186866
6.236532
6.3576403
5.8569074
6.027136
6.065129
5.4812107
5.8275084
5.8281317
5.4062276
5.687834
5.511083
5.851904
5.373409
5.540801
5.5121107
5.3937645
5.278669
5.216524
5.301393
5.0283074
5.1751337
5.195315
5.346142
5.3599443
5.427604
5.4683275
5.241791
5.1900573
5.148337
5.139444
5.083363
4.840715
5.0276747
4.830626
4.845349
4.809981
4.978227
4.761089
5.11095
5.0438676
4.6889915
4.7513175
4.805088
4.6148605
5.1922445
4.98731
5.071586
5.087791
4.7834783
4.77455
4.6153364
4.812413
4.925809
4.475036
4.744189
4.7556314
5.000903
4.695018
4.8083873
4.830401
4.800995
4.4919705
4.808653
4.8047404
4.7022333
4.7752495
4.888065
5.135715
5.064672
4.921086
4.901751
4.9487467
4.38389
4.541401
4.6353364
4.966231
4.7526736
4.546188
4.921633
5.056613
4.744085
4.818258
5.0196357
4.881365
4.574137
4.5348396
4.8476896
4.9134455
4.7166367
4.7333426
5.170486
4.8180666
5.023273
4.9804153
4.55769
4.509064
4.754918
4.4517055
4.4813647
4.881484
4.616804
4.716833
4.7707434
4.570386
4.650061
4.2827497
4.640506
4.623744
4.371614
4.1928644
4.6223917
4.462571
4.634308
4.462288
4.598907
4.5128365
4.480461
4.395159
4.598336
4.528536
4.428913
4.188242
4.4934354
4.451196
4.528903
4.5548444
4.4988065
4.436333
4.678701
4.663735
4.621667
4.3085747
4.550644
4.5411353
4.430416
4.544696
4.655065
4.832161
4.542812
4.362789
4.3151755
4.555909
4.390527
4.6109934
4.633555
4.542059
4.332218
4.5423427
4.4489784
4.3590245
4.296522
4.6455708
4.302635
4.446893
4.2750263
4.4711633
4.4788055
4.633657
4.552023
4.484321
4.423127
4.533657
4.404915
4.497227
4.574352
4.3500113
4.474877
4.33641
4.4451103
4.409076
4.0257363
4.4230256
4.3078694
4.2585344
4.5278077
4.5402055
4.2212396
4.7033987
4.533629
4.4010234
4.427463
4.323617
4.398399
4.4847875
4.294477
4.234806
4.2196326
4.27336
4.271933
4.421777
4.1796536
4.202198
4.174384
4.234484
4.355187
4.328979
4.385898
4.115343
4.1542015
4.194264
4.3332634
4.3239164
4.20368
4.595057
4.1467285
4.151433
3.9453585
4.0288215
3.9154987
3.9839509
4.356507
4.200717
4.197608
4.262609
4.445994
4.38462
4.321189
4.050206
3.8379967
4.148507
4.1173506
4.1479907
4.116005
3.9278126
4.1274014
4.3370376
4.2597475
4.251688
4.0626993
3.9288914
3.990789
3.820233
4.1802726
3.866427
4.0987635
4.036333
4.1341314
4.2488556
4.164584
4.0699983
4.1590066
4.0029836
3.911457
4.0551944
3.9919982
4.0907764
3.906983
3.8220606
4.1322575
3.964562
4.22828
3.9133427
3.9771204
3.9038951
4.125209
4.0640745
3.8561337
4.3428683
4.037759
3.945952
3.8890624
3.8368526
3.815367
3.8063095
4.204596
3.8654826
4.1165514
4.080237
4.263764
3.941835
4.0406246
3.9790854
4.0754304
3.9452076
3.878933
3.8464408
3.977655
4.1781235
3.9993167
3.7388384
4.20425
3.8915665
3.965167
3.791767
4.1145744
3.9402225
3.7852685
3.8356378
4.1419086
4.184861
3.7824202
3.887917
4.055051
3.769619
3.8659048
4.0684037
3.939489
4.0912986
4.0387
4.2053604
4.0414133
3.949456
3.829544
3.9670656
4.089565
4.00092
4.100061
4.044038
4.008607
3.8566315
4.1336017
3.9940064
3.877742
4.1646953
3.6982422
3.9297621
4.014229
3.873513
4.0615296
3.980525
3.696273
3.9901695
3.9059346
3.8605626
3.988733
4.324334
3.8175495
3.8053672
3.9837112
3.8423836
3.8238244
3.8220265
3.898302
3.9173956
3.7423599
3.9421945
4.1265316
3.6715558
3.9016066
3.5792675
4.139353
3.7508008
3.7132573
3.8996606
4.0412207
4.010512
4.1040754
4.085282
3.8824286
3.702273
4.1122065
3.9613874
3.9041255
4.2962995
4.1277456
4.1337023
4.0138025
4.047894
4.0151105
4.1576977
3.5651445
3.7432501
4.0456166
3.9781013
3.8700974
3.8915703
4.0041003
4.1403184
3.9563973
3.7641635
3.7120485
3.5158212
3.612544
3.554077
3.6616986
4.1933784
3.8967204
4.1576233
3.9162
4.1114583
4.0746903
3.5589595
3.787935
3.9660969
4.0470014
3.6825104
3.9502294
3.916494
3.9526825
3.8940394
3.79883
3.925387
3.770519
3.805005
3.638543
3.70821
3.996491
3.7464514
3.9049695
3.8132994
3.7315373
3.8819268
3.7412465
3.8818445
3.642899
3.7239254
3.9182584
3.588999
3.5305603
3.7082493
3.8054361
3.7823606
3.5228136
3.484889
3.6632369
3.563153
3.500967
3.7814093
3.5261917
3.6218936
3.5416775
3.6465178
3.638048
3.7782564
3.5762846
3.448576
3.5188053
3.9208899
3.6000135
3.780233
3.6022437
3.5849707
3.5389035
3.5811245
3.667
3.710947
3.8452735
3.5881202
3.987954
3.8519795
3.5181913
3.6884444
3.6399314
3.5657845
3.5497036
3.6439805
3.8594348
3.7445004
3.823307
3.5762155
3.7025645
3.6127527
3.7232625
3.544443
3.608806
3.6197042
3.7459092
3.690448
3.7971926
3.7415636
3.5961995
3.359659
3.596527
3.5199287
3.724524
3.925879
3.6523552
3.5559685
3.4528515
3.766973
3.3032882
3.600895
3.635403
3.5888119
3.408293
3.6687882
4.0383735
3.5788608
3.3525314
3.6405933
3.631611
3.7081945
3.40998
3.413677
3.56499
3.3310525
3.3622515
3.6571295
3.238066
3.660961
3.7488384
3.7680433
3.688501
3.8416958
3.6357152
3.571697
3.4262736
3.5432858
3.7269914
3.6175153
3.4957612
3.8905435
4.040538
3.8938844
4.007198
3.712374
3.6299343
3.8142226
3.526962
3.5252805
3.529635
3.757964
3.7824643
3.703053
3.6666536
3.6079085
3.7935202
3.504815
3.54425
3.300374
3.3608687
3.7430296
3.6251945
3.8005066
3.993312
3.460398
3.65492
3.409062
3.5514715
3.49098
3.7460294
3.550494
3.6526916
3.381452
3.5667295
3.5821378
3.413148
3.442877
3.3187149
3.6524372
3.670524
3.5922675
3.555582
3.497893
3.641555
3.6708224
3.5616488
3.2672856
3.360185
3.4167433
3.546812
3.425581
3.6237354
3.6003804
3.4656403
3.4905806
3.6041262
3.646241
3.395937
3.5266178
3.290549
3.34667
3.5778408
3.552431
3.064205
3.5552897
3.421879
3.528035
3.0790195
3.5868945
3.431975
3.3399875
3.2217214
3.4121625
3.3005395
3.4248426
3.4374397
3.518513
3.4906785
3.2279634
3.370196
3.2175293
3.392032
3.0614934
3.2690847
3.2333014
3.347395
3.204533
3.3070009
3.3482366
3.1908524
3.2930415
3.3692865
3.2741919
3.0600657
3.4194605
3.164783
3.192709
3.2560894
3.17457
3.422864
3.4937387
3.1184115
3.4348557
3.221624
3.3863516
3.33274
3.274143
3.1054294
3.2114265
3.1331873
3.4607506
2.999379
3.181956
3.336334
3.1714888
3.1734874
3.0711718
3.159342
3.520924
3.3436284
3.2161083
3.1896615
3.137712
3.200429
3.4628494
3.246447
3.4189374
3.110325
3.2944305
3.4767606
3.391013
3.1346397
3.1985688
3.4083543
3.6479905
3.18275
3.3803253
3.207849
3.3636026
3.347347
3.1026192
3.3027184
3.2492466
3.241473
3.286294
3.3078036
3.0762663
3.1042964
3.420898
3.2419534
3.0937505
3.146041
3.2585282
3.013198
3.3366594
3.267865
3.1498783
3.136922
3.1632004
3.0540195
3.110283
3.0935671
3.1387925
2.9471412
3.083774
2.997031
3.1827772
2.8042607
3.0233061
2.9740524
3.1369364
3.068276
3.1679444
3.183084
3.105474
3.0024304
3.0723398
3.1026864
2.775968
3.0963626
3.0917687
2.930689
2.9870086
3.2862334
2.901692
2.8768494
3.035616
3.1403563
3.0274632
3.137445
2.9459229
3.083163
2.896888
3.246566
2.8361876
3.1757185
2.9267123
3.0140562
2.88106
3.109406
3.123075
3.2975173
3.057756
2.9374015
3.299482
3.0946565
2.9587793
3.057856
2.9011745
2.8852594
2.9152484
2.8756309
2.9428344
3.052144
3.024553
3.0754275
2.9574075
3.097305
3.0083635
3.018375
2.967095
3.1861753
3.0721953
3.0129025
3.116322
3.17504
3.1342628
2.9738343
3.0293646
3.2124345
3.1653714
3.0605786
3.2163439
2.7836132
3.019585
3.0834537
3.047752
3.0008535
3.1380758
3.0393202
3.000692
2.964927
3.0936575
2.882174
3.2087564
2.954268
3.1269338
3.0679076
2.867253
2.872846
3.1803513
3.2096922
3.022705
2.8896675
3.076927
3.0528696
2.8288715
3.1753998
2.952195
2.8785474
2.847308
2.9898481
3.0986748
2.8903208
3.1602218
3.1019833
2.7892725
3.014161
3.151638
2.9368324
3.0451345
2.9868493
2.8629196
2.8987489
2.82424
2.948624
2.83864
2.8938942
2.8341053
2.8501716
2.7646184
2.9293811
2.738313
2.8612025
2.8945904
2.850673
2.8883042
2.8634858
2.986329
3.008838
2.8246288
3.0222194
2.8882248
2.854342
2.8320558
2.6773305
2.87046
2.772098
2.9634104
2.991928
2.8585467
2.840059
2.8414052
2.9460182
2.816713
2.9070654
2.9668956
2.87126
2.7527392
2.823211
3.0039728
2.9392354
2.9708104
2.9394934
2.66548
2.7871392
2.9114645
2.9390671
2.789978
2.9426994
2.740505
2.674475
2.8762696
3.0625517
2.8493114
2.907872
2.9493098
3.080501
3.020765
2.8934026
2.9191637
2.8634129
2.8970766
2.7093341
2.999604
2.8466487
2.7488098
2.9732792
2.868932
2.645436
2.610425
2.775307
2.714574
2.9044294
2.8741918
2.702086
2.813427
2.7390065
2.8718355
2.719036
2.814782
2.7489114
2.7274325
2.8419697
2.8662
2.8840704
2.8288343
2.7704601
2.726458
2.9539826
2.7955406
2.6029086
2.7726212
2.8240037
2.8863602
2.8677435
2.7407024
2.7656722
2.7121823
2.8222015
2.694175
2.7530024
2.5472596
2.5716605
2.8272884
2.9564414
2.651988
2.876136
2.63772
2.713724
2.7172189
2.6162333
2.7989085
2.6359615
2.748169
2.674773
2.8864214
2.6869504
2.671817
2.6122355
2.7369645
2.8083832
2.817358
2.696611
2.7069325
2.52881
2.5300026
2.866125
2.5781965
2.7289214
2.526821
2.685267
2.8464665
2.767742
2.72198
2.5525527
2.749734
2.746738
2.700499
2.6787684
2.8272114
2.7609196
2.806935
2.64878
2.769527
2.7772655
2.583507
2.6385698
2.75479
2.7901864
2.7387857
2.7541325
2.631141
2.929894
2.781674
2.7022774
2.875369
2.821008
2.8013196
2.830696
2.4507658
2.4553602
2.812715
3.0155213
2.7453833
3.0548947
2.5253346
2.7283986
2.7140102
2.874333
2.6293366
2.7511823
2.788255
2.4689722
2.509546
2.6602294
2.5471194
2.6415691
2.6056035
2.8536978
2.6506615
2.591804
2.681086
2.66745
2.5757656
2.4862242
2.5579183
2.5112422
2.6572354
2.9017074
2.7081287
2.5667872
2.6642506
2.6469784
2.6131885
2.516631
2.6638458
2.587034
2.615849
2.6889262
2.502808
2.805659
2.769404
2.5152435
2.6279836
2.5862591
2.4795556
2.7879064
2.7519825
2.614666
2.4309773
2.6179714
2.893133
2.704715
2.560532
2.5242817
2.547742
2.6860452
2.8177946
2.6935265
2.6798837
2.6036985
2.8369834
2.650158
2.7972505
2.5905392
2.6591938
2.778423
2.8816755
2.8052354
2.534245
3.002032
2.744229
2.8136508
2.5076308
2.5825906
2.5061376
2.6554284
2.7137685
2.5753818
2.6212094
2.5187223
2.6370316
2.6981735
2.6691961
2.5599942
2.401271
2.8534455
2.9157014
2.6344635
2.62119
2.5694978
2.6758475
2.5557084
2.5445216
2.5423987
2.5799685
2.4968524
2.5803523
2.4686205
2.7207243
2.5411227
2.7241075
2.4967456
2.5574086
2.5541902
2.7442474
2.6361728
2.6669817
2.6419604
2.6472032
2.7248685
2.4003248
2.6408641
2.579561
2.5620987
2.4659
2.5219805
2.711796
2.628
2.3520124
2.395973
2.4416065
2.7227085
2.7154093
2.448547
2.4821484
2.5496001
2.5114727
2.413054
2.6242218
2.5084841
2.529195
2.472859
2.368759
2.423339
2.584449
2.543497
2.442163
2.6031902
2.4452453
2.3576958
2.556873
2.651431
2.583968
2.5415208
2.6416414
2.7383523
2.6465437
2.7723322
2.568005
2.5403252
2.4194703
2.696792
2.6329713
2.718376
2.6967804
2.6578367
2.7910864
2.7146862
2.8207586
2.6106462
2.7872815
2.8050165
2.7212787
2.5695047
2.7153547
2.625952
2.483105
2.6686392
2.971276
2.6226454
2.44726
2.9031034
2.6191726
2.372303
2.5472615
2.58683
2.6082208
2.4939947
2.4317665
2.4978626
2.4878616
2.7063174
2.6727054
2.3934455
2.2267425
2.7107844
2.4764686
2.4129884
2.394173
2.5145986
2.726478
2.543532
2.6303425
2.5002885
2.5492158
2.31392
2.6899457
2.4592817
2.4587336
2.324201
2.4012566
2.497831
2.4818676
2.3238623
2.450604
2.5021966
2.3972478
2.509397
2.452631
2.446371
2.5052357
2.3574984
2.462465
2.4761665
2.367715
2.4003174
2.4849565
2.5145144
2.4616978
2.5728133
2.426679
2.390778
2.4878228
2.5309684
2.4421356
2.4599125
2.2999468
2.660186
2.4562964
2.4276626
2.3787
2.6933668
2.493999
2.4291003
2.4990406
2.370318
2.5138485
2.525122
2.6696377
2.364753
2.5598204
2.4531026
2.5401578
2.454187
2.525718
2.4683263
2.6017737
2.591575
2.5307338
2.593337
2.5444527
2.487972
2.815994
2.586188
2.5737264
2.6724317
2.600027
2.6712945
2.4399529
2.6103146
2.592823
2.5137975
2.713383
2.5199926
2.4164653
2.549629
2.455035
2.4506311
2.73319
2.5064294
2.5992095
2.474322
2.415963
2.444242
2.4246345
2.34107
2.3639393
2.3482091
2.3821754
2.5229537
2.6138744
2.3660264
2.3052475
2.4119895
2.369539
2.270595
2.338523
2.3113067
2.50374
2.4264207
2.3573644
2.4468844
2.4412055
2.4136834
2.4675841
2.3238711
2.331602
2.5075808
2.3675272
2.3547404
2.4217916
2.331377
2.2402172
2.2560165
2.3219142
2.5570025
2.5260143
2.3844135
2.5481012
2.6218474
2.503795
2.4227648
2.4783452
2.3298988
2.3955474
2.3656237
2.3796756
2.3439064
2.4579928
2.5575476
2.313116
2.3756754
2.595663
2.509403
2.5477805
2.6952734
2.5955203
2.330542
2.3447235
2.484445
2.4395905
2.509894
2.2914634
2.3075025
2.4585416
2.5478992
2.4910576
2.156611
2.2626622
2.5458624
2.375858
2.4332316
2.474368
2.6290562
2.368428
2.4028194
2.415407
2.401569
2.3794374
2.277918
2.4392848
2.2845263
2.62713
2.5178466
2.5061245
2.3857176
2.4927928
2.5338376
2.5350647
2.4076047
2.4082024
2.264062
2.2839918
2.540081
2.420406
2.4420276
2.269702
2.5778642
2.4863374
2.636793
2.310716
2.2662628
2.302279
2.1569035
2.4670408
2.354801
2.5496485
2.3907785
2.333263
2.359278
2.403132
2.221432
2.3278863
2.546385
2.3542547
2.3582315
2.2734115
2.5377996
2.399465
2.374467
2.454138
2.527843
2.3033035
2.4649975
2.4629498
2.341354
2.2985675
2.4141674
2.3536441
2.4581025
2.4374285
2.4578323
2.3410153
2.4574234
2.624558
2.4064136
2.316423
2.5312128
2.4130878
2.4658744
2.34434
2.4072115
2.477502
2.394315
2.2792745
2.37918
2.47703
2.4123285
2.45781
2.3998318
2.5904152
2.376344
2.428429
2.452101
2.3286164
2.3136902
2.3731804
2.2415485
2.360714
2.3548183
2.5347896
2.364662
2.6204958
2.245392
2.2391136
2.223848
2.2948787
2.3412244
2.209695
2.4148724
2.2623374
2.3883286
2.348484
2.4710057
2.368643
2.4657376
2.3599803
2.270747
2.2110536
2.385813
2.3872194
2.443086
2.4267836
2.2713099
2.258716
2.4423764
2.2742598
2.7999916
2.2003498
2.3221982
2.3157885
2.2627
2.1412315
2.3586216
2.2814956
2.1862526
2.200957
2.1976914
2.3714335
2.2272308
2.1689196
2.154949
2.339748
2.1945157
2.241409
2.5555215
2.371834
2.4392056
2.25921
2.4827914
2.52659
2.3936365
2.3280516
2.490793
2.4652643
2.285637
2.3945913
2.6468666
2.355841
2.406518
2.5588515
2.464758
2.221202
2.400161
2.3463745
2.3998313
2.3699813
2.4879384
2.6108875
2.3498383
2.5511723
2.321883
2.3203704
2.629605
2.3826776
2.403607
2.374781
2.5950255
2.2885847
2.2413754
2.3463116
2.398822
2.4191704
2.6425574
2.261105
2.337198
2.411876
2.2883494
2.1421814
2.3324518
2.4716434
2.4119735
2.2655537
2.2199066
2.3201413
2.488396
2.3777566
2.3929062
2.2659006
2.4353764
2.2390094
2.4379752
2.2550976
2.2657826
2.6084516
2.4235935
2.3647285
2.5559003
2.546761
2.2305465
2.4188948
2.3247879
2.3008192
2.179214
2.1335096
2.2655737
2.3574145
2.3424158
2.1770904
2.19951
2.209884
2.1455016
2.2677777
2.2553277
2.24421
2.166495
2.1455
2.335654
2.3890946
2.2638345
2.215266
2.2752185
2.266436
2.1248374
2.3719864
2.38549
2.267479
2.278368
2.3656015
2.236936
2.0667503
2.303596
2.2688174
2.2052476
2.1135836
2.4265876
2.4371758
2.3539917
2.1353378
2.1460543
2.1991422
2.3458233
2.2325525
2.2798855
2.3864245
2.2186317
2.2481966
2.0949993
2.6322255
2.031714
2.1155658
2.408821
2.3378396
2.1963043
2.2598734
2.214216
2.2118704
2.3660383
2.2964694
2.187049
2.3097882
2.3329544
2.328647
2.1358097
2.1525395
2.290919
2.1234324
2.161031
2.3264785
2.1782506
2.2627568
2.29767
2.1658258
2.1836689
2.066678
2.2183814
2.271043
2.2870831
2.394251
2.2243907
2.281903
2.2809775
2.40642
2.1993945
2.284717
2.4059722
2.261769
2.326038
2.148738
2.0952764
2.1721554
2.1370897
2.2148564
2.079827
2.154477
2.1402948
2.0207155
2.3318906
2.202751
2.154456
2.1935265
2.168738
2.373362
2.244637
2.2560854
2.1928515
2.4003894
2.29221
2.159693
2.197712
2.274853
2.4549596
2.1941445
2.2829435
2.402608
2.3450565
2.2503755
2.2946897
2.441741
2.2160785
2.1250281
2.1095111
2.296469
2.2712076
2.144264
2.1476953
2.4554977
2.1934216
2.242845
2.0471585
2.234819
2.2218535
2.0657804
2.3975556
2.0626183
2.206856
2.1288824
2.203503
2.0653062
2.3415794
2.1533475
2.1397521
2.172731
2.188117
2.2665327
2.2512925
2.2041497
2.268275
2.1808782
2.3214924
2.1885574
2.196793
2.1229417
2.1830022
2.0472717
2.1263914
2.1767151
2.3095844
2.1123273
2.053898
2.1079392
2.147311
2.0775309
2.167141
2.5502906
2.3291638
2.305612
2.2007418
2.388863
2.2998006
2.108293
2.185368
2.3288047
2.1652603
2.0944374
2.285402
2.232787
2.3797565
2.136362
2.2855916
2.303815
2.1434264
2.1176245
2.1097956
2.0767627
2.2209902
2.1798773
2.1618667
2.168854
2.42759
2.2154505
2.1378944
2.1196265
2.1222074
2.0917962
2.13266
2.2221124
2.1162777
2.117398
2.214148
2.1962156
2.10582
2.150345
2.134729
2.2152348
2.2591453
2.1821256
2.16262
2.1844666
2.2670453
2.1955545
2.1870096
2.152154
2.1821887
2.1627774
2.134343
2.12381
2.20825
2.1855874
2.1422722
2.1882033
2.1699557
2.2733994
2.209186
2.1006014
2.5471177
2.1310146
2.395673
2.429567
2.1199596
2.285782
2.215565
2.1597006
2.1174877
2.26372
2.438367
2.157691
2.2249985
2.213688
2.213068
2.250088
2.135984
2.2187636
2.0420299
2.110338
2.1270733
2.2505505
2.0798385
2.1284816
2.1946034
2.4893992
2.0736403
2.0024016
2.1363835
2.1404014
2.0257857
2.157458
2.1936023
2.047461
1.9746618
2.0333643
2.0329213
2.0553007
1.9953086
1.9690431
2.1102588
2.0602567
2.058018
2.1188493
2.0177124
2.070137
2.007062
2.1663463
2.1527534
2.1284955
1.8759358
2.1179109
2.0358222
2.106155
2.0572288
2.1377249
1.9949322
2.094422
2.1127603
2.1824217
2.1946993
2.05206
2.0117455
2.2278836
2.3367345
2.1594324
2.0412877
2.2391825
2.3078034
2.2472434
2.0412557
2.351516
2.337018
2.1447334
2.1010618
2.2302904
2.1223683
2.258649
2.3918662
2.2351737
2.2006643
2.2210133
2.1111052
2.0991697
2.0735912
2.4326248
1.9732629
2.114108
2.2564836
2.1123292
2.070584
1.9125267
2.0423868
2.1287243
2.350223
2.0869737
2.1468563
2.0936346
2.0753524
2.0825977
2.0345976
2.0822988
2.2180316
2.0295258
2.1293895
2.1961417
2.1829402
2.1414545
2.2195787
2.2789066
2.3788235
1.9948177
2.195642
2.0019896
2.1391995
2.094993
1.9762132
2.1526613
2.421606
2.0316098
1.9858569
2.2893424
2.1286
2.009124
2.0349045
2.2431717
2.0724258
2.0257337
2.0632074
2.3619027
2.2116385
2.024154
2.1534984
2.2071245
2.12909
2.1240761
2.2021008
2.1629632
2.1278164
2.005061
2.0333073
2.19464
2.350075
2.188931
2.1702893
2.0436037
2.0606167
2.313995
2.2034724
2.1495986
2.4913354
2.1323924
1.9059528
2.0719156
2.0915315
2.0470064
1.8857071
2.0322495
1.983924
2.2667146
2.0667467
2.010919
1.9810812
2.0239406
2.0322084
2.0451515
1.9491585
1.928594
2.0697756
2.1166644
2.0974185
2.1505804
2.130019
2.189999
2.2140734
2.0135489
1.9797572
2.203041
2.1646109
2.0050905
2.092269
2.0373182
1.9840397
2.118262
1.9176136
2.0607584
2.114846
2.0132506
2.1288404
1.9422721
2.059539
1.9833407
2.0212274
2.043688
2.1034884
2.0506153
2.1499875
2.11119
1.9312739
2.1151586
1.967677
1.9206269
2.0652452
2.0775197
1.9897
2.0247824
2.076463
1.9447964
2.196783
2.1610065
2.2361176
1.9541005
2.121524
2.2107959
2.0798879
1.8797637
2.0556686
1.8953481
2.0429583
2.11278
2.125761
2.1383774
2.1808765
2.019543
2.005843
2.134593
2.184499
2.0335767
2.1520422
2.0415986
2.0338404
1.955145
2.346533
2.0113702
2.0236542
2.2560182
2.007786
2.0591288
2.0379398
2.1186633
2.1800487
2.0981805
2.058479
2.0430055
2.1566706
2.0877416
2.077575
2.1041372
2.10347
2.0583615
2.0242393
1.9258523
2.0226839
2.192246
2.157698
1.9639021
2.290538
2.274224
2.2236044
2.3303475
2.0560186
2.047766
2.2198505
2.222606
2.0688314
2.0737886
2.137676
2.1579125
2.0634284
2.051915
2.004536
2.026956
2.0415218
2.0119925
2.0261042
2.1263108
2.0953233
2.0231204
2.0193207
2.070538
1.9479507
1.9314842
1.8634456
1.9610736
1.9806325
1.9032837
1.9927717
1.9852017
2.1722517
2.079623
1.9285389
2.0134995
1.9602752
2.0524924
1.907442
2.086907
2.0789766
2.0615919
2.0556936
2.0281572
2.0998302
2.0830579
2.1068852
2.194467
2.090225
2.0140705
2.06444
1.9645792
1.9668968
2.250807
2.0332744
1.9482152
1.975281
2.0248945
1.8879358
2.0113163
1.970241
1.9646965
1.9595293
1.8507744
2.05294
2.1118903
2.0410051
1.9914708
2.1124437
2.0161283
1.9688958
2.0027
2.10024
2.2731795
2.0367053
1.9305122
2.2802672
2.077633
2.0382771
2.3308682
2.0612884
1.8934683
1.9382867
1.914272
1.8576232
1.994786
2.0061512
1.81122
1.978093
2.0187562
1.9707032
1.9052453
2.131909
1.8267874
2.0330951
1.915417
1.9864972
1.9421608
1.9418375
1.9114598
1.9242175
1.8765485
2.0209906
2.122607
1.9475813
2.018987
2.0290146
1.891876
2.0121114
1.9920633
2.0919523
2.0459776
1.851711
2.0494902
1.8793144
1.8883137
2.1145291
2.0718095
1.9673762
2.00682
1.9976904
2.0405555
1.9308403
1.8689455
1.9128205
1.9800565
1.8321067
1.9491589
1.9502993
1.9311639
1.901893
1.9970205
1.881685
1.9822632
2.0590358
1.9469446
2.1153247
1.9310454
2.0477395
1.9933548
2.1207309
1.8765391
2.1089835
2.1670218
1.9322464
1.9549453
1.8977063
1.9894985
1.935797
1.8761052
2.0514512
1.9687524
2.0361362
1.8658471
2.3674555
1.9375114
1.936425
1.8389465
2.0126534
2.0252717
2.2383847
2.1355913
1.9694557
1.9337013
2.006041
2.217007
1.9196804
2.0870528
2.1969268
2.2135992
1.9275597
1.9479233
2.1720698
2.263031
1.9705565
1.9944333
2.0217924
2.1167624
1.93317
1.9637188
2.160468
1.9346238
2.0450654
2.1218226
1.850728
2.1069894
1.9165676
1.8563972
1.87669
1.9081714
2.0873027
1.7857163
2.0712528
2.0092118
2.108167
2.0383182
2.0940633
2.1501338
2.0938811
2.0959132
1.9753666
1.976877
2.0747728
2.0107362
1.9714949
1.9915547
2.2380114
2.0120075
1.8747355
1.9739348
2.174694
1.971695
1.9610273
2.0234082
2.0373116
1.8557032
2.0825505
1.9164925
1.9779067
1.9474084
2.075183
2.0225465
1.828878
2.0313616
1.8054568
2.0175579
1.978584
1.9807036
2.1639786
1.8923329
1.868269
2.0358038
1.9056258
1.887787
2.0384214
1.9930359
1.8602945
1.8549453
2.047173
2.0587018
1.9648159
1.829834
1.8947443
1.9369969
1.8291421
1.876694
1.9902815
1.8760272
1.8486488
1.8949825
1.8618746
2.1611123
1.8232471
1.9540262
1.9358238
2.0349522
1.9837534
1.933514
1.880597
2.00013
1.876741
1.9272403
2.048525
1.9151582
2.0181808
1.7963836
1.9369855
1.9539905
1.94361
2.0049846
2.1951044
2.1487985
1.994276
2.1858156
2.182492
2.0438924
1.971033
2.4383636
2.1021287
1.9601853
2.0145788
2.3108385
1.9493251
2.0113363
2.230994
2.1227956
1.937363
1.8521899
2.0129251
1.9980862
1.8891807
1.9400265
1.8111032
1.8950307
1.965517
1.9557235
2.0257409
1.927808
1.9553401
1.8954909
1.8645988
1.9060847
1.9760126
2.0195277
1.9549506
2.0126786
1.8239669
2.0898128
1.991321
2.0855412
1.8335698
1.9634626
1.9293933
1.9621147
1.868264
1.9632826
2.0496488
1.9858335
1.8715986
1.8110523
2.0688596
1.9620767
1.8792412
1.9245478
2.070697
1.8566077
1.850821
1.956645
1.864478
1.7875973
1.9758954
1.9554403
1.917715
1.8763312
1.94875
2.012275
2.0115397
1.8878745
1.866374
1.9865125
1.9885405
1.8323525
1.9392904
1.9875392
1.988213
1.8140823
1.8736604
1.9085293
1.9401202
1.8618168
2.0725663
1.888198
1.9457372
1.8553399
1.9372791
1.8730438
1.8596038
1.9212825
1.8902311
1.7958263
2.070514
2.1047516
1.9625064
1.9520632
1.893952
1.938119
1.9890915
2.062079
2.1321964
1.9922335
1.9396155
1.9389831
1.8994952
1.9872334
1.8781714
1.8123335
1.860319
1.9203749
1.9271402
1.9488885
1.9196333
1.9578308
2.0107625
1.9444842
1.8349363
1.8976548
1.9037257
1.9971817
1.8629
1.8120943
1.8752092
1.8985333
1.7941175
1.9834852
1.8310437
2.0114875
2.005732
1.7679559
1.9902585
1.9681334
1.8721335
1.9272138
1.8241044
1.9138713
1.9611715
1.8828332
1.8601266
1.9097825
1.7945623
1.7718431
1.7106339
1.8030276
1.915292
1.7296546
1.9426987
1.8722665
1.8682154
1.8041662
1.8834758
1.8422171
1.9290742
1.91171
1.9465252
1.8587008
1.8576108
1.8901376
1.974076
1.789367
1.9340806
1.879876
1.8977951
1.8894205
2.0100715
2.0262733
2.285087
2.0316703
2.168248
2.1675735
2.0938213
2.0060868
1.946121
1.933475
1.8621098
1.9217631
1.9685426
1.9830302
2.0352507
2.1359925
2.2501206
1.9114554
1.9738125
2.242894
1.9626552
1.9128985
2.1281219
2.1151466
1.9046812
1.8872676
2.112505
2.1409936
1.8637565
1.9683093
1.9665749
1.7535307
1.9991385
1.8118519
1.9680595
1.9583281
1.858675
2.126342
1.7906222
1.8204095
1.8973253
1.9934305
1.9436628
1.8058523
1.8331708
1.9334195
1.9339964
1.7620724
1.871006
1.8075948
2.0662534
1.9263551
1.916898
1.7744002
1.8091153
1.8792841
1.9806995
1.8357685
1.8184795
1.8702577
1.8881786
1.9412928
1.9892355
1.8483158
1.937139
1.9653035
1.8297137
1.9916704
2.0419822
1.8890748
1.8468757
1.870636
1.9711752
1.9791812
1.9848921
2.1673162
2.0838006
1.9496213
1.9880283
1.92224
1.9493397
2.1309712
1.8729485
1.8428452
1.8929105
1.9246938
1.9290622
1.7793143
1.9085495
2.0036047
1.9332312
1.8836248
1.8524784
1.8666817
1.8699733
1.7955304
2.0053058
1.9027799
1.9785131
2.055255
1.8054934
1.8473155
1.924237
2.1353252
1.9070814
1.8998836
1.9131439
1.9897157
1.8146032
1.9581026
1.8598462
1.8307889
1.7928667
1.8851981
1.948783
1.8792434
1.8252504
1.8333687
1.9631156
2.0443306
1.9472574
1.8721597
1.8772395
1.8510315
1.8176879
2.0500488
1.9191568
1.8905478
1.7881025
2.0794115
1.816916
1.8821517
1.9855505
1.7519451
1.9441166
1.8180232
1.8097575
1.8179965
1.8277054
1.9577073
1.9742035
1.8078499
1.8187075
1.8494717
1.8547872
1.820406
1.7499982
1.7605808
1.6910264
1.8204557
1.768284
1.8105035
1.8006742
1.909922
1.8690245
1.8141488
1.8161383
1.8577073
1.831857
1.906164
2.0233724
1.9865675
1.9421582
1.8819594
2.0152276
1.9226034
1.868885
1.8256224
2.0236776
1.9753402
1.9825003
1.878329
2.1709437
1.8927387
1.892641
1.8145249
1.8201143
2.1570609
1.9615747
1.8948238
1.846527
2.3374608
2.0579462
1.8200645
2.008956
2.0116055
1.8304999
1.9673148
1.9463105
1.8939782
1.937165
1.819576
2.0070593
1.91925
1.8727719
1.7149485
1.9274068
1.993277
1.9219104
1.8822209
1.8572742
1.8183823
2.1036012
1.9682353
1.827393
1.9630853
1.8491057
1.7494702
1.8520378
1.7698913
1.8585215
1.902457
1.9405947
1.8449345
1.8070618
1.787944
1.8283851
1.8806775
1.9687898
1.867253
1.8373669
1.9485621
1.7870271
1.7512455
1.9434301
1.8908552
1.8554295
1.9125388
2.002559
1.7763972
1.9577065
1.862773
1.774474
1.9084435
1.8677554
1.8069029
1.8809705
1.7952373
1.9051043
1.8778659
2.0006459
1.7698754
1.998947
1.8674316
1.8130746
2.1533816
1.8327535
1.8631122
1.8069463
1.8571025
1.8890643
1.912826
1.8441057
1.8383125
1.766605
1.9627615
1.8226935
1.8242755
1.7947706
1.8378673
1.9130323
1.8821863
1.9576203
1.7868485
1.8792032
1.8937728
1.890829
1.8005894
1.9064182
1.842622
1.9194552
1.831894
1.8375599
1.7977625
1.844389
2.0166278
1.8954597
1.9290195
1.7753003
1.8698299
1.8120996
1.8448308
1.8102827
1.880381
1.8275121
1.887565
1.922016
1.7964971
1.827595
1.8606524
1.9202782
1.8140898
1.9051298
1.990736
2.0008507
1.9551407
2.0202053
1.8156967
1.8522902
1.935004
1.7739145
1.7580665
1.8300364
1.8624607
1.9549925
1.9019002
1.8442266
1.8397202
1.7546213
1.8005075
1.8412474
1.7041717
1.9613582
1.7533488
1.8354307
1.818117
1.7660627
1.7357316
1.8324184
1.8047377
1.8110309
1.8108649
1.9097308
1.7479513
1.975788
1.7193007
1.7535754
1.8295363
1.8683634
1.8735337
2.0794187
1.8337533
1.9205482
1.8197011
1.816422
1.7961168
1.8566357
1.7471598
1.7186431
1.8713608
1.7759463
1.8984419
1.858384
1.8813142
1.8253578
1.8423156
1.7713697
1.9974792
1.7278038
1.7461737
1.8898473
1.729607
1.7435036
1.760848
1.7588283
1.7886348
1.7708408
1.838379
1.8505205
1.8459477
1.7769235
1.8991377
1.758144
1.8620034
1.8574327
1.9254415
1.8891095
1.7643378
1.8681113
1.9388934
1.7512248
1.849536
1.7292536
1.7922579
1.7931825
1.797361
1.8488377
1.6932436
1.8265313
1.7126139
1.8361907
1.8065195
1.9114377
1.9475112
1.795608
1.7420005
1.8273516
1.6817282
1.786248
1.8189116
1.7363056
1.7293428
1.8140911
1.7310895
1.8257172
1.8490816
1.8760761
1.7762568
1.746527
1.872315
1.786366
1.8070388
1.7855965
1.7992544
1.8746426
1.85544
1.9278537
1.8401215
1.747304
1.7976228
1.9608847
1.8487928
1.8844893
1.6960539
1.7340621
1.832711
1.9242395
1.7875605
1.7846125
1.7191715
1.8406006
1.7250515
1.885049
1.7817638
1.8802938
1.7672095
1.8528275
1.757146
1.8368545
1.8179669
1.7481172
1.8622648
1.8315914
1.8008893
1.8179072
1.7695726
2.0244813
1.7769307
1.9035084
1.825856
1.8887312
1.8108119
1.8124447
1.9176004
1.8556542
1.787361
1.7654947
1.8685385
1.8240672
1.6935154
1.7188287
1.8192749
1.7135687
1.7386856
1.9487464
1.6982473
1.7554015
1.8529611
2.0038314
1.7706312
1.8111949
1.868222
1.756871
1.8529627
1.8586681
1.78292
1.9013437
1.9231528
2.0107415
1.9037746
1.9885453
1.8671333
1.804753
1.7473032
1.8020678
1.8527727
1.8610154
1.7571853
1.7668828
1.9748635
1.8822719
1.7891726
1.8589025
1.8375349
1.7792608
1.8245255
1.7767279
1.8650604
1.9436595
1.7322805
1.7949338
1.8169048
1.7813578
1.776783
1.7774155
1.8319713
1.8202456
1.9251758
1.7178415
1.8060595
1.9590786
1.9043225
1.7130742
1.8005188
1.8524772
1.9894272
1.7081735
1.6960137
1.8775692
1.7782209
1.8817905
1.7271063
1.8301394
1.9057742
1.766658
1.7800027
1.8160512
1.8337342
1.7928928
1.7866944
1.6784694
1.8196547
1.8188165
1.8753662
1.702631
1.8804587
1.8586365
1.779345
1.80588
1.761321
1.7531872
1.7135142
1.8940654
1.7306365
1.6991102
1.8041242
1.7164532
1.7051946
1.7138487
1.8318604
1.9321681
1.8345624
1.8697132
1.7804188
1.835436
1.722859
1.7853067
1.7986852
1.9441726
1.9077243
1.7834086
1.7938088
1.805465
1.9658301
1.7906822
1.886258
1.7890837
1.7670733
1.7563525
1.8158202
1.8433145
1.783824
1.827225
1.7583348
1.7936022
1.728687
1.8094147
1.8808422
1.7837514
1.77519
1.729259
1.76628
1.6623883
1.7400657
1.9375652
1.8988202
1.8069463
1.7807558
1.7020515
1.7116108
1.7967441
1.7219425
1.8383864
1.8049829
1.8416448
1.6914436
1.9763739
1.8302155
1.825798
1.7601552
1.7415832
1.9227433
1.7668484
1.761692
1.7922425
1.818295
1.960556
1.7710463
1.886264
1.8094021
1.7566268
1.7883558
1.7570355
1.8756624
1.718488
1.7016834
1.7565925
1.6793247
1.7369747
1.8159814
1.784249
2.0513518
1.7630953
1.8433565
1.9183732
1.7637357
1.7804505
1.8487939
1.8699191
1.7981153
1.7693101
1.8443948
1.783158
1.7810476
1.9073942
1.8010023
1.7952014
1.7882777
1.764064
1.8443538
1.8155655
1.9053233
1.769856
1.770679
1.8806328
1.8256128
1.8195218
1.8889678
1.8935064
1.8395629
1.8126131
1.7859925
1.8577595
1.6843667
1.8015084
1.8661157
1.7835478
1.7218822
2.0304778
1.8005728
1.8247722
1.7276759
1.7141763
1.8563956
1.759794
1.8771008
1.7484628
1.7854737
1.7851034
2.0242472
1.8403573
1.7381942
1.6993995
1.8948334
1.7984933
1.6882386
1.7509861
1.7614822
1.7507902
1.8250108
1.776376
1.7664115
1.7715328
1.9010239
1.7762382
1.739205
1.7158908
1.8885105
1.8591672
1.6910183
1.802817
1.7305307
1.8301219
1.7002935
1.947077
1.9009533
1.8405422
1.8147795
1.8890722
1.715763
1.839006
1.7136679
1.7706199
1.844949
1.9460025
1.7406633
1.6998041
1.7290834
1.6901922
1.7775576
1.7584382
1.7510958
1.8351737
1.8687935
1.803291
1.8485663
1.8454692
1.8183663
1.9669955
1.8400103
1.8433923
1.7738451
1.7981148
1.8283646
1.7948251
1.7904334
1.7071154
1.926179
1.8092116
1.7852204
1.7342099
1.7366447
1.8116521
1.782231
1.6739258
1.7650398
1.8369563
1.7503141
1.7865192
1.7265568
1.727177
1.7779803
1.7516112
1.7272848
1.7686838
1.9122535
1.7571362
1.8082463
1.7357705
1.8802025
1.8010999
1.735677
1.8480238
1.8025202
1.8650784
1.8026502
1.8718346
1.7971604
1.843521
1.8818825
1.7629292
1.8972555
1.8469899
1.8221794
1.8373282
1.7961855
1.8987309
1.720276
1.8147204
1.812146
1.8176417
1.8883485
1.737228
1.8958898
1.8697268
1.810719
1.8536034
1.6839838
1.8026028
1.759655
1.8564135
1.8129478
1.7707366
1.9621365
2.071534
2.412743
1.871625
1.7882513
2.1091297
2.3475373
1.8232993
1.8718545
2.2709017
1.9506348
1.807848
1.9426678
1.7706499
1.9165347
1.8561543
1.8500136
1.9197454
1.8549901
2.027839
1.931193
1.8318553
1.6825575
1.7962484
1.8964914
1.8273454
1.9507357
1.9497916
1.7377684
1.7967265
1.9456242
1.9355602
1.8469259
1.9222943
1.8516392
1.8207313
1.8325455
1.7292455
1.9278429
1.8094168
1.7532225
1.8720373
1.7804587
1.812115
1.9361223
1.8484082
1.6940619
1.7686839
1.7835273
1.8469344
1.8254653
1.7576402
1.8787485
1.8009462
1.858467
1.791477
1.7292794
1.8470064
1.7838773
1.8232355
1.9113772
1.8116057
1.8630203
1.8378619
1.6943065
1.8783537
1.7947527
1.9015
1.9385374
1.7218268
2.0666618
2.065706
2.3865244
2.0203216
1.9235811
1.8606237
2.156275
2.1378994
1.8394608
2.0412197
2.2302797
1.8666388
1.890505
1.930418
1.8747587
1.7829051
2.0007894
1.929379
1.8736932
2.034584
1.8160554
1.825073
1.866341
2.0616086
1.8985995
1.9005673
1.878489
1.807185
1.9112766
1.907008
1.7295121
1.8022522
1.8274572
1.8319669
2.0513756
1.755589
1.8354639
1.7174911
1.9614882
1.7931658
1.745961
1.8758011
1.7764626
1.7871244
2.137912
1.9966179
1.8119937
1.8011703
2.0000203
1.866188
1.8028662
1.9560531
1.8815429
1.928811
1.8799073
1.6982859
1.8220434
1.8076322
1.922099
1.9463505
1.832408
1.9548482
1.8270807
1.8942662
2.293047
1.9223915
1.7535614
1.8564748
1.8180343
1.935671
1.8629866
2.0152993
1.8553222
1.9570225
2.181492
1.8069422
1.7497977
1.845526
1.7275813
1.931799
1.8464615
1.7217473
1.778789
1.7756068
1.7970353
1.7921983
1.7376525
1.7503427
1.8178434
1.8024547
1.8464655
1.834357
1.8933766
1.929673
1.7714932
1.848532
1.7160901
1.7682613
1.7611668
1.7687155
1.8514414
1.8471208
1.8108443
1.9453162
1.7113515
1.7383906
1.7518702
1.8017756
1.706264
1.7765256
1.8385112
1.7272671
1.7834833
1.8305874
1.7513212
1.7716769
1.7193995
1.7947855
1.7187418
1.7524229
1.7834989
1.7660375
1.7562252
1.765644
1.8542594
1.8573095
1.6932915
1.868491
1.8324552
1.7936198
1.916502
1.7600763
1.7670772
1.7817128
1.7699889
1.7819662
1.7226614
1.8323803
1.723207
1.8821748
1.8820724
1.8762888
1.877951
1.766012
1.888459
1.9618384
1.9450452
1.7216368
1.72509
1.9602543
1.8362173
1.7753309
1.7609017
1.8929254
1.9054557
1.8069348
1.8585365
1.7686872
1.9463053
1.8346893
1.8300549
1.8226889
1.7714517
1.8327552
1.7283792
1.6738309
1.692066
1.773117
1.8247436
1.7753786
1.824656
1.8226644
1.7588035
1.908642
1.7943975
1.8827454
1.768689
1.8983971
1.7919838
1.7908617
1.8584697
1.8121005
1.6966343
1.9113729
1.851653
1.749542
1.67018
1.8564297
1.734364
1.9526125
1.8942788
1.7866133
1.6932058
1.7887722
1.7590842
1.7597208
1.9824823
1.870274
1.8881508
1.7286338
1.9509312
1.7835001
1.751821
1.835979
1.8307065
1.9190155
1.9398096
1.7809715
1.800499
1.830789
1.8436615
1.8292061
1.7918622
1.8018135
1.7878915
1.7489468
1.8333385
1.7964015
1.8502923
1.7750052
1.8196465
1.762629
1.8179314
1.7739005
1.9244843
1.7994943
1.9185191
1.9544709
1.7675511
1.8669903
1.7564478
1.9403341
1.7521236
1.698221
1.7052786
1.7665615
1.8510817
1.919446
1.7626898
1.961872
1.91825
1.8932397
1.7938906
1.8286866
1.8073345
1.6993533
1.7843623
1.8241887
1.8030959
1.8498183
1.8687403
1.8386338
1.7882735
1.7107751
1.6870781
1.7267455
1.8124281
1.773831
1.764259
1.946413
1.7565492
1.7732174
1.7112194
1.7346967
1.7484809
1.6898497
1.7299476
1.7259376
1.7657112
1.690317
1.8517392
1.6904383
1.7666593
1.7754108
1.8270556
1.804675
1.7384697
1.7403684
1.7035238
1.7352265
1.8099871
1.9434793
1.7474443
1.7466068
1.8704343
1.7852943
1.7138413
1.972297
1.8246245
1.7490828
1.8579009
1.7606475
1.6539801
1.8068049
1.6984499
1.7206666
1.7243425
1.8489997
1.8763403
1.7716948
1.9159925
1.9011595
1.848715
1.8420535
2.026452
1.843604
1.848037
1.8533026
1.7786558
1.8250132
1.7665747
1.8545991
1.8026538
1.7207041
1.7741195
2.0727165
1.8979801
1.8439994
1.836966
1.8468475
1.8679577
1.7811803
1.7912719
1.7080586
1.75772
1.7681866
1.7910832
1.773011
1.8392758
1.8083485
1.7873752
1.9074397
1.8133069
1.736536
1.6872854
1.9146203
1.6894894
1.7555687
1.7119083
1.9917368
1.7877976
1.76758
1.7041045
1.726242
1.7674166
1.6880262
1.740291
1.6556705
1.8421153
1.7583942
1.7492896
1.8594688
1.8803308
1.7465816
1.7354127
1.8722743
1.7606364
1.8819492
1.740659
1.7626125
1.7581681
1.788662
2.0175707
1.7471086
1.8129936
1.8855377
1.9008305
1.6723571
1.8554479
1.8490827
1.793207
1.868362
1.9128634
1.7706898
1.781894
1.7681385
1.881447
1.8962232
1.747539
1.8467185
1.805151
1.7976577
1.7901233
1.7852238
1.7705225
1.8551118
1.7907473
1.6965629
1.763951
1.6508713
1.9542415
1.8044777
1.8077664
1.7298675
1.756169
1.9417796
1.8858212
1.7432705
1.7304063
1.8799897
1.7643199
1.8280472
1.8045576
1.7671312
1.7360579
1.7072502
1.7834828
1.7987752
1.7860417
1.835132
1.7859489
1.6962422
1.7323279
1.937728
1.8379737
1.7520701
1.826475
1.770872
1.8485478
1.6898803
1.8182013
1.8182636
1.8684801
1.7212683
1.7691748
1.697788
1.7829746
1.9674864
1.6700824
1.7518537
1.7498838
1.796899
1.795475
1.748975
1.7499713
1.7806281
1.8323265
1.7088645
1.7347302
1.7103727
1.6838284
1.7943515
1.69816
1.763036
1.6082675
1.686517
1.7098246
1.7070696
1.7261858
1.7164685
1.7092845
1.8034989
1.8669071
1.865662
1.7759457
1.6749692
1.7570323
1.923061
1.8355048
1.7727479
1.7774746
1.9388312
1.702885
1.8121313
1.6849746
1.8703059
1.8321218
1.7504047
1.7523028
1.7380581
1.7290597
1.7305795
1.7989792
1.7673812
1.7249388
1.7739513
1.8249665
1.8684806
1.7352661
1.7906117
1.7552278
1.7875781
1.8057511
1.7109871
1.6869187
1.7896522
1.8845083
1.7920821
1.7194582
1.7971231
1.832127
1.7215399
1.6637303
1.7947675
1.6609148
1.8406533
1.6909899
1.7465379
1.7660524
1.8783251
1.7424723
1.7624631
1.8837937
1.8519453
1.7798924
1.7302632
1.7086669
1.7481418
1.7168845
1.7098705
1.7795392
1.7822698
1.7550617
1.7988634
1.8331805
1.6863933
1.9476801
1.7691165
1.6865348
2.0469122
1.8145373
1.7945212
1.7776564
1.8656421
1.7711366
1.7610221
1.7820168
1.871273
1.9134
1.7889575
1.7199527
1.839706
1.7026173
1.8048115
1.8112094
1.7972482
1.8060611
1.860141
1.6957325
1.773231
1.6818081
1.7109983
1.8681284
1.6844296
1.7497256
1.7948713
1.7579106
1.7374626
1.6932217
1.7291343
1.7708021
1.7037753
1.7516745
1.6584334
1.6913594
1.806682
1.7027735
1.7441629
1.7011565
1.6879362
1.7280582
1.7589365
1.7886788
1.6474996
1.8002982
1.7987319
1.7381966
1.7015402
1.7604208
1.8293794
1.7178415
1.7254819
1.7355106
1.6894488
1.7896973
1.6817082
1.7843357
1.7746664
1.8122677
1.7722218
1.773431
1.728805
1.7188555
1.795994
1.6684145
1.7704468
1.6991014
1.7589197
1.7310265
1.7771896
1.7973849
1.8022149
1.7642645
1.7408915
1.6938173
1.7987869
1.8242873
1.8040688
1.7062203
1.7625825
1.7057321
1.9815443
1.7075987
1.6956643
1.6447095
1.7393112
1.7787088
1.7002548
1.7266697
1.816117
1.804202
1.8276635
1.7092263
1.7580436
1.7414937
1.7803752
1.8009048
1.6649828
1.6786896
1.7470027
1.7728037
1.6993271
1.7588845
1.7410005
1.770456
1.701203
1.7816045
1.748897
1.8006202
1.6416864
1.8099352
1.7481865
1.7185535
1.7374295
1.8061396
1.9457619
1.7544001
1.7631321
1.8529736
1.8048754
1.8746942
1.787659
1.8529402
1.8239118
1.7454077
1.715531
1.6653498
1.8168721
1.7619957
1.7748922
1.8486928
1.8146713
1.7254708
1.7069899
1.8109171
1.7577097
1.8011408
1.7672397
1.7530211
1.7633735
1.8238343
1.7888793
1.8461282
1.7603517
1.7993785
1.8430035
1.8507471
1.7450631
1.9007448
1.7193109
1.6991123
1.997673
1.696621
1.7580253
1.7381482
1.8216904
1.8128045
1.7953533
1.7766408
1.7535089
1.7904041
1.7527058
1.7089674
1.7826912
1.6894195
1.6508685
1.6914049
1.7179862
1.7534467
1.9276447
1.7422577
1.7982029
1.7741125
1.8805586
1.7712787
1.7217792
1.8245231
1.7561338
1.718781
1.8152617
1.7887459
1.6613768
1.7588702
1.7654486
1.6634598
1.6599143
1.7490126
1.7661268
1.8063974
1.6672118
1.7966424
1.789943
1.712637
1.7773013
1.749081
1.7822392
1.7222571
1.6926125
1.738659
1.8668444
1.6774738
1.6537533
1.7738827
1.7498705
1.8500258
1.7321602
1.7005554
1.750865
1.8144928
1.8638872
1.8317935
1.7877655
1.6953305
1.7807925
1.7670767
1.8209965
1.8267438
1.6727489
1.785678
1.7086573
1.8117925
1.7166839
1.7060077
1.6926028
1.7349125
1.7645901
1.7838981
1.7419169
1.7373718
1.7859032
1.692772
1.8329614
1.6727283
1.8789074
1.7251952
1.728475
1.730461
1.6304859
1.7115128
1.7658831
1.773365
1.761511
1.7079242
1.780562
1.7673297
1.7766616
1.7840781
1.6987767
1.7804928
1.8370011
1.8961511
1.7208682
1.7467974
1.6496059
1.7515048
1.7448788
1.7033993
1.7151438
1.6686711
1.7741445
1.9785798
1.7859492
1.6727798
1.7626505
1.9423373
1.7526797
1.6882136
1.783442
1.8943043
1.796809
1.6664785
1.7012346
1.6858087
1.9053135
1.8953907
1.7788713
1.733942
1.9806138
2.014109
1.7212033
1.6883323
1.8337926
2.143879
1.742832
1.6669142
1.880353
1.8404458
1.8106897
1.8123802
1.7305251
1.7758229
1.996451
1.8453559
1.6817588
1.7537688
1.8942188
1.849312
1.7115673
1.6767235
1.7078944
1.8341768
1.7886469
1.8518518
1.683779
1.813099
1.821405
1.772483
1.7235996
1.7054588
1.7969705
1.9901104
1.7409549
1.78847
1.697197
1.8461007
1.774449
1.741334
1.7587862
1.7291206
1.7544316
1.7683166
1.720301
1.7594728
1.7603413
1.7225925
1.7063112
1.6992534
1.7908674
1.9148527
1.7112952
1.7715002
1.738943
1.7982575
1.7094548
1.727432
1.7324963
1.686263
1.6730502
1.6886215
1.836262
1.8595967
1.8500012
1.798669
1.8472179
1.75499
1.8436573
1.8965144
1.6706159
1.781033
1.6837815
1.9255162
1.7633673
1.6899142
1.695943
1.8366953
1.9130836
1.9197085
1.7045715
1.7144331
1.7202102
1.6918856
1.8147992
1.7345805
1.8068914
1.7010869
1.7075
1.7597412
1.691089
1.727862
1.6916249
1.8586762
1.7610542
1.7367365
1.7767103
1.8308918
1.8405595
1.7336262
1.702637
1.7870252
1.7081394
1.889055
1.85537
1.8367614
1.756959
1.7440523
1.7468816
1.6580943
1.7357435
1.7014662
1.6953644
1.8773931
1.7175963
1.7529801
1.8302835
1.6832447
1.7948472
1.718073
1.7140383
1.8573532
1.6690205
1.8701625
1.8725576
1.7178643
1.8781465
1.8776885
1.7530241
1.7974159
1.6781691
1.7482442
1.8457055
1.6656396
1.79917
1.7054142
1.7873731
1.7488302
1.6913488
1.6467191
1.65101
1.8395619
1.7451193
1.7231103
1.802291
1.7476788
1.6203525
1.726859
1.8049777
1.8002365
1.6954732
1.743957
1.6989495
1.7201912
1.827111
1.7358487
1.7061064
1.7585063
1.7034897
1.810619
1.7783402
1.7483035
1.853806
1.83239
1.8924532
1.7890373
1.6670785
1.723683
1.7727038
1.7796222
1.6937835
1.7729927
1.6588992
1.6476488
1.6416533
1.7171826
1.775075
1.8415841
1.7056228
1.6810235
1.7037976
1.7138327
1.6697892
1.7729722
1.783313
1.8306073
1.7720517
1.8537164
1.7751701
1.6768818
1.8107355
1.8172778
1.7090207
1.8003943
1.7224233
1.7339244
1.7233378
1.7820411
1.7984827
1.7965032
1.9570446
1.809123
1.7689275
1.8324575
1.6867021
1.83637
1.7299521
1.719021
1.9152529
1.7992069
1.7629919
1.762652
1.7157575
1.8396502
1.8761519
1.6896763
1.823096
1.7016468
1.7671863
1.8352348
1.8153121
1.7175138
1.6842463
1.8147148
1.7472864
1.7121538
1.7249635
1.7852685
1.8378872
1.7460781
1.727406
1.7374777
1.709833
1.8438649
1.741709
1.7582694
1.702633
1.6736164
1.7135012
1.7253739
1.6998718
1.8503441
1.7188473
1.8279638
1.6677752
1.7407297
1.7373194
1.7291777
1.7794975
1.720403
1.7090733
1.7413484
1.7663915
1.7124206
1.806193
1.6948875
1.7781183
1.6862507
1.7015035
1.7340827
1.7435561
1.664073
1.7076677
1.7493855
1.7291572
1.7168818
1.7345107
1.8622717
1.759429
1.7754562
1.7397225
1.6202325
1.6706061
1.7671891
1.6924227
1.7693421
1.6949055
1.7084155
1.6478412
1.7253001
1.8578728
1.8418012
1.741884
1.719554
1.694718
1.6783295
1.7395402
1.728215
1.7001708
1.8054451
1.7184665
1.7995148
1.7951993
1.6980385
1.6548431
1.8454435
1.7556113
1.6930226
1.7566532
1.6955003
1.7930853
1.7018392
1.8533702
1.7874632
1.6893591
1.674553
1.9421512
1.7932495
1.6478711
1.7050818
1.7181135
1.691267
1.6965435
1.7657063
1.762534
1.7975996
1.697442
1.8994826
1.9405912
1.7502506
1.8371917
1.7354282
1.7838341
1.7767006
1.9943686
1.7810112
1.8311107
1.784782
1.7812876
1.7348858
1.7988344
1.786941
1.7545936
1.7284713
1.8160675
1.7218388
1.880259
1.699478
1.7150167
1.7223755
1.7587978
1.7720846
1.7155095
1.8616751
1.7636831
1.7402022
1.8501668
1.7342494
1.7151012
1.8735256
1.6981088
1.7452393
1.7217739
1.7240937
1.7450789
1.6966219
1.9083413
1.78488
1.7488246
1.7363248
1.779364
1.8145156
1.6780425
1.7113724
1.7439451
1.797966
1.7895691
1.891626
1.8541597
1.6857394
1.8246083
1.7804723
1.8329992
1.6817148
1.7284465
1.7596333
1.704974
1.7091854
1.7441877
1.672061
1.7206895
1.7121582
1.7305877
1.795338
1.8140731
1.7095933
1.7412387
1.7494645
1.6874968
1.640371
1.696607
1.7690035
1.7761675
1.7544014
1.6188948
1.7440677
1.7588804
1.7629033
1.6975666
1.774892
1.7263
1.6368427
1.7415466
1.6864264
1.7183645
1.8757045
1.7051822
1.7169052
1.675603
1.6662033
1.695941
1.7708973
1.83052
1.713984
1.7698888
1.7851398
1.6640074
1.8416415
1.6352539
1.7173442
1.7299153
1.7774835
1.7485535
1.7633758
1.6964252
1.6914682
1.696882
1.7135108
1.7822605
1.6430848
1.6020982
1.7286288
1.7157304
1.7109127
1.8354902
1.7342358
1.631546
1.7868962
1.7743503
1.9135487
1.9919872
1.7804453
1.7917182
1.7194086
1.740865
1.7404624
1.9388031
1.6967047
1.7347716
1.7251705
1.8858311
1.7543552
1.7389851
1.7603272
1.7562766
1.6697608
1.703699
1.7101053
1.7220608
1.7840644
1.7443837
1.7939601
1.760897
1.6780152
1.6921413
1.7725117
1.7122669
1.6801162
1.7503126
1.7795501
1.682572
1.7962841
1.716687
1.7698973
1.757392
1.718759
1.7246598
1.6769395
1.6938905
1.6840618
1.6945505
1.725619
1.7041194
1.71772
1.6322832
1.7032965
1.6618989
1.73957
1.7030395
1.7154347
1.7911777
1.8115784
1.8239683
1.733628
1.9255733
1.7635692
1.7225926
1.7845292
1.928861
1.7857331
1.9281592
1.8142885
1.8874106
1.782824
1.9503907
1.8983301
1.8651924
1.8558078
1.935101
1.9048563
1.8170097
1.7377443
1.797944
1.777334
1.7667524
1.8286439
1.7542423
1.853037
1.6969101
1.9003652
1.757816
1.6946657
1.8456925
1.9003673
1.7810577
1.67506
1.7355688
1.7755878
1.731275
1.6278245
1.6623107
1.970816
1.867002
1.7398465
1.7358418
1.6831672
1.7432828
1.7574422
1.7419738
1.7314651
1.7920797
1.8851174
1.7653837
1.8612522
1.7853593
1.771409
1.6943058
1.8356142
1.7568954
1.756083
1.7085094
1.7995692
1.8357733
1.749034
1.6557747
1.6353568
1.739751
1.6903642
1.9435687
1.791555
1.7352115
1.8368428
1.7830905
1.8102419
1.7037133
1.7234595
1.7147644
1.7267426
2.105872
1.7085309
1.6658305
1.8400017
1.7108717
1.6529366
1.7006027
1.740361
1.6907462
1.7593383
1.7206589
1.7091709
1.7284822
1.7457546
1.6510162
1.7500507
1.7571609
1.6681949
1.759408
1.7324018
1.738575
1.8048376
1.7684168
1.8103845
1.7018195
1.836763
1.6902947
1.7662756
1.6962425
1.6837436
1.7740265
1.8213505
1.7501276
1.8674029
1.7388422
1.8131027
1.7460426
1.6911265
1.790024
1.670164
1.6924425
1.7188338
1.8881607
1.7922099
1.684352
1.7003886
1.6848341
1.7346096
1.8112525
1.7322695
1.7248691
1.6789404
1.6947914
1.8500978
1.6894089
1.8194944
1.6602173
1.716822
1.7918577
1.7858952
1.6377823
1.6982803
1.8303638
1.7939328
1.8193332
1.7101569
1.7528888
1.6719917
1.7253824
1.7237595
1.7795414
1.6726718
1.7525935
1.7221721
1.7589887
1.7210662
1.7937676
1.8163048
1.7384675
1.8193127
1.8336489
1.7842222
1.7761495
1.994592
1.7187628
1.8070551
1.709023
1.7262695
1.8125702
1.7893478
1.6087563
1.7189268
1.7921854
1.8140497
1.7620407
1.7160892
1.7688978
1.8062397
1.7436185
1.675103
1.8805952
1.8046985
1.772395
1.6907147
1.6786485
1.8975679
1.7346764
1.7011658
1.671388
1.7846204
1.7908711
1.8667413
1.75011
1.8162085
1.7082441
1.7936796
1.690177
1.6999094
1.7449484
1.7595953
1.658343
1.7186122
1.7330928
1.845949
1.72463
1.9144655
1.7343193
1.7876995
1.9244537
1.7311171
1.7297662
1.743957
1.7985517
1.6683055
1.8222854
1.7267042
1.7341707
1.7237995
1.6641973
1.7242345
1.6503745
1.821977
1.704419
1.6787902
1.7186522
1.760412
1.7313995
1.7607304
1.784316
1.6896819
1.8654139
1.8163778
1.737155
1.7635388
1.7880932
1.7367727
1.7236495
1.7385265
1.674995
1.8647093
1.6767577
1.8572661
1.8103697
1.7722415
1.698662
1.6951381
1.8593562
1.9084468
1.7241018
1.662206
1.7546315
1.7642747
1.7673115
1.8294835
1.7345402
1.7593645
1.7998092
1.7533858
1.8062674
1.8305597
1.7688183
1.663481
1.676396
1.8394235
1.665411
1.7502288
1.7260774
1.7361996
1.688453
1.7025595
1.829384
1.8472431
1.7096123
1.6453342
1.8176265
1.8801873
1.7805955
1.8039516
1.7812995
1.8389546
1.8218175
1.6982367
1.6621046
1.8947502
1.7512771
1.6709453
1.7012744
1.6754589
1.7153673
1.809203
1.7395263
1.7854527
1.7879758
1.6342233
1.8661005
1.7572192
1.8796
1.7579955
1.7409496
1.7194647
1.8410925
1.659858
1.7809551
1.8942695
1.722391
1.6994776
1.9642502
1.7321987
1.8105124
1.732449
1.7459599
1.8834227
1.7603003
1.8333257
1.7318413
1.6670586
1.8048538
1.7160345
1.8270955
1.68459
1.734372
1.7697458
1.6921706
1.7084767
1.7656027
1.7212315
1.7007457
1.7546978
1.739815
1.6963394
4.5840635
7.287373
5.922259
3.5141492
1.9409701
2.930356
4.4855795
4.4028387
3.983639
2.2032497
1.9745384
2.598193
3.1451375
2.9272466
