27.62686
27.178375
26.354969
26.3719
25.688936
25.324903
25.632336
25.170906
25.565605
25.135208
25.319
24.664404
24.493073
24.940836
24.845928
24.278423
25.298
23.934261
24.185877
23.603992
23.500013
23.269293
24.265652
22.963264
22.971102
23.778309
22.956167
23.106388
22.585608
22.887018
22.865696
22.363264
21.951017
22.679296
21.853285
21.34492
21.105967
21.28176
21.052128
20.447357
19.971546
19.141788
18.486883
18.73626
18.240568
17.664171
16.908096
16.364618
16.027502
15.105834
14.32083
13.509301
12.050771
11.660054
10.252504
9.44003
8.078613
8.202759
8.66189
8.108971
8.364295
8.571848
7.666518
7.308046
6.919254
6.792875
6.2846937
6.181633
6.0664616
6.5578303
6.402114
7.135604
7.296456
7.417978
6.555068
6.6245246
6.156735
5.604602
5.368724
5.532056
5.723298
5.993555
6.119835
5.78973
5.6285534
5.487647
5.0428796
4.918062
5.275558
4.813798
4.82823
4.8749285
4.945772
5.024245
5.058724
5.351903
5.128181
5.477853
5.465429
5.2161264
4.952298
4.889306
4.779799
4.588784
4.556198
4.3915954
4.54698
4.71357
4.853615
5.0525
5.008453
5.327562
5.278995
5.165699
4.982202
4.858705
4.393687
4.4079485
4.3360543
4.37394
4.223966
4.5722165
4.67102
4.5591135
4.877265
4.868265
4.74102
4.932635
5.0283804
4.5930076
4.509497
4.647273
4.514363
4.387256
4.4337397
4.500815
4.841757
4.831248
4.847083
4.5421395
4.256502
4.1477923
4.229088
4.45821
4.243727
4.2239046
4.178368
4.352897
4.3751545
4.750434
4.603311
4.595211
4.7043324
4.829226
4.719522
4.3916483
4.126934
4.438921
4.1261163
4.0468783
4.3399954
4.424107
4.210372
4.341358
4.5090327
4.493028
4.416598
4.2875385
4.128987
3.9696429
3.6760461
3.95013
4.004882
4.0297017
4.189127
4.2732983
4.319639
4.426661
4.3629246
3.9472458
4.305025
4.085076
3.959797
4.056846
4.135904
3.991375
3.976434
4.1674623
4.043562
4.253123
4.239156
4.212835
3.9994035
3.9023027
3.8232982
3.790919
3.7551844
3.8919227
3.8347585
3.8530545
4.0128703
4.06069
3.8661776
3.8886166
3.9533787
3.9684684
3.9669116
3.996338
3.8905535
4.0443926
3.9592857
4.065899
3.9675875
4.0502143
4.018033
3.956388
3.8720076
4.064645
3.753894
3.6882358
3.97189
3.921132
3.955245
4.083424
4.0511208
3.646364
3.7466092
3.9166782
3.6675506
3.7782145
3.7198274
3.7016306
3.8213122
3.9383054
4.006684
3.947072
3.9252634
3.7169793
3.5130363
3.6667461
3.494013
3.528045
3.596567
3.650161
3.6548219
3.6743705
3.747124
3.7252195
3.750733
3.7546265
3.6166034
3.491478
3.662311
3.4978244
3.7196398
3.6264255
3.833361
3.8572855
4.045719
3.885423
3.8959115
3.841635
3.7033195
3.7542915
3.8952775
3.567868
3.774917
3.7338486
3.702001
3.5337024
3.8375084
3.576865
3.6498759
3.477569
3.7026248
3.6268249
4.0287175
3.8649175
3.917294
3.7730963
3.813591
3.769307
3.6048975
3.6408267
3.822928
3.69922
3.70265
3.5717635
3.592381
3.4541836
3.443643
3.5115917
3.5446594
3.5593774
3.5545933
3.8028543
3.5267627
3.5183544
3.7052896
3.5688655
3.411917
3.4039586
3.6541836
3.73058
3.5960035
3.8009133
3.72853
3.5071585
3.5081503
3.4390435
3.8866196
3.4600425
3.4671438
3.42922
3.7013025
3.762319
3.485612
3.5805888
3.396867
3.3022203
3.4402573
3.307021
3.573706
3.531971
3.707684
3.6684625
3.7905707
3.6855066
3.4440792
3.7934327
3.577711
3.4061005
3.4306235
3.335957
3.409801
3.2950504
3.5733232
3.4832401
3.5227175
3.56029
3.480086
3.4300075
3.4790287
3.4541194
3.306567
3.713101
3.403429
3.4550853
3.8343215
3.531937
3.652559
3.4983172
3.4208834
3.6542962
3.46307
3.293337
3.772796
3.4687164
3.3118925
3.399619
3.4658813
3.204323
3.494583
3.662859
3.4214187
3.4179595
3.6551526
3.3970847
3.6035964
3.4172494
3.2938125
3.3514194
3.2661583
3.396472
3.4501514
3.3611557
3.5720887
3.3924146
3.5197308
3.4377263
3.2999635
3.188189
3.4565005
2.986546
3.1858356
3.4611235
3.4900255
3.555789
3.4587276
3.312068
3.4247408
3.3297815
3.4597764
3.381214
3.389314
3.5194943
3.6345584
3.7566411
3.1581824
3.4656165
3.2956862
3.3224735
3.5196476
3.5150888
3.360377
3.2762582
3.6934085
3.2556036
3.6470954
3.2403286
3.348759
3.5306544
3.1079504
3.5195038
3.7092996
3.9355795
3.5691724
3.4810214
3.5354161
3.1251576
3.2130196
3.443705
3.6635244
3.1309905
3.408017
3.3783805
3.3569276
3.7670984
3.5706348
3.2339692
3.4011972
3.369381
3.190725
3.4396625
3.6660385
3.2772095
3.4384003
3.393938
3.239791
3.2133458
3.4492705
3.1525514
3.218272
3.156463
3.3026724
3.244395
3.3217318
3.380634
3.2037175
3.4271314
2.9733145
3.0812464
3.3311973
3.34297
3.261877
3.2760594
3.2669883
3.3673525
3.345443
3.369656
3.356839
3.2684257
3.0361605
3.273634
3.148832
3.3020935
3.180983
3.425549
3.2141654
3.098656
3.224795
3.069483
3.205295
3.1163387
3.00421
3.0487342
3.105148
2.9998348
3.048413
2.9711993
3.022582
2.8914824
3.040661
3.0608697
3.0782645
3.1125014
3.106609
3.001378
3.20684
3.1021247
3.1902945
3.1790302
3.0608814
2.979983
3.29226
3.3724008
3.264881
3.128718
3.1187444
3.1854787
3.0212526
3.5558207
3.432911
3.494385
3.5717602
2.9701896
3.0279734
3.2129793
3.2589855
2.988168
3.1003704
2.9919682
3.0383875
3.217315
3.0845125
3.026798
2.9906573
3.3462007
3.3500948
3.1577084
3.521426
3.6273413
3.1027982
2.8865683
3.1588535
3.1502836
3.0681725
3.0107517
3.0548
3.075965
3.3985734
3.4118755
3.063234
2.8770604
3.0568006
3.186521
2.9631712
2.934604
2.9835727
3.1677206
3.0016212
2.985591
3.0041428
3.0459623
3.0104825
2.8322256
2.926269
3.036187
3.197218
2.9954867
3.079526
2.824102
3.059107
3.025795
3.1685145
2.9933038
3.2240763
2.7856536
2.953867
2.9279695
2.7927647
2.9392126
2.734429
2.8346303
3.008866
2.8457434
3.0432951
3.226222
3.1930401
3.171228
2.84654
2.9778366
2.9368665
2.9246497
3.000726
2.9123015
3.021295
3.044093
2.891425
2.7034643
2.7749124
2.797392
2.8906922
2.9418986
2.855072
2.8098416
2.73277
2.9680176
3.0077767
3.088775
3.0517795
2.830481
2.8596406
2.92572
2.7065823
2.7314942
2.8896096
2.903155
2.7918353
2.7853765
2.678102
2.7402737
2.7397895
2.729229
2.7405386
2.797205
2.7212355
2.671923
2.6732664
2.683569
2.685331
2.7982972
2.6763937
2.787741
2.728966
2.703749
2.9667263
2.8276255
3.3491914
2.931427
3.0550547
3.0674632
2.76359
2.8004816
2.755559
2.738694
2.761537
2.7293975
2.7781591
2.893689
2.7105024
2.6770875
2.8180935
2.7610903
2.651413
2.8375015
2.7083366
2.7787898
2.672847
2.7647474
2.6396563
2.7291217
2.7526186
2.8845673
2.884701
2.7281308
2.7215543
2.896576
2.961466
2.960045
2.840067
2.7317898
2.6637545
2.488502
2.5958862
2.6369574
2.714394
2.5640116
2.5429506
2.6827326
2.750294
2.8590255
2.627514
2.5807245
2.4864116
2.8584645
2.758217
2.6212554
2.7285821
2.8494284
2.77224
2.516023
2.688753
2.4764454
2.568015
2.7721958
2.6228008
2.7428515
2.6079578
2.7639544
2.6594925
2.6419115
2.63846
2.551289
2.450644
2.551728
2.5412335
2.6276984
2.72243
2.6680894
2.4862287
2.667662
2.5474524
2.722515
2.623487
2.6636357
2.8020175
2.584616
2.502035
2.5361903
2.472882
2.6263075
2.4908705
2.534552
2.4603205
2.458748
2.413224
2.4856281
2.5651176
2.5382965
2.433797
2.873204
2.5301206
2.4581897
2.5027308
2.6353123
2.3636694
2.3452463
2.4655194
2.4998746
2.423449
2.6367552
2.5362027
2.4777317
2.4226444
2.6906137
2.681434
2.6500995
2.5650465
2.5365715
2.4266815
2.5482059
2.3395596
2.4848342
2.309281
2.3743567
2.3013766
2.5067613
2.3123143
2.4028938
2.4964345
2.4082935
2.380761
2.416272
2.520369
2.4421275
2.3177874
2.4571807
2.5111096
2.358706
2.6046286
2.3257995
2.357616
2.3431194
2.2873704
2.3189485
2.6646013
2.3260336
2.346225
2.4527464
2.3677845
2.3345232
2.3005593
2.419348
2.488388
2.247206
2.363839
2.363413
2.289406
2.4483166
2.3162105
2.352202
2.343076
2.1970966
2.2448514
2.3837628
2.3515525
2.2960627
2.2522025
2.2902205
2.3906486
2.4026754
2.3486774
2.2658653
2.362973
2.260458
2.2935622
2.3816016
2.3691688
2.3685477
2.3601985
2.2764986
2.2716146
2.324908
2.2822592
2.1807725
2.218747
2.288313
2.3121722
2.471846
2.331488
2.4598944
2.2880151
2.2810955
2.4058704
2.1921744
2.2276914
2.3026848
2.162743
2.220147
2.2222805
2.2659636
2.282596
2.195542
2.1797733
2.245683
2.2931283
2.2081008
2.1738482
2.1526804
2.2081125
2.377502
2.121287
2.308943
2.3694274
2.2080822
2.3191733
2.3077238
2.3205976
2.2487454
2.1747706
2.2932835
2.3592546
2.196729
2.185943
2.1390452
2.200511
2.2135103
2.2805264
2.1306512
2.1581204
2.092586
2.2209492
2.249802
2.242253
2.359554
2.2901127
2.2943425
2.2129805
2.136896
2.292548
2.1447182
2.159765
2.179778
2.3004355
2.187115
2.350433
2.428768
2.296288
2.23584
2.2554097
2.3316457
2.211438
2.370318
2.3203723
2.13869
2.2029917
2.1880214
2.238452
2.1571827
2.1417215
2.4318027
2.1391246
2.2868888
2.2034426
2.2757905
2.2243474
2.2311728
2.150068
2.214388
2.518894
2.225715
2.1768734
2.3082595
2.2242675
2.2092893
2.1409903
2.1438844
2.2036674
2.382001
2.0788212
2.0203261
2.1425874
2.4059036
2.134448
2.0705214
2.2244215
2.3158724
2.1650681
2.1939654
2.0720112
2.0788255
2.0368958
2.1653395
2.0393875
2.122869
2.069297
2.147015
2.0119102
2.069195
2.061719
2.24918
2.1248899
2.0576131
2.1269424
2.2180274
2.12653
2.162015
2.0419617
2.1667132
2.1009214
2.0589228
2.0597982
1.9646488
2.0122616
2.0333543
2.030127
2.0513875
2.0881839
2.207051
2.0936556
2.2191586
2.1501374
1.9921327
2.055377
2.1890442
2.0858235
1.9795424
2.000334
2.0941288
2.165048
1.9335635
2.2281213
2.1353397
2.106291
1.9630197
2.0562277
2.0983684
2.0545554
2.0059016
2.0877948
2.1260567
2.0285609
2.0293887
2.1458607
2.0939722
2.0816233
2.082675
2.1038558
2.0825362
2.1494744
2.0821073
2.1676655
1.9946456
2.0226128
2.0585356
2.1770167
2.0117612
1.9495997
1.9715867
2.122997
2.1658359
2.0304127
2.1013088
2.037421
2.0220675
2.0068736
1.968113
2.0308864
2.008754
2.0950944
2.0866277
2.0836077
2.0736203
2.176793
1.9083625
2.096141
1.9900068
2.0091004
2.1090612
1.9462767
2.0847988
2.140465
2.0050266
1.9970278
1.9814874
1.9281276
1.8925389
1.985281
1.9618487
2.0699496
2.0064406
2.0702941
1.9541769
1.9599504
2.0454895
2.0142145
2.024204
1.9590982
1.9788343
2.0447128
1.9332873
2.18876
1.9362211
2.069156
1.970429
1.9713799
1.935864
1.9447436
2.0753312
1.9632965
1.941704
1.9957252
1.9435159
1.9138819
1.9564555
1.9643921
1.9397146
2.0613806
2.0745823
2.0364308
2.0233598
2.0888526
2.0664532
2.166504
1.9177399
1.9844649
2.0730996
2.0167844
1.9700953
2.086683
1.9605998
1.9622097
1.9014843
1.9372535
2.0322342
1.980004
1.85438
1.9249655
1.9771098
1.926278
1.9013855
1.8662615
2.017996
1.9293264
1.957589
2.0942564
1.9432907
2.0968292
2.0265546
2.048963
2.1042223
2.0815823
2.031327
1.9317635
2.0053282
1.9619048
1.964199
1.966223
1.9566227
1.9827274
1.9480549
2.027062
1.9170095
1.910977
1.9482425
1.9868083
1.9930748
1.8738222
1.9695814
1.9199731
1.8773844
1.98075
1.9487858
1.9247702
1.9290962
2.0674229
1.9629127
1.9155442
1.8871052
1.981769
2.077086
1.973763
1.882922
1.8699857
1.9091138
2.034696
1.9060628
2.177862
2.0407205
1.9456238
2.1680222
1.9547945
2.063911
1.9983523
1.9111125
1.9273015
1.9246827
1.9121118
1.9301366
1.937738
1.8895915
1.8553705
1.8227782
1.864021
1.77816
1.8766588
1.912625
1.9225475
1.8481393
1.8241905
1.9284005
1.818826
1.9087855
1.8918123
1.871543
1.8752055
1.8480216
1.964518
1.8930932
1.9197333
2.0447195
2.00515
2.0491054
1.9980751
1.8273047
1.8995957
1.9241283
1.7644571
1.8013417
1.8811108
1.809092
1.9667642
1.7979085
1.890613
1.8788508
1.8481767
1.9977682
1.8716604
1.8829517
1.7859975
1.8721387
1.8609704
1.8300962
1.808223
1.9133172
1.8502897
1.8141242
1.8885183
1.8472061
1.8562336
1.932094
1.8498877
2.0002072
1.8701092
1.8440927
1.8159481
1.8960738
1.8597622
1.8157892
1.7951007
1.9879642
1.8020687
1.846512
1.8681457
2.0295231
1.9350867
1.8799925
1.9032117
2.1241605
1.9085714
1.9361508
2.071762
1.8767142
1.8274512
1.8597513
1.7869841
1.8236204
1.740697
1.8695202
1.7773515
1.8674603
1.8684927
1.7900994
1.9201465
1.800738
1.8418995
1.9447782
1.8077133
1.8111348
1.848773
1.9302553
1.9732318
1.9145004
1.8824213
1.9427371
1.8898548
1.9151148
1.9229181
1.9301417
1.8993738
1.8540372
1.87735
1.9119076
1.8766162
1.8731807
1.8189939
1.8215424
1.8916738
1.8820165
1.776708
1.7846206
1.7677635
1.8102686
1.7651544
1.8328154
1.8149083
1.9576545
1.8309742
1.910578
1.8578054
1.992919
1.9505954
1.8420608
1.9592941
1.9873859
1.8806648
1.8315866
1.9116348
1.9052435
1.8687335
1.8294643
1.7678624
1.8067822
1.8721205
1.805567
1.8971095
2.0251946
1.8262181
1.81085
1.856954
1.8845158
1.910622
2.0092418
1.836661
1.8146538
1.8965284
2.0084856
1.8059537
1.8332378
1.8318843
1.878671
1.7523078
1.8079232
1.8979695
1.7829827
1.8150754
1.7631598
1.8792553
1.781069
1.8480893
1.7721913
1.7844422
1.7833554
1.748864
1.7842908
1.884156
1.9203632
1.7722831
1.9275768
1.941515
1.761053
1.8115118
1.8225071
1.9802992
1.8712708
1.7963157
1.7750558
1.9679438
1.9968165
1.7449923
1.8012646
1.815506
2.025006
1.952844
1.8123001
1.7756336
1.848555
1.8404373
1.9020553
1.7478315
1.7558295
1.7202102
1.7727917
1.7779182
1.8242712
1.8658354
1.7023077
1.8011903
1.7310607
1.7020857
1.8437607
1.7679574
1.8071342
1.8636343
1.8274411
1.8238949
1.8483695
1.8688735
1.754216
1.8372947
1.9427093
1.8740461
1.7683561
1.740039
1.9271055
1.8421162
1.7565935
1.7882159
1.8787119
1.8131766
1.7304395
1.8566916
1.8227787
1.7415363
1.712302
1.6527742
1.9399213
1.7131921
1.7810233
1.8782691
1.7224379
1.7353536
1.8442677
1.7810205
1.7365873
1.760138
1.8004447
1.6958454
1.7059863
1.7747489
1.7700655
1.7683041
1.7865317
1.8042033
1.7352933
1.7005688
1.7203243
1.748457
1.747574
1.7847795
1.8171078
1.8988761
1.8088508
1.7413898
1.7292362
1.710481
1.7649356
1.7200769
1.7002802
1.7484146
1.8228582
1.7195512
1.653162
1.728768
1.7708508
1.8473065
1.8622762
1.6926174
1.7900188
1.858864
1.7556243
1.6747004
1.8142742
1.8300315
1.8480685
1.722694
1.8072487
1.7673596
1.7537956
1.921199
1.7176434
1.8417702
1.8790133
1.756009
1.6856024
1.7593075
1.8526747
1.7923023
1.7797828
1.9854323
1.8606205
1.7383572
1.9767799
2.1862965
1.8818755
1.7022333
1.7493685
1.8898683
1.924578
1.9152713
1.8467762
1.7790413
1.7666582
2.0572958
1.9676161
1.8395525
1.7446127
1.6833385
1.7317563
1.7761884
1.7721976
1.7802265
1.8071147
1.693602
1.8082223
1.6781
1.829746
1.7735027
1.8981975
1.7747468
1.8100319
1.9766876
1.8098645
1.7552092
1.9014004
1.7569468
1.9028635
1.8235748
1.8579491
1.7817168
2.0130336
1.9022704
1.7551875
1.8337752
1.7392815
1.7567096
1.8169802
1.7717429
1.7617972
1.744863
1.7580158
1.7446995
1.779316
1.6604873
1.8159267
1.6685243
1.7785385
1.8434445
1.7457407
1.7773004
1.7297134
1.735158
1.7100947
1.7126018
1.777361
1.7847995
1.8117454
1.7480593
1.7668188
1.721192
1.8612543
1.7257514
1.7624491
1.7096078
1.8109995
1.649528
1.734591
1.717766
1.7471745
1.7487699
1.7468312
1.766133
1.72517
1.8374332
1.6861525
1.7177868
1.6623147
1.7516751
1.7094313
1.7101266
1.7846162
1.7422183
1.7004902
1.7432057
1.8521062
1.6921066
1.75026
1.8281701
1.7651368
1.7786353
1.6816257
1.7759353
1.8399282
1.7266978
1.685172
1.7812372
1.7823905
1.7902552
1.7486881
1.7665936
1.6969095
1.914554
1.6876619
1.7005795
1.7230778
1.8872269
1.8229047
1.7171476
1.6961713
1.6942903
1.7050534
1.7806637
1.714328
1.7801319
1.8087286
1.7675632
1.8517433
1.7765509
1.739146
1.751011
1.6590781
1.856735
1.7541455
1.770087
1.7354667
1.720629
1.7529367
1.7558978
1.6934336
1.7848333
1.7825161
1.6956025
1.7362865
1.699267
1.6858505
1.7803805
1.7156968
1.8058038
1.7309405
1.7570357
1.8258405
1.7792366
1.8428117
1.8179282
1.7195925
1.8176427
1.7280087
1.7727095
1.739587
1.7313943
1.7754627
1.766255
1.7946349
1.756896
1.9640985
1.6661897
1.7401465
1.9554337
1.8672704
1.752019
1.76771
1.748494
1.7778459
1.646645
1.8267256
1.7756858
1.7062793
1.7564892
1.7418257
1.7497864
1.7412193
1.7422475
1.7269977
1.7527269
1.7300237
1.7157543
1.8057673
1.9877156
1.7649145
1.666257
1.7613406
1.7186807
1.7410709
1.7290932
1.7453189
1.7270125
1.6808332
1.7470218
1.8110374
1.708268
1.7094826
1.6471492
1.621484
1.7776356
1.618257
1.7840424
1.6881522
1.7199539
1.760588
1.6468164
1.8048404
1.7602751
1.6956406
1.6559833
1.7619317
1.7816796
1.75733
1.6253515
1.7094867
1.695839
1.813277
1.736586
1.67044
1.6314943
2.0124235
1.851217
1.6671367
1.7944639
1.6715012
1.702738
1.7385718
1.911195
1.8015945
1.751932
1.7279098
1.8175772
1.736591
1.6924264
1.7412759
1.7555448
1.6891929
1.6767259
1.7077924
1.6862469
1.7704344
1.8076718
1.7185688
1.8141791
1.744733
1.6769147
1.8987838
1.8353932
1.6009456
1.6964483
1.7840828
1.813624
1.7167548
1.7759976
1.6838977
1.6409581
1.6451435
1.6810118
1.8546841
1.8395222
1.6454701
1.6681036
1.7660288
1.8284279
1.7768313
1.735752
1.647816
1.7810256
1.7260386
1.6972479
1.6674765
1.7231371
1.72524
1.6789231
1.7154702
1.769522
1.7607461
1.7298557
1.6671984
1.7411448
1.8236278
1.6812027
1.6904635
1.714326
1.7069283
1.7064785
1.8053677
1.7392567
1.85567
1.7109687
1.8070415
1.6456316
1.6894017
1.6782615
1.6380656
1.8274082
1.8064896
1.6779312
1.7311004
1.7039585
1.6934222
1.6753702
1.7905939
1.7135569
1.7135473
1.6287208
1.7305497
1.6521293
1.6769476
1.7120153
1.7568042
1.7929392
1.8288151
1.8730352
1.6275871
1.698243
1.7556031
1.7721201
1.7483268
1.6405888
1.7678382
1.690524
1.681331
1.6083432
1.6439989
1.6890547
1.7023355
1.738461
1.6757232
1.643424
1.6463081
1.642611
1.6181034
1.6713368
1.6631454
1.6999985
1.7251148
1.7058936
1.7880877
1.7615021
1.9936677
1.6424596
1.6886185
1.8720874
1.7461041
1.6917558
1.6213181
1.6556331
1.665486
1.7972307
1.7916211
1.6085905
1.8037918
1.6638795
1.631363
1.7381085
1.8436444
1.7322685
1.6881977
1.6520637
1.7450222
1.8038905
1.7263519
1.8713489
1.6468222
1.7485785
1.8996217
1.8128085
1.8184382
1.6475208
1.6796695
1.8582361
1.7710665
1.6464794
1.7435645
1.6907645
1.9666322
1.6238292
1.6840105
1.6028205
1.7011772
1.8254945
1.776224
1.6223763
1.6275539
1.6249127
1.620072
1.7905939
1.785414
1.736217
1.65719
1.6078842
1.6053972
1.6333961
1.7544391
1.8250325
1.7023252
1.632978
1.7946787
1.7414654
1.7136694
1.721438
1.6689335
1.8063372
1.7787632
1.701857
1.7734067
1.76493
1.7054437
1.6691732
1.7231675
1.6431602
1.68179
1.6554953
1.6325155
1.758362
1.6544528
1.64563
1.6003605
1.6310278
1.6201646
1.7493955
1.7775218
1.6559035
1.7742414
1.6480327
1.61043
1.658632
1.622052
1.6545403
1.7026997
1.6457735
1.6568704
1.7023402
1.6397443
1.7693292
1.6681061
1.6333778
1.6291724
1.7011667
1.6912361
1.7129345
1.7358263
1.6756104
1.8020414
1.841454
1.7397207
1.635494
1.7007922
1.6448162
1.6946082
1.7400007
1.701125
1.6410606
1.6585548
1.7677735
1.8218266
1.74503
1.6839173
1.6131092
1.7575955
1.6449323
1.6051347
1.6660699
1.643642
1.6162517
1.617659
1.6320226
1.726754
1.5800182
1.5941328
1.6094012
1.8025538
1.7062362
1.6533061
1.6744702
1.6186297
1.6754217
1.6442302
1.6204495
1.677443
1.6314775
1.6972867
1.617148
1.6005116
1.615695
1.6522515
1.6346065
1.6562452
1.6422536
1.5873635
1.6588291
1.7678951
1.663522
1.7145675
1.7217027
1.5939327
1.6558013
1.628212
1.6581155
1.6557094
1.736385
1.7138171
1.749687
1.8033012
1.6546446
1.6824201
1.7195846
1.6385181
1.7371845
1.7942052
1.5787565
1.7462337
1.8655827
1.6513065
1.657288
1.8102694
1.7212075
1.7926519
1.6924626
1.6629585
1.6632177
1.8942662
1.9871645
1.6846789
1.62255
1.8774003
1.9147388
1.7347494
1.6268765
1.815455
1.7060376
1.7062018
1.7054949
1.8955566
1.7087
1.6137781
1.6679883
1.6296984
1.640365
1.6297896
1.6899829
1.6898396
1.718701
1.6450617
1.6668588
1.6553255
1.6153189
1.6844054
1.6293144
1.7028008
1.6151129
1.7288911
1.7460717
1.6379517
1.6669526
1.7041372
1.6551685
1.6542232
1.6531864
1.6111541
1.650444
1.5979882
1.6148492
1.6445127
1.638204
1.683482
1.6164715
1.7215271
1.6712407
1.6361535
1.579008
1.6073457
1.6069461
1.613644
1.629383
1.6435919
1.6285597
1.666028
1.6848141
1.6530275
1.672982
1.6604471
1.661111
1.6888145
1.7602915
1.6672927
1.6251694
1.72451
1.6500808
1.5863538
1.6138908
1.6688658
1.626507
1.5963513
1.6154099
1.7026155
1.6719443
1.6943922
1.6069012
1.6271287
1.6373508
1.6453347
1.6735862
1.6349831
1.7523286
1.66018
1.5928193
1.5870073
1.7460599
1.6097025
1.6345031
1.699512
1.5830352
1.6824559
1.7347054
1.6913525
1.6312101
1.6095678
1.6055579
1.6201415
1.6563352
1.6990672
1.7236053
1.5778892
1.6328278
1.6482081
1.6211255
1.6977321
1.6212318
1.6398615
1.6486374
1.6857971
1.6684878
1.6559151
1.6925595
1.7041819
1.5885434
1.6764197
1.5968947
1.7724978
1.6898518
1.6445682
1.6224446
1.7351569
1.6492449
1.6830825
1.7196462
1.7047378
1.6358528
1.6761515
1.6578075
1.6250962
1.6130668
1.737431
1.716791
1.7884821
1.704283
1.6441511
1.7290004
1.7893603
1.7731837
1.7029103
1.7291218
1.5841076
1.5977597
1.6061103
1.6984103
1.7643709
1.6946213
1.840414
1.6823807
1.6243107
1.7177305
1.7516408
1.7356951
1.7288592
1.5988847
1.7608135
1.6556193
1.8220693
1.6256226
1.5944448
1.633541
1.7047176
1.6918492
1.6342741
1.627249
1.7435638
1.7204022
1.5959245
1.6483465
1.6260283
1.6359308
1.671385
1.5973623
1.6291629
1.6318476
1.60085
1.7185652
1.7582078
1.6636771
1.7603047
1.6763657
1.7541144
1.6670581
1.7065127
1.6138985
1.7267445
1.6593835
1.6631752
1.684772
1.691701
1.6141968
1.589335
1.6207775
1.6490988
1.624867
1.6191831
1.6571707
1.6628373
1.6113952
1.6287665
1.6706659
1.72698
1.6320423
1.6394867
1.7105255
1.7197527
1.6112949
1.7010123
1.7329727
1.5866183
1.746769
1.6539892
1.6017244
1.6173457
1.559478
1.6269895
1.6819055
1.6138207
1.7131486
1.6058865
1.685179
1.6578637
1.6085999
1.6230125
1.6495483
1.7304047
1.6173464
1.7162281
1.706686
1.6054358
1.6786
1.7243572
1.6959395
1.657656
1.5953184
1.6307304
1.6798668
1.7267848
1.5913525
1.6022779
1.6790303
1.6204456
1.6027638
1.6759915
1.6748044
1.6652054
1.6262202
1.621646
1.6509866
1.6505296
1.6176823
1.64752
1.6604898
1.6285008
1.5827137
1.777159
1.6487294
1.6214702
1.630857
1.589435
1.6617818
1.6584873
1.7276762
1.5756782
1.6369678
1.7047918
1.7271618
1.6003141
1.6728585
1.6329002
1.6952165
1.7235419
1.7186183
1.6323677
1.6643528
1.677531
1.795692
1.6271361
1.6100793
1.6886842
1.6273392
1.6913496
1.6252878
1.6647238
1.7347587
1.6102612
1.7074957
1.648797
1.6211995
1.5985105
1.6353272
1.6647545
1.6980318
1.5753224
1.5957025
1.6791762
1.7022612
1.5736015
1.6222
1.6267282
1.6556529
1.6518201
1.5953857
1.6159712
1.6107738
1.6249098
1.5714437
1.6388918
1.6138482
1.6083307
1.6290567
1.6695919
1.5869137
1.6048033
1.5784477
1.5974113
1.6674087
1.5735885
1.596065
1.575001
1.5863175
1.6182402
1.6065745
1.5769248
1.594342
1.5860951
1.6033821
1.5815258
1.5731214
1.666591
1.649886
1.6033167
1.6126225
1.5957466
1.570109
1.6057663
1.8299345
1.6506546
1.6019677
1.5830059
1.5833362
1.5881637
1.5598165
1.595816
1.588513
1.5784516
1.5983173
1.6007301
1.736655
1.7513509
1.6476958
1.6417185
1.597675
1.7201345
1.6757323
1.6396084
1.595367
1.7307668
1.6661603
1.5503399
1.6200795
1.5965155
1.6205653
1.652858
1.6207527
1.63282
1.616142
1.6142423
1.589258
1.5563412
1.6052997
1.7467784
1.6231714
1.6137697
1.5947553
1.6682825
1.6152583
1.6455677
1.5540217
1.648079
1.5722908
1.6119888
1.6167352
1.6604625
1.703342
1.6529068
1.799791
1.612
1.5877868
1.5829812
1.6524692
1.7042893
1.5991238
1.594567
1.622701
1.6009667
1.5815326
1.5823122
1.5572789
1.6095289
1.6398385
1.5980515
1.5611675
1.6795675
1.6051831
1.5725625
1.612872
1.5957549
1.6067642
1.5478067
1.62925
1.5595481
1.5766168
1.6228583
1.5711458
1.6100365
1.5962152
1.71283
1.5873626
1.613247
1.5853062
1.5937711
1.627557
1.6098739
1.5741725
1.5695592
1.5899836
1.5839623
1.6446084
1.6443009
1.5802784
1.547268
1.611604
1.5593004
1.5848488
1.6245043
1.711754
1.6197995
1.6219904
1.6736287
1.6780815
1.5816582
1.634728
1.6561643
1.6176245
1.6084017
1.6089703
1.6284695
1.6631774
1.5954252
1.6189202
1.671015
1.6603098
1.5596695
1.6071877
1.7022972
1.6506298
1.742165
1.5996284
1.6671793
1.6921834
1.6176293
1.623038
1.5991966
1.5619262
1.6407304
1.6360734
1.5865618
1.6142652
1.6458422
1.6239915
1.6774054
1.5471979
1.5706453
1.558742
1.6535778
1.6524194
1.6089718
1.6219218
1.5462813
1.5936947
1.7135254
1.5831716
1.6342576
1.6472825
1.5794492
1.5718188
1.6089637
1.6426532
1.6355247
1.7237536
1.6615565
1.5920428
1.5717044
1.6118355
1.5948762
1.6014185
1.61347
1.7227869
1.5730165
1.6559626
1.735558
1.7324783
1.6799903
1.5875605
1.6181586
1.6818295
1.6167245
1.637046
1.5709715
1.6530695
1.6121162
1.6294026
1.5869641
1.5640322
1.5548568
1.6331719
1.5798887
1.6316085
1.5835963
1.5874482
1.558655
1.6445
1.5782455
1.5878906
1.6128687
1.639508
1.633786
1.7069027
1.631066
1.6161089
1.6077448
1.5922723
1.6458474
1.5941281
1.628999
1.6039515
1.6068617
1.5468582
1.5707707
1.6706188
1.6773117
1.5923878
1.5752926
1.6337558
1.6083268
1.5854437
1.6298716
1.5493565
1.5595528
1.6023879
1.5762622
1.6052927
1.5537901
1.6183152
1.6080118
1.5534678
1.577764
1.5795565
1.5985016
1.6007035
1.7652652
1.6806427
1.6600426
1.7333939
1.589764
1.6902825
1.5668278
1.5840157
1.6752939
1.5785757
1.5986377
1.673385
1.627758
1.5634336
1.6181375
1.6034023
1.6026299
1.6065029
1.5710818
1.5967523
1.6731956
1.6209346
1.6369915
1.6647172
1.6320817
1.5839555
1.6426585
1.6293136
1.5766484
1.728094
1.6134245
1.6549838
1.6224385
1.6084175
1.5673902
1.6292186
1.6234417
1.5955194
1.6360738
1.5680343
1.6561203
1.628805
1.6266507
1.5665655
1.569906
1.7546185
1.6698127
1.6386751
1.6508553
1.5837322
1.5931313
1.6370285
1.6911887
1.5791308
1.5901624
1.5871935
1.7556951
1.620655
1.5965829
1.7197307
1.6931133
1.7184583
1.644052
1.5797404
1.6379265
1.7033294
1.6023787
1.6395929
1.654872
1.622558
1.7356292
1.712725
1.6672405
1.6149182
1.6213855
1.5658866
1.7249885
1.6324517
1.6002719
1.7884284
1.6686255
1.6684382
1.5871477
1.6033293
1.6649853
1.6244715
1.6777433
1.7312915
1.5933545
1.6028653
1.6637263
1.5972477
1.6447601
1.6188811
1.6080319
1.5965111
1.5711169
1.6486688
1.6716424
1.7555177
1.6055642
1.5944555
1.5606678
1.6436514
1.7607234
1.701511
1.6056566
1.5886467
1.6097703
1.626408
1.6438195
1.7089603
1.7632598
1.6580182
1.6083977
1.6109921
1.6513143
1.5959353
1.6257675
1.6942718
1.8143173
1.694299
1.6296532
1.5696425
1.581156
1.7018553
1.645913
1.66422
1.7321543
1.626857
1.679833
1.6917744
1.6724123
1.6815255
1.7667387
1.590402
1.5951874
1.5928643
1.670671
1.6072607
1.5967635
1.5874537
1.5722108
1.5983893
1.6132754
1.5442861
1.5855765
1.5977216
1.6097764
1.5526814
1.6036632
1.696603
1.5724839
1.61082
1.6127694
1.6144785
1.6034993
1.6338739
1.5978404
1.5993567
1.7003453
1.5988761
1.5988243
1.6098148
1.631467
1.580306
1.5907911
1.5704945
1.603056
1.6695203
1.5915264
1.5792527
1.644295
1.7218572
1.5911765
1.5948611
1.5396237
1.5910105
1.6368556
1.6188406
1.6059948
1.6101925
1.594446
1.7797128
1.722945
1.5814013
1.5880991
1.5938215
1.669569
1.6219126
1.5949193
1.5864737
1.5303324
1.6282963
1.5740157
1.6643214
1.687278
1.5885922
1.609161
1.5497143
1.5633442
1.6711627
1.6462345
1.576924
1.6372292
1.6298791
1.6225266
1.5524493
1.5919497
1.5818832
1.591958
1.5912628
1.6596812
1.582371
1.6693733
1.6013815
1.591753
1.7834255
1.5872477
1.61904
1.5853608
1.6839347
1.5961838
1.5666015
1.6270347
1.5443499
1.6431476
1.5967121
1.6291736
1.6175199
1.6521373
1.5760299
1.6544771
1.6064584
1.6161299
1.613223
1.5675098
1.6313835
1.5891215
1.606512
1.5620632
1.6608597
1.613812
1.6147343
1.7708153
1.5881916
1.5822173
1.5916339
1.5625646
1.6190679
1.658362
1.6232919
1.6327902
1.6978127
1.5641172
1.6231506
1.576277
1.6440796
1.7691007
1.5995555
1.650383
1.608034
1.5781895
1.6542727
1.6599451
1.7132682
1.5788316
1.5866363
1.6181165
1.6647491
1.6314416
1.6522853
1.6216215
1.5347904
1.598922
1.622283
1.6477143
1.5637892
1.5646741
1.6363457
1.6048205
1.7059965
1.6341171
1.6317838
1.6582944
1.5952142
1.5541595
1.557628
1.5510608
1.6183646
1.5767467
1.6618716
1.6011735
1.5518374
1.6218861
1.554397
1.6255052
1.655217
1.5616401
1.6514764
1.6190152
1.5797932
1.64578
1.561624
1.5492109
1.6404613
1.6790786
1.5830638
1.5454413
1.5735635
1.7535198
1.659763
1.5991362
1.5946467
1.7121103
1.6319443
1.5599548
1.6077511
1.724018
1.6417085
1.6073962
1.6260397
1.591279
1.5677298
1.6016194
1.6486655
1.593328
1.5948491
1.5596012
1.5683541
1.6866152
1.6922739
1.5666068
1.5647408
1.7480695
1.6644863
1.56027
1.5823537
1.728554
1.7097638
1.7514395
1.6791848
1.5548621
1.6341295
1.6307732
1.6838202
1.6129693
1.5931147
1.547617
1.6194373
1.5638127
1.5709325
1.611287
1.6421345
1.6189752
1.6518221
1.7212237
1.621919
1.5924135
1.5951965
1.5977206
1.8160743
1.668187
1.5906938
1.6139578
1.6862057
1.5938555
1.621287
1.5696073
1.6249048
1.6382463
1.6712898
1.5791142
1.5737617
1.5550815
1.6760527
1.5621955
1.5391309
1.6426326
1.584122
1.6063303
1.5583835
1.5630822
1.577647
1.5852772
1.5698053
1.5644041
1.6338712
1.605514
1.557289
1.667189
1.5972532
1.5901563
1.5841874
1.6304268
1.6560014
1.6388866
1.6215073
1.668267
1.6175213
1.6617593
1.5747097
1.5648752
1.550128
1.6804671
1.6104805
1.5716982
1.551354
1.5936781
1.5577898
1.6611453
1.5711374
1.6231773
1.5853075
1.6223695
1.5641778
1.6065313
1.60596
1.5798681
1.6138929
1.5981373
1.6409186
1.562892
1.6620313
1.5587494
1.6111902
1.5857284
1.6046872
1.5564609
1.5406122
1.5823293
1.598525
1.5995264
1.6326412
1.6574554
1.557363
1.5897098
1.612071
1.5888385
1.5318819
1.6139382
1.5582315
1.6055514
1.5517774
1.5584046
1.581942
1.5980548
1.5884562
1.6165477
1.5718198
1.6013325
1.5745504
1.5738046
1.6051883
1.6571815
1.5860242
1.5415105
1.6076273
1.5689381
1.6420583
1.5314834
1.6159631
1.5384945
1.5819412
1.551435
1.6123675
1.6253105
1.5440418
1.5534816
1.6687573
1.6256677
1.6150935
1.613209
1.6981965
1.5722879
1.60723
1.6126705
1.6295495
1.5663497
1.6011523
1.6145594
1.5917183
1.6008962
1.654472
1.5806205
1.6507245
1.657835
1.726193
1.6763183
1.675862
1.6306125
1.6736997
1.711818
1.7822387
1.6098402
1.6296183
1.8480842
1.7132999
1.6730536
1.7000649
1.75922
1.631833
1.6500245
1.6211185
1.5847033
1.6920258
1.6082648
1.644632
1.6542323
1.6534874
1.5910217
1.5754254
1.5817206
1.6810205
1.6174111
1.6012927
1.5579222
1.5998172
1.678814
1.628581
1.6262575
1.5555845
1.5748945
1.5440712
1.6212306
1.5515239
1.6255633
1.6163086
1.6020836
1.5787715
1.6022668
1.5949324
1.5735867
1.5830169
1.557939
1.6280038
1.5611814
1.6517698
1.6159153
1.6105773
1.6628848
1.6007367
1.5596882
1.6573795
1.6365815
1.6012189
1.5439508
1.5370458
1.6057435
1.6207927
1.5681852
1.5865933
1.5881263
1.6382415
1.5631915
1.5406744
1.5788842
1.5543027
1.6344057
1.5616544
1.5727274
1.5521781
1.5557933
1.5708195
1.5407327
1.538952
1.5821495
1.5502143
1.5791808
1.573645
1.5619967
1.587168
1.574215
1.572241
1.6092595
1.576961
1.571504
1.6365497
1.5930866
1.5692728
1.6061277
1.669456
1.6207725
1.6178641
1.5803947
1.7057918
1.600621
1.6619085
1.5699468
1.549296
1.5528984
1.5898137
1.5739505
1.5637954
1.5751548
1.6883627
1.6252794
1.5940788
1.6470858
1.6347787
1.6479021
1.5973238
1.6331434
1.8081858
1.7222027
1.5592933
1.6426455
1.672362
1.6568946
1.5763794
1.5716065
1.5482919
1.5867326
1.599049
1.7093334
1.5900404
1.564145
1.5405217
1.5352298
1.67992
1.6051571
1.530564
1.550179
1.6085362
1.542482
1.5873591
1.5732495
1.6175529
1.5646443
1.6248462
1.6178567
1.583255
1.5949748
1.6513953
1.6026
1.5581906
1.5983642
1.5813195
1.5537088
1.5512457
1.542578
1.557151
1.6065435
1.5498288
1.5416193
1.5745323
1.5535504
1.650338
1.6412755
1.5449061
1.6191772
1.551907
1.5551817
1.555331
1.6258905
1.5404596
1.5856843
1.5581474
1.5507765
1.6218812
1.5500584
1.6157141
1.5809281
1.5479883
1.6460837
1.6074733
1.5696965
1.559523
1.6845533
1.6194174
1.5394282
1.5475116
1.539825
1.7727797
1.6364461
1.539503
1.5993643
1.5567234
1.6263044
1.6486853
1.560153
1.566102
1.6221317
1.5852542
1.6514692
1.6152076
1.550627
1.6647944
1.629015
1.7266717
1.5915141
1.573513
1.6208233
1.6834538
1.6214112
1.6052618
1.6692785
1.6289624
1.6365047
1.5506681
1.5750443
1.5618483
1.6718119
1.563012
1.6343633
1.6165818
1.5524795
1.5603709
1.706062
1.628219
1.5562162
1.5315894
1.6651448
1.7451935
1.6747948
1.6511432
1.6280903
1.7055674
1.7235194
1.6909343
1.622341
1.6779373
1.5836091
1.6226
1.6075279
1.6213043
1.5792845
1.59221
1.548811
1.62517
1.5947526
1.6422102
1.5733228
1.5800475
1.5972756
1.5360202
1.6317292
1.6586819
1.581736
1.5550556
1.5658501
1.7542975
1.7750175
1.5939922
1.5870265
1.6179647
1.6035392
1.6286849
1.5771954
1.5552359
1.5555567
1.598978
1.5770571
1.5978886
1.5545123
1.5876018
1.677748
1.5849036
1.5327996
1.6029623
1.530428
1.5743072
1.6531575
1.5366256
1.6179833
1.6549767
1.5642093
1.5951848
1.5371784
1.6078322
1.6006142
1.6260945
1.6443537
1.5667353
1.534246
1.5445355
1.634367
1.6290059
1.6163366
1.5661056
1.5338815
1.6266103
1.636844
1.6433705
1.5757407
1.5896035
1.5606096
1.6342932
1.5832827
1.5582529
1.5873828
1.5813103
1.6266347
1.5993094
1.5631741
1.5653408
1.5700288
1.6498795
1.6024414
1.5890163
1.5699854
1.5442065
1.664808
1.5496868
1.5744555
1.574988
1.6079433
1.5808098
1.5306151
1.5930713
1.5340487
1.6021278
1.6085317
1.5313927
1.5453407
1.5375425
1.5770546
1.602231
1.5662842
1.6279517
1.5882622
1.5627449
1.6029898
1.5579334
1.7136849
1.676135
1.5538425
1.6171709
1.6521832
1.619889
1.5616747
1.556064
1.6253942
1.620562
1.6395196
1.5973603
1.5703387
1.5790606
1.6541239
1.5975287
1.5992912
1.6185832
1.5442468
1.6355155
1.6249094
1.547103
1.632639
1.6344032
1.5299281
1.5717673
1.5510944
1.5537722
1.6067117
1.6021854
1.6399008
1.6020882
1.6292803
1.6448474
1.6973113
1.553824
1.6094548
1.5820444
1.6434366
1.6074319
1.6095809
1.6027328
1.6618161
1.7762402
1.7208707
1.5728985
1.580422
1.748468
1.6029892
1.6099381
1.8080682
1.6454395
1.6626477
1.5841812
1.6584615
1.8385217
1.8972385
1.7579017
1.6031972
1.5972215
1.690855
1.719079
1.810616
1.656739
1.6660858
1.6173859
1.6555219
1.6225607
1.7338139
1.5763458
1.6358483
1.6009705
1.5986185
1.636233
1.7305483
1.7190645
1.5895711
1.645492
1.5473975
1.5562923
1.607266
1.7209717
1.6610125
1.5631977
1.6191465
1.6508183
1.578889
1.6538705
1.7346979
1.6644851
1.6143458
1.5808464
1.6460022
1.5927078
1.693086
1.8023019
1.6607243
1.6206124
1.547436
1.6056125
1.6377131
1.7264032
1.6577489
1.6106635
1.581826
1.5445815
1.5824759
1.627193
1.6148242
1.6076177
1.5457197
1.5587122
1.5592192
1.6508049
1.638525
1.567498
1.598381
1.5617341
1.606684
1.5339347
1.591441
1.6342082
1.6396632
1.5854787
1.6520044
1.5596691
1.5806985
1.5879967
1.5780113
1.676449
1.5823343
1.547191
1.6080097
1.5883381
1.6092327
1.5668292
1.5481154
1.5440686
1.548856
1.6003027
1.5557411
1.5672326
1.5552078
1.5757967
1.5664847
1.55303
1.5938232
1.5743933
1.5885707
1.6125871
1.5674672
1.6096253
1.6053464
1.5615765
1.5632647
1.5546029
1.5584953
1.5386802
1.6064
1.5595927
1.591092
1.6239413
1.5747087
1.6226763
1.5633438
1.6184914
1.5705668
1.5434258
1.546456
1.6116071
1.5426935
1.5455775
1.5521544
1.5328922
1.5246825
1.5294032
1.5592635
1.5872024
1.6324655
1.6619719
1.6261106
1.5786647
1.6143655
1.5500166
1.6301683
1.7521393
1.5741533
1.5243623
1.6524613
1.5701243
1.5823387
1.6303312
1.6120895
1.5556461
1.5622295
1.6006238
1.609542
1.6126977
1.5731475
1.621213
1.5429952
1.5876442
1.5349478
1.5684059
1.6371881
1.5944257
1.5895678
1.5616288
1.600679
1.657114
1.5854968
1.5254962
1.6057297
1.5757418
1.5467355
1.5375452
1.5543296
1.5882283
1.5732707
1.5478003
1.5411669
1.557094
1.5532383
1.5380092
1.6017592
1.5452002
1.543207
1.5494214
1.5413318
1.6239882
1.5498803
1.5315912
1.5384868
1.633039
1.5768
1.5571204
1.5275142
1.6155771
1.5408063
1.5351244
1.5688046
1.6081783
1.5834717
1.5503045
1.5350331
1.61511
1.551025
1.580259
1.572507
1.5531847
1.5296011
1.7225479
1.6903433
1.646527
1.572902
1.636052
1.729731
1.6800457
1.7303154
1.5330797
1.649378
1.5963268
1.6669946
1.6911099
1.6284662
1.5771809
1.5862942
1.6907309
1.6657813
1.6525754
1.5486676
1.5647738
1.5417335
1.5932685
1.6554596
1.6090713
1.6199968
1.6035502
1.5462192
1.633481
1.6005033
1.648917
1.6433535
1.5829703
1.622088
1.594218
1.6286125
1.5980254
1.542189
1.6072476
1.6409388
1.5579842
1.5528677
1.57028
1.5655915
1.5718663
1.5655032
1.6553123
1.6064517
1.525435
1.5709245
1.6204866
1.5675046
1.6499029
1.6425955
1.6588235
1.6042955
1.649614
1.5770783
1.575799
1.5411936
1.527838
1.581199
1.554885
1.5757169
1.5729305
1.5372471
1.594005
1.5810246
1.6149782
1.541297
1.5293447
1.580658
1.5963668
1.5282247
1.5627944
1.5816627
1.5577822
1.5735372
1.5475893
1.677704
1.6088967
1.6299797
1.5485555
1.5304685
1.5993123
1.6156034
1.641053
1.5627762
1.8373227
1.5971485
1.6009777
1.627964
1.6284785
1.5811775
1.535098
1.5557976
1.6046076
1.635975
1.5669281
1.5643823
1.5798926
1.5398674
1.5383
1.572794
1.5863929
1.5612565
1.6109978
1.5792102
1.5530295
1.5762606
1.5907094
1.5487237
1.6157264
1.5553018
1.587396
1.5942293
1.5811733
1.5440447
1.5722106
1.5851665
1.5823888
1.5630723
1.6335181
1.6345775
1.6130958
1.5447445
1.570219
1.6482028
1.6195284
1.5242999
1.5535222
1.5741665
1.5821685
1.6160532
1.5489695
1.5758085
1.5316128
1.596981
1.5756559
1.6475345
1.5564526
1.565418
1.52754
1.5420805
1.6089816
1.5874684
1.6483039
1.5413325
1.6753801
1.5808506
1.5519158
1.5380684
1.60388
1.5741576
1.593938
1.530101
1.5634723
1.615518
1.5371096
1.618335
1.6549922
1.6478194
1.5666459
1.6112592
1.7383527
1.657076
1.5748411
1.530399
1.628252
1.8191372
1.599612
1.6051248
1.5938845
1.5825195
1.5862262
1.5921867
1.5706607
1.621127
1.6134417
1.6555817
1.5751026
1.6926041
1.5874003
1.5605593
1.5447971
1.6037294
1.6117672
1.5624137
1.6027972
1.549325
1.5846515
1.5613617
1.5269008
1.5775678
1.5301645
1.5948638
1.5279528
1.5759524
1.5627414
1.6087157
1.5677791
1.5258223
1.5877446
1.569124
1.5814841
1.5975528
1.5478687
1.5296317
1.5823553
1.5453095
1.6015929
1.5397494
1.6569655
1.557742
1.6364567
1.5781417
1.5338435
1.5645546
1.5852579
1.6181567
1.6545801
1.575497
1.6039838
1.6077453
1.58851
1.6285788
1.568099
1.5654604
1.6644555
1.5689788
1.6494802
1.5888504
1.5444665
1.5579133
1.58073
1.568898
1.544742
1.5742241
1.5755547
1.594384
1.5703346
1.5483974
1.550481
1.6284558
1.5486457
1.602539
1.5669996
1.6206676
1.628461
1.5364316
1.5666147
1.6183852
1.5390022
1.557614
1.5671545
1.5710125
1.5919558
1.5699847
1.5735438
1.7201071
1.6264863
1.5486573
1.5454438
1.5368282
1.7510343
1.5659155
1.5640237
1.5224292
1.6095858
1.5882325
1.7160678
1.553601
1.6197202
1.6223308
1.6293848
1.700883
1.6274918
1.5315908
1.6850432
1.5922693
1.585838
1.6061685
1.5956835
1.732045
1.7088499
1.5769317
1.5710655
1.6213665
1.6259555
1.581042
1.7084107
1.590538
1.5598325
1.569018
1.5773152
1.5576367
1.5939095
1.6532208
1.6262603
1.562835
1.6242832
1.6325313
1.7293483
1.5644464
1.6442451
1.5855788
1.5634427
1.707281
1.5830058
1.6119947
1.570604
1.5512453
1.5563256
1.5937393
1.5267068
1.5454237
1.577824
1.5798795
1.62018
1.5431652
1.6306696
1.6443777
1.5353774
1.5740092
1.641778
1.6574918
1.5984663
1.6305188
1.5714154
1.5404067
1.6121016
1.602056
1.5527983
1.568285
1.5491079
1.560161
1.5981495
1.6292145
1.5564673
1.5881269
1.6033407
1.539009
1.591825
1.5367515
1.5298817
1.540015
1.543478
1.5329026
1.5465628
1.5231907
1.5418324
1.5817382
1.5738026
1.6097975
1.543977
1.5605515
1.5226524
1.5906063
1.576829
1.5584593
1.5385664
1.5588703
1.5424865
1.6013902
1.5636513
1.6520313
1.5202626
1.5950538
1.6133834
1.607532
1.6401962
1.5760996
1.5677042
1.5927039
1.7391584
1.627082
1.6435502
1.6417739
1.5381408
1.6307143
1.6119734
1.6568402
1.5616331
1.5728307
1.610435
1.670238
1.5827961
1.5392301
1.5925624
1.6371745
1.7902219
1.653162
1.5574292
1.5559168
1.5204371
1.5327222
1.59004
1.5859371
1.5821953
1.5563053
1.6385735
1.5379002
1.5534239
1.6029764
1.6140312
1.5500742
1.5355985
1.5254885
1.575724
1.5308292
1.576127
1.5930605
1.5829966
1.5763347
1.6266272
1.5684648
1.699088
1.6080029
1.595753
1.582932
1.5910591
1.7011323
1.6875098
1.6628814
1.5382693
1.547344
1.595177
1.685587
1.5860217
1.6081835
1.5317643
1.5671059
1.5252107
1.5471835
1.5675622
1.6081616
1.5996225
1.5784513
1.5995835
1.6545972
1.5449264
1.5993081
1.5641179
1.6667925
1.6312002
1.5519352
1.5798911
1.558351
1.5591463
1.6167135
1.5713106
1.5927668
1.5393671
1.5592861
1.5488852
1.5736953
1.6248972
1.5425619
1.5344619
1.574695
1.5953614
1.6290528
1.5655543
1.6059097
1.5519707
1.5722498
1.5331962
1.6233013
1.605144
1.5551051
1.5309854
1.5841645
1.6115212
1.6330727
1.6535729
1.5455557
1.6122463
1.5636123
1.6492357
1.5381006
1.5700833
1.5804085
1.6051912
1.5424577
1.6850102
1.6516988
1.537842
1.5672523
1.5799605
1.5659117
1.7172867
1.569063
1.549189
1.5864052
1.6447679
1.6115352
1.6523731
1.6021935
1.60973
1.562529
1.6326323
1.540726
1.5401018
1.5522602
1.5808065
1.5521958
1.6132257
1.5771625
1.5379018
1.5744772
1.5621492
1.6004683
1.5690925
1.5299616
1.5545515
1.623768
1.5472312
1.5559697
1.5601685
1.5492218
1.592779
1.5279001
1.528608
1.5788687
1.5201685
1.5420648
1.5607433
1.5279752
1.5672992
1.5409755
1.6085142
1.586192
1.5225925
1.591487
1.5665897
1.5906054
1.6164421
1.69578
1.5839797
1.5803392
1.6549797
1.6124518
1.6541983
1.7051047
1.5446877
1.5190003
1.64283
1.6976649
1.6155187
1.5536811
1.5184376
1.5842397
1.5404196
1.5610509
1.587003
1.5240006
1.6268011
1.5586928
1.5933204
1.5739229
1.581726
1.662537
1.5350323
1.639137
1.5995847
1.6189028
1.6351955
1.5874072
1.5264591
1.5743015
1.5452545
1.6244553
1.5953707
1.6640909
1.5350955
1.5435917
1.5955212
1.622135
1.5680767
1.5204915
1.6058065
1.6000054
1.5685775
1.5462158
1.5777414
1.5302345
1.52707
1.6272244
1.5717874
1.5823298
1.6150105
1.5352801
1.5438383
1.5222123
1.5726738
1.5721375
1.5313352
1.5709745
1.6477163
1.5241039
1.5841991
1.6172342
1.6026216
1.6215444
1.5354968
1.5880985
1.625941
1.5533925
1.5461868
1.5733273
1.6594434
1.570595
1.5432489
1.5860728
1.5646945
1.629741
1.524021
1.5771955
1.6890197
1.6451769
1.5602874
1.588394
1.6176647
1.6068816
1.534144
1.5280539
1.5612272
1.5551177
1.557446
1.5404445
1.5468479
1.5998766
1.5800225
1.5548843
1.5775112
1.5557296
1.6928277
1.5603998
1.5284785
1.5719472
1.5306822
1.576183
1.5925007
1.5467604
1.5237372
1.5326666
1.547052
1.527939
1.5541403
1.5536993
1.5412675
1.5282267
1.5529867
1.5176847
1.5270123
1.5865629
1.544337
1.557864
1.5841364
1.5951352
1.5413917
1.549424
1.5516926
1.5382051
1.528355
1.5329895
1.6125536
1.5560886
1.6043805
1.5223417
1.558564
1.5689645
1.6013685
1.5573328
1.6589292
1.5828847
1.5377783
1.5770218
1.5928075
1.6965106
1.6250049
1.5958443
1.5780863
1.6067373
1.6006256
1.5783007
1.5852429
1.5548846
1.5676798
1.5666673
1.5263509
1.6618818
1.5889735
1.5348707
1.5959116
1.5669153
1.5791577
1.5411988
1.5637456
1.5743265
1.6259948
1.588187
1.6512467
1.540906
1.5758092
1.592501
1.612251
1.6173126
1.5312873
1.5830631
1.5839455
1.6355155
1.5345244
1.5447521
1.5334561
1.5846314
1.6407144
1.5762029
1.534952
1.5429296
1.5664667
1.541887
1.660288
1.5537727
1.5586915
1.5676492
1.528015
1.587722
1.6713053
1.6364515
1.5463853
1.6236637
1.660238
1.6276428
1.5617322
1.6119392
1.5744307
1.5578047
1.5599612
1.615196
1.5326668
1.5328145
1.6001058
1.5730382
1.5594765
1.5518776
1.5496618
1.5440544
1.5512593
1.5423121
1.5471839
1.530037
1.5538466
1.5907538
1.5325513
1.5730045
1.5184617
1.5862364
1.5884302
1.518585
1.6838365
1.5474535
1.533399
1.6583241
1.5965495
1.5721495
1.5532182
1.5840727
1.528576
1.5653441
1.56577
1.5530113
1.5199646
1.5627956
1.5438409
1.5548371
1.6053443
1.5380667
1.5245708
1.5656456
1.6995175
1.6154115
1.5568216
1.5379523
1.5615345
1.7393535
1.5864455
1.5700132
1.5735812
1.5452895
1.6240406
1.5916952
1.5927986
1.598169
1.526795
1.5567455
1.5793345
1.5808437
1.5682979
1.5574578
1.5748477
1.5496806
1.5884631
1.631135
1.5847198
1.554477
1.543494
1.5636158
1.5806928
1.5380273
1.5473846
1.5567242
1.5577888
1.6333991
1.6677544
1.5920354
1.8466692
1.6267459
1.5780731
1.6199684
1.5873506
1.5914832
1.6578959
1.5826987
1.5342337
1.6410711
1.5495038
1.5776157
1.6559107
1.6247585
1.5634187
1.5782516
1.5693693
1.543858
1.5317062
1.6438367
1.585913
1.5943002
1.5312638
1.530513
1.5387417
1.5285877
1.5301152
1.56367
1.564552
1.571502
1.5680156
1.5191815
1.5196944
1.5395252
1.619325
1.5292885
1.5359102
1.5969496
1.5442557
1.5981878
1.6262795
1.5376638
1.548718
1.5513558
1.54631
1.708848
1.6259826
1.5707545
1.6011475
1.541928
1.630514
1.5311348
1.55029
1.568342
1.523654
1.5872465
1.6146357
1.5899142
1.5398258
1.5708892
1.5159795
1.5796899
1.5500255
1.557843
1.5528274
1.5331578
1.5213445
1.5686079
1.564328
1.5898845
1.5815585
1.5664166
1.5790642
1.600681
1.5966184
1.6885194
1.6434019
1.7444428
1.5498315
1.6107146
1.6672307
1.6729255
1.5192815
1.6585141
1.541314
1.5282654
1.5832617
1.6810575
1.6191417
1.5713953
1.5879242
1.5682147
1.595467
1.5805575
1.6094297
1.5689776
1.554194
1.6329455
1.5969427
1.5678265
1.5622715
1.6707562
1.604607
1.5679028
1.5302064
1.5617207
1.6257652
1.5612292
1.5396637
1.533626
1.5456867
1.5602893
1.5722389
1.548419
1.5645833
1.578467
1.6236746
1.5648563
1.5425644
1.5504023
1.5804595
1.551679
1.5591815
1.5325549
1.5643662
1.5793576
1.559285
1.5523465
1.6109117
1.5988582
1.5479299
1.7239182
1.5500423
1.5299597
1.6215103
1.6080176
1.5549154
1.6484575
1.6305213
1.5987698
1.566991
1.6232738
1.5301725
1.5358827
1.5894295
1.6917818
1.6756529
1.6277246
1.5719347
1.5628697
1.5843259
1.5929447
1.6300782
1.6478952
1.5582075
1.565023
1.5189185
1.6768354
1.523474
1.5495335
1.5861915
1.5440444
1.5617213
1.5752707
1.5838658
1.572927
1.6593678
1.6186469
1.5288414
1.596347
1.5595391
1.558019
1.584367
1.5371511
1.5499325
1.6204726
1.5706373
1.5670773
1.5348513
1.5837952
1.6219659
1.700598
1.6024265
1.5616847
1.5585959
1.5647899
1.6453538
1.6335588
1.6683755
1.5982785
1.5728469
1.5614994
1.6020447
1.6171035
1.6168921
1.5971735
1.6169034
1.5993713
1.587226
1.5732704
1.7780294
1.6800408
1.596502
1.6335219
1.6031954
1.635248
1.5770142
1.5483016
1.5978262
1.5976264
1.6183152
1.5235053
1.5306072
1.5492752
1.547008
1.5703633
1.5639033
1.600591
1.6350361
1.568815
1.5466295
1.5513448
1.571382
1.5573013
1.5740237
1.5359629
1.5862244
1.5504923
1.5316864
1.5270259
1.5485913
1.6029222
1.5441735
1.5578368
1.5436438
1.5528029
1.5701863
1.5947045
1.624791
1.557075
1.5336751
1.577742
1.6095883
1.5793949
1.6746683
1.5422963
1.5387524
1.6109108
1.61776
1.6052434
1.62696
1.5540375
1.5343399
1.5808817
1.5641403
1.5455688
1.5395828
1.6283326
1.6471553
1.5481465
1.5427601
1.6348817
1.6733862
1.6198545
1.5200316
1.5499883
1.6331259
1.642826
1.5398295
1.602194
1.5611836
1.5409583
1.5470747
1.5662334
1.5443583
1.6017635
1.5954417
1.5328963
1.6432325
1.6984785
1.6105188
1.6317598
1.7003337
1.6217481
1.5825057
1.6411139
1.6024042
1.5375935
1.5351052
1.5717753
1.5913668
1.6071349
1.6839335
1.5844456
1.5936159
1.583734
1.5872397
1.5730337
1.6225609
1.5286499
1.6400189
1.6202112
1.55802
1.5714552
1.5713308
1.6692815
1.6573173
1.654647
1.5760965
1.5650815
1.5526175
1.6310015
1.5996617
1.5464067
1.652894
1.5668993
1.5501865
1.5828849
1.5336527
1.5742878
1.5420078
1.6325992
1.568854
1.5399598
1.5914901
1.5364174
1.5202787
1.62872
1.579007
1.5968142
1.5430697
1.6177245
1.557563
1.5187355
1.5573205
1.5940402
1.5728757
1.6351218
1.5744958
1.5477705
1.5647918
1.5662994
1.6182985
1.5789579
1.6235656
1.5401949
1.6634272
1.5988842
1.5853426
1.5736792
1.5557572
1.5662948
1.5778494
1.526565
1.577574
1.5222073
1.5919695
1.5209593
1.5714587
1.6033248
1.6207478
1.5877856
1.5699303
1.5720993
1.5325994
1.6158723
1.5802358
1.5216444
1.5696582
1.5389317
1.5647212
1.577784
1.5662857
1.5678685
1.5394628
1.5501863
1.5226438
1.5853993
1.5419182
1.5286803
1.6117471
1.5445445
1.6342632
1.5638701
1.5342133
1.525928
1.5312612
1.5734569
1.5407813
1.5971485
1.549012
1.5434244
1.5561965
1.5499887
1.5882022
1.5514888
1.5678421
1.5438856
1.5810248
1.6109555
1.5270891
1.5184906
1.5653976
1.554494
1.560571
1.5351666
1.6145022
1.548259
1.5649849
1.5390524
1.5548668
1.5204637
1.5751292
1.674949
1.5423355
1.5668627
1.6379853
1.641275
1.5531898
1.5859287
1.5815225
1.6150349
1.566937
1.5958236
1.5547832
1.57198
1.676626
1.6034622
1.5674134
1.5974747
1.6046475
1.6875973
1.5297022
1.5798889
1.5821835
1.592752
1.640712
1.5341998
1.5915003
1.5784073
1.5934944
1.6144694
1.5965598
1.605036
1.5623326
1.6024247
1.5310754
1.5473286
1.6375812
1.5629648
1.6405482
1.5918635
1.5772673
1.5903063
1.5875535
1.560399
1.5901796
1.5431063
1.5583557
1.5509975
1.5934424
1.5776521
1.5585618
1.6145012
1.574676
1.5534385
1.5794088
1.6408625
1.5245143
1.5819205
1.6068029
1.6953973
1.5455122
1.5446743
1.630602
1.6423995
1.5608228
1.6051735
1.5482048
1.5326909
1.5817935
1.6763335
1.5468612
1.5567615
1.520257
1.550054
1.6835399
1.6690716
1.6074089
1.5334011
1.6022935
1.608696
1.625636
1.572122
1.5802535
1.5648069
1.5519178
1.6008356
1.5508795
1.5410336
1.5500398
1.5662007
1.5176607
1.5211211
1.5695003
1.5508308
1.578318
1.547776
1.574048
1.5251657
1.5837477
1.5891423
1.5675361
1.5769362
1.585683
1.6368506
1.603338
1.7014222
1.6944976
1.5546694
1.565077
1.5338184
1.597271
1.6514161
1.6306453
1.5789988
1.596889
1.6265997
1.5470337
1.5832103
1.5484532
1.7074268
1.524792
1.5274472
1.6067456
1.5984997
1.5682291
1.5265293
1.5903517
1.5508105
1.6052185
1.6437001
1.5649766
1.57553
1.5337913
1.563188
1.5244778
1.6079832
1.5528878
1.5431604
1.5357065
1.5741037
1.5805237
1.5446552
1.5390263
1.5928832
1.5545045
1.5358771
1.5275145
1.6219305
1.5302391
1.5305957
1.5936223
1.6017731
1.5525405
1.6192342
1.6019369
1.642802
1.6211787
1.6107954
1.5513855
1.6147478
1.5701236
1.6167252
1.5753274
1.553896
1.5446371
1.5311768
1.5718458
1.597493
1.5669006
1.5203142
1.5711693
1.5282346
1.6060532
1.5874747
1.526056
1.5215855
1.5443509
1.591617
1.607026
1.5968165
1.6394018
1.6314926
1.6111242
1.5678005
1.5215194
1.5384876
1.5599345
1.5909467
1.5427148
1.6499145
1.6566772
1.5342157
1.5670773
1.562426
1.6223958
1.702662
1.5352932
1.5221261
1.554822
1.6829402
1.5865737
1.5617775
1.5590808
1.75293
1.6068178
1.5214746
1.5657302
1.6050831
