26.237288
26.373896
26.004612
25.801195
26.377924
25.286535
25.237827
25.091444
24.575129
24.112669
24.046324
24.001286
23.241198
23.075987
23.072603
21.914995
21.625544
20.999523
20.445452
19.635769
18.727512
17.733074
16.738483
14.861858
13.469858
11.23512
9.705964
9.151472
9.276563
9.526034
9.615604
8.586499
7.7532988
6.877899
6.337048
5.671421
5.559502
5.595971
6.0408225
5.355839
5.391372
5.2680407
5.413874
5.654031
5.820414
5.7835236
5.2332883
4.845355
4.65646
4.272108
4.30292
4.390915
4.5297084
4.856455
4.7553816
4.460783
4.6350603
4.458825
4.466391
4.272081
4.368373
4.538428
4.292476
4.318942
4.477231
4.4990087
4.3699327
4.2966123
4.234074
4.3016634
4.1716366
4.405786
4.399171
4.412027
4.350942
4.390353
4.1284776
4.409103
4.0441647
4.025926
4.502869
4.3059373
4.3386908
4.489539
4.2546883
4.225361
4.362157
3.881454
4.391933
4.242542
4.2403126
4.517522
4.270299
4.1668525
4.090299
3.690115
3.8801124
3.695861
3.985913
3.8281817
3.842457
4.03538
4.273753
4.277509
4.245026
4.0274415
3.907665
3.6705153
3.6921287
3.82267
3.7565222
3.9655056
4.0471106
3.9968104
4.348413
4.1201053
3.8312535
3.9052951
3.9838104
3.8989732
3.818393
3.766435
3.8796842
3.7169044
3.8391216
3.7241502
3.8831527
3.7638013
3.9452746
3.815845
3.9356198
4.1241236
4.087285
3.9101655
4.0583496
3.7975602
3.679144
3.6952183
3.9181585
3.6358335
3.771929
3.816268
3.9416146
4.0901136
3.8224127
3.8759487
3.656122
3.513532
3.554167
3.4747887
3.681711
3.695233
3.772711
3.9718554
3.9856539
3.929132
3.588247
3.7436244
3.4792848
3.519905
3.6149142
3.7282627
3.5932596
3.8664114
3.968443
3.885652
3.769046
3.5499756
3.479603
3.4674926
3.4594247
3.5980065
3.6227849
3.7865286
4.0637484
3.880134
3.4362273
3.6445913
3.693369
3.429066
3.5662596
3.8098915
3.9654763
4.156158
3.9843304
3.6771896
3.663246
3.7371202
3.9504511
3.7034655
4.681131
4.429212
3.7305915
3.7800817
3.7398105
3.751596
3.761115
4.535005
4.034238
4.6374674
3.9180515
4.0139623
3.7780285
3.595345
4.136872
3.5131478
4.276094
3.7168345
4.60773
3.9118176
4.053824
3.7229984
3.6578622
3.6149974
3.6104436
3.7362
4.0188375
4.127106
4.011444
3.463003
3.87992
3.8838115
3.365548
3.786547
4.003694
4.271024
3.9866614
3.6056855
3.5340798
3.445863
3.4082704
3.4710374
3.506594
3.3691878
3.6488507
3.6229687
3.4365504
3.6517572
3.5758386
3.7794135
3.7390225
3.8232071
3.959609
3.7884598
3.613872
3.6164284
3.4902966
3.4250064
3.684127
3.5163114
3.9073093
3.6037862
3.8600929
3.4137251
3.4747438
3.7440732
3.5586097
3.678106
3.9740045
3.559536
3.627792
3.7039926
3.4306273
3.582363
3.7651768
3.5291765
3.807154
3.889195
3.455349
3.655225
3.3565564
3.6055593
3.442564
3.544506
3.6620336
3.6457765
3.5864215
3.3539178
3.304505
3.321436
3.139498
3.525069
3.4405732
3.702025
3.7164645
3.4632037
3.4474294
3.388947
3.2873476
3.4232135
3.2918007
3.3020031
3.358105
3.4103093
3.4053614
3.7545736
3.6312516
3.6534872
3.7582815
3.8317566
3.7107258
3.9561007
3.7805774
3.890651
3.8313992
3.4359121
4.0279803
3.442592
3.385847
3.658338
3.259167
3.3479998
3.3765135
3.4812782
3.4495845
3.4120362
3.337671
3.4311585
3.678904
3.7686305
3.9233215
3.4213054
4.0311074
3.324963
3.5309756
3.925263
4.009418
4.372127
3.3300245
3.7581801
3.7871356
3.8522644
3.8427794
3.80321
3.664038
3.4121766
3.416015
3.41541
3.945255
3.2853796
3.8186035
3.4228456
4.1177025
3.6260874
4.014771
3.4433312
3.279057
3.6026108
3.3676655
3.4429035
4.025801
3.5849116
3.8185844
3.336205
3.649662
3.3730946
3.3691893
3.6443548
3.3453195
3.5462716
3.1877654
3.3025968
3.6305678
3.271426
3.4753792
3.3327684
3.2082615
3.313002
3.0610223
3.4731345
3.1845465
3.4862382
3.7563956
3.404855
3.218128
3.1125855
3.1886048
3.3540404
3.3643332
3.469672
3.6680808
3.9734943
3.4808135
3.26139
3.313634
3.355664
3.279942
3.3009005
3.7361784
3.3398595
3.520867
3.191309
3.643158
3.351425
3.753575
3.3261504
3.2871673
3.0706606
3.0616398
3.0532427
3.1271627
3.2773848
3.236089
3.3481107
3.800579
3.4539552
3.466001
3.1708715
3.2310336
3.367181
3.4394546
3.310041
3.3466449
3.1407125
3.2862122
3.267396
3.4254405
3.289079
3.4370346
3.1862824
3.3130927
3.3098767
3.2046545
3.2994027
3.5665336
3.1650617
3.4514613
3.112747
3.296076
3.400514
3.2772207
4.103127
3.4671946
3.1992216
3.0895255
3.3312943
3.539568
3.773214
4.207804
3.3003035
3.5439234
3.2896419
3.3240306
3.3647065
3.8453925
3.5166044
3.239682
3.3486621
3.3263915
3.4798503
3.466655
3.599988
3.6851223
3.5801914
3.3164053
4.164803
3.2242393
4.6013966
3.3056664
3.7618642
3.37785
3.3631375
3.8282652
3.4004767
3.3648179
3.576833
3.030545
3.4890146
3.543664
3.195617
3.7149987
3.3090475
3.3166564
3.421883
2.9907424
3.0695224
3.1691458
3.2731175
3.264087
3.353596
3.711702
3.3420424
3.0443068
3.2661657
3.2438858
3.2162526
3.40285
3.3144896
3.7709143
3.25353
3.567651
2.9684074
3.4330764
3.1568377
3.2884445
3.6318743
3.516707
3.455245
3.1202645
3.1834397
3.5126529
3.2378266
3.5322375
3.1693287
3.422816
3.290793
3.0588198
3.1658285
3.224233
3.4669204
3.2317784
3.227489
3.2618675
3.3937917
3.0837142
3.1300883
2.9603224
3.1826918
3.269478
3.3739855
3.5640972
3.267313
3.247046
3.0718377
3.2928808
3.4753256
3.597
3.708495
3.6094425
3.4079957
3.013333
3.21499
3.279089
3.338402
3.8061213
3.763759
3.4025874
3.084165
3.349467
3.6240366
3.176105
3.9792442
3.0758555
3.38301
3.4847896
3.360576
4.010925
3.086665
3.071977
3.596665
3.3297834
3.135435
3.7197022
3.5974104
3.010305
3.1563294
3.1008103
2.993098
3.2467036
3.1507316
3.464081
3.4242585
3.451493
3.2001245
3.3510377
3.354295
3.171395
3.185783
3.229874
3.1270936
3.264071
3.437022
4.1859603
3.3279016
3.6700644
3.1976006
3.225099
3.7007275
4.419322
3.2550614
3.3578382
2.9791546
3.1102116
3.0737717
3.2964575
3.3687828
3.334447
3.1771188
3.1702094
3.0185559
3.085747
3.1547806
3.2107675
3.160222
3.1201613
3.1105087
3.1559114
3.119472
3.1738994
3.1813414
3.0776374
3.1198163
3.0339155
3.0991225
3.1326315
3.1796095
3.644551
3.201798
3.130927
3.1846366
3.184538
3.3265564
3.2121315
3.6293974
3.1677597
3.076313
3.371739
3.0629542
3.6983464
3.703636
3.2458124
3.1123343
2.992624
3.0338974
3.0816748
3.315497
3.0546606
3.293857
3.673618
3.4817955
3.011099
2.9430144
3.2597878
3.251964
2.91568
3.2795105
3.9459176
3.61337
3.4794042
3.1240623
3.4724874
3.7534397
2.9670067
3.759281
3.7522204
3.168221
3.7567072
3.5177464
3.0589015
3.4656434
3.122422
3.118354
3.3460255
3.306969
3.1265514
3.3232367
3.2600527
3.2681115
3.471117
3.138261
3.5397666
3.101711
3.361641
3.398095
3.0183163
3.504972
3.1065319
3.141267
3.41614
3.243582
3.412247
3.4452698
3.9632134
3.074039
3.410833
3.081847
2.9930046
3.785887
3.105166
3.94976
3.065561
3.2761636
3.2641263
3.1836762
3.4617915
3.5098205
3.361699
3.109196
3.1366735
3.017175
2.9591775
3.1250005
3.3624063
3.3117316
3.2649662
3.04706
3.500547
3.0907269
3.0952415
3.6570773
3.382548
3.0031166
2.998449
3.3028784
3.2051816
2.997195
3.3441224
3.5717318
3.0409772
3.1395202
3.0290856
3.2450304
2.9944408
3.1894128
3.1341658
3.021348
3.058852
3.1957865
3.0766835
3.0821855
3.1778545
3.2530224
3.0796816
3.1419365
3.076865
3.056355
3.3301215
3.1859004
3.3448684
3.0639405
3.4700603
3.120595
3.723739
3.0450864
3.4398708
3.0353365
3.052999
3.3535845
3.205272
3.6805851
2.999571
3.8083055
3.0637758
3.5325758
3.3979316
3.2279205
3.8679757
3.4490464
3.1646264
3.905721
3.2005677
3.181032
3.4828277
3.5959833
3.5998123
3.4705794
3.1494894
3.3540502
3.0375805
3.268093
3.643832
3.0347517
3.0469894
3.2404435
3.132922
2.983453
3.106956
3.327627
3.11913
3.02799
2.8783362
2.9190536
2.9925106
2.9821146
3.074595
3.355147
3.2770543
3.064511
3.891624
3.3819263
3.2906759
4.1554093
3.349871
3.555032
3.5456173
2.9992206
3.3061779
3.531051
3.329133
3.2955415
3.0686111
3.0885398
3.0601962
3.031926
3.237664
3.374876
3.2101443
3.1941128
3.5164466
3.0075517
2.8913918
2.9299002
2.8918624
2.9875035
3.001278
2.989138
3.089447
3.0452883
3.1958716
3.1218626
2.9010987
3.103002
2.9461963
3.198904
3.0856564
3.1933424
3.5130055
3.417789
3.0477655
3.1258996
2.8985822
2.978348
3.0561905
3.0729825
3.176706
3.2984302
2.9636385
2.918732
3.1305425
2.9239259
3.270623
3.1550035
3.0524292
3.0821764
3.1615565
3.010414
3.2837048
3.028834
3.30465
2.980735
2.9117715
2.996845
2.999583
3.1233792
3.0732834
3.230762
2.920447
2.9845326
3.040573
2.8744822
3.0070717
3.1688986
3.097437
3.1132152
2.9477425
2.952844
2.9187605
3.2150435
3.0275977
3.8314795
2.9833553
2.975819
3.0164304
3.1064904
3.0746682
3.0849614
3.2209315
3.0761068
3.049186
2.9241443
2.9118297
3.1005366
3.1162746
3.172472
3.0060375
2.9132407
3.028168
2.9782171
3.0994587
3.0132275
3.363354
3.282238
3.09771
2.9187183
3.124721
2.995022
3.080247
3.1160414
3.1101215
2.9832263
3.123396
2.9669576
3.0657196
3.259719
3.461514
2.977534
2.8075686
3.2103548
3.0442114
3.0181296
3.190785
3.0296416
2.8183987
2.871506
2.9923015
3.0115016
2.885604
3.018665
2.961678
2.955877
3.0995643
2.9192774
3.0079508
3.3454185
3.1381075
3.586542
2.8403652
3.369715
2.975084
3.0954535
3.0800939
2.920592
3.068785
2.921417
3.0930629
2.9264407
2.913387
3.106984
2.9874325
3.1246095
2.9493456
2.9204104
2.9887984
2.8435395
3.2156894
3.07633
3.3244245
2.9585905
2.8495905
3.193751
3.1791637
3.135072
3.4830213
2.9608755
3.0381584
2.8498266
2.830186
2.999597
2.984822
3.2921314
3.2931817
3.1283824
2.903374
3.034163
3.103892
3.076012
3.0355253
2.9698
2.9692686
3.273247
2.9787765
3.292607
3.1440654
3.0520992
2.9518125
3.2074914
2.924677
2.7980154
2.967087
3.0925987
3.1632612
3.0350242
2.8729322
2.823282
2.885946
2.8379104
3.031717
2.974308
3.1973615
2.9773817
3.098098
2.846569
2.87283
2.9496999
2.8453135
3.000081
3.025731
2.97067
3.1318874
2.9246554
2.9238992
2.994944
2.774882
2.8715408
3.0050254
2.9369755
3.066104
2.922083
2.957872
2.972295
2.880159
2.87039
2.9106228
2.9197958
2.9830105
2.932857
2.9092805
2.877533
2.8487635
2.9132123
2.906825
2.788923
2.958142
2.7991707
2.995993
3.1943
2.945823
3.4982843
3.6509774
3.0388186
3.0688987
3.2656717
2.8242917
2.8679645
3.2341661
2.9577656
3.0089874
3.3518677
2.909146
3.3734696
3.1265328
2.8802805
3.457494
2.85872
3.1749406
2.8947763
2.9648745
2.9276235
2.8859854
2.9921083
3.047101
3.1930408
3.5047388
2.8656495
2.8485534
3.085818
2.831944
2.8518105
3.1070106
3.1809385
2.9852474
2.851768
2.8629909
2.914936
2.963475
3.0371444
2.8495815
3.0839393
3.1110291
2.9344864
3.2342
2.929087
2.942415
3.406567
2.8491921
2.8255124
3.530945
2.9590476
2.8686619
2.8868206
2.7973354
2.9963918
3.097543
2.9564302
3.018683
2.8687055
2.8989725
2.8590555
2.897132
3.1082544
3.336536
2.8717356
3.316145
3.256666
3.099066
3.8413794
2.8376384
3.1007159
3.6312206
2.8653166
3.145147
3.442029
2.8939364
3.0998292
2.9100263
3.1581497
2.902005
3.5957355
3.152127
2.8998759
2.9032974
2.9697313
2.9927316
3.3097417
3.0504215
3.0267155
2.8658724
2.913141
2.9596145
3.2210734
2.967111
3.0271525
2.962227
3.1153967
2.9179645
3.101269
2.9044595
2.9077125
2.9448466
2.8457685
2.964384
2.9730775
2.8027506
2.9136205
2.861324
2.930774
2.999352
2.8706985
2.768218
2.8448184
2.9169674
2.8839712
3.1009467
3.2462404
2.9144974
3.1449528
2.9550326
3.1682384
3.3642168
2.893015
3.296831
2.8659685
3.3245175
3.1646795
3.0906568
3.054247
2.863598
2.9144201
3.280808
2.898326
2.8347557
3.0191183
2.859486
2.8488655
2.9709778
2.78052
2.7180834
2.9263167
2.856359
2.7534626
3.047736
2.861083
3.0785165
2.960376
2.808923
2.8970325
2.9409764
3.3341305
2.8884106
3.4261374
3.1058724
3.6247852
3.1020265
3.1990845
2.890925
3.3097634
3.0451872
3.130069
3.2139843
2.8981826
3.065283
3.086548
2.8486555
2.8638036
3.0646467
2.9637024
2.9115503
3.0091157
2.9639115
3.0502465
2.9637616
2.8617535
3.102837
2.8167977
2.914247
2.837619
3.0686429
3.186512
3.111512
2.8871639
3.036767
3.053166
2.782288
3.0301478
3.5292737
3.0597975
3.0392315
3.29543
2.8578804
3.201526
3.012684
2.6825318
2.864717
2.9051077
3.0980675
2.9484544
3.3053412
3.3028245
2.910676
3.0400805
2.8216305
2.9178953
3.0014071
3.1111393
2.783692
2.6663094
2.8406186
2.9254825
2.883755
3.0244944
2.9252954
2.9528034
2.8385324
2.8059518
2.7119615
2.792286
2.8347323
2.726128
2.7418206
2.7697392
2.909235
2.8144426
2.9715347
2.8764014
2.7283394
2.7954795
2.792208
2.7237236
3.0561378
3.0985506
2.749479
2.9236758
2.658395
2.7563422
2.7238774
2.7281964
3.070779
2.956024
2.840163
2.8154812
2.765547
2.7337246
2.8473072
2.803441
2.9129903
2.806342
2.7778916
3.0377872
2.8056426
2.7362955
2.967966
2.8296707
3.1195645
2.7326925
2.6313338
2.851133
3.042401
2.764932
3.2729304
2.871651
2.864578
2.7600486
2.830461
2.7084074
2.8503327
2.8861444
3.1933923
3.0708668
2.718783
2.696513
2.879425
3.011137
2.7797024
3.1103394
3.097782
2.7593257
2.6351395
2.8350325
2.7596705
2.8129323
2.7240477
3.2663577
3.275158
2.7166996
2.9484534
3.011577
2.8997319
2.7613811
3.4118385
2.9954646
2.821909
3.014226
2.7756703
2.6114275
2.875424
2.8092813
2.640813
2.6902344
2.7890515
2.7844594
2.751586
2.7284122
2.7318766
2.743879
2.6947956
2.7725341
2.665529
2.9553351
2.8503704
2.69524
2.7790754
2.6520982
2.6457038
2.7620115
2.7159379
2.8009827
2.912398
2.8042386
2.7215996
2.7717683
2.7405193
2.6758478
2.7667537
2.716429
2.6077821
2.653301
2.6470885
2.747333
2.6957855
2.7261808
2.908059
2.6235697
2.6610498
2.620968
2.6019185
2.695604
2.674455
2.7764096
2.7392855
2.6904469
2.748604
2.5730364
2.596624
2.6108172
2.6305628
2.600122
2.682203
2.6048706
2.5510225
2.6174645
2.537998
2.6276934
2.6084633
2.5988884
2.67347
2.6754005
2.7005394
2.82202
2.6081545
2.6411548
2.7755854
2.6010723
2.5635254
2.7396677
2.683116
2.5959704
2.4968464
2.6819184
2.573674
2.7060094
2.7308667
2.5483081
2.662219
2.7324848
2.6174726
2.681997
2.7734
2.6213305
2.6196167
2.6851263
2.636798
2.547136
2.545485
2.551114
2.705995
2.6908095
2.4610708
2.678466
2.5231566
2.7246804
2.694889
2.5350728
2.562352
2.7125947
2.6890764
2.576999
2.6628644
2.6074789
2.579984
2.5833137
2.5538642
2.5005414
2.6089032
2.607449
2.4568946
2.6999896
2.5198655
2.691358
2.6641712
2.5235248
2.525133
2.6036086
2.6296504
2.6600804
2.58309
2.5653496
2.6728334
2.6157277
2.6042345
2.5411134
2.5367393
2.5538206
2.5654993
2.5119781
2.6111195
2.530952
2.493032
2.4634993
2.581142
2.608802
2.4706354
2.4848275
2.512426
2.649936
2.579129
2.534119
2.7106814
2.8537831
2.5682826
2.5699706
2.5015445
2.5434797
2.5428548
2.440708
2.5271266
2.767819
2.5428205
2.5331604
2.5432496
2.5480115
2.4722345
2.6113994
2.5872326
2.5548213
2.5834477
2.515981
2.490661
2.5592394
2.496588
2.5527372
2.6567025
2.5766485
2.5025744
2.5432847
3.0379026
2.433599
2.5826962
2.794281
2.4470434
2.4060104
2.450961
2.8304734
2.610912
2.473987
2.474302
2.5881255
2.492288
2.567261
2.7384396
2.4937527
2.4786172
2.7007375
2.600595
2.4139318
2.6824584
2.602796
2.395842
2.4281883
2.4138834
2.4315743
2.5263505
2.4923966
2.584551
2.4992187
2.4558318
2.5494616
2.5619798
2.471172
2.579239
2.406387
2.4867535
2.4158926
2.5113156
2.5811715
2.5254776
2.5145056
2.414587
2.4757695
2.3951328
2.4148045
2.541848
2.422723
2.4989343
2.5620153
2.5875804
2.4124806
2.3526149
2.423691
2.460514
2.4678915
2.3960629
2.4317865
2.352774
2.372424
2.3210602
2.3438666
2.3217423
2.4613245
2.4529495
2.4201324
2.4534824
2.5243123
2.5705316
2.3316486
2.406238
2.5246174
2.5374882
2.3806336
2.367792
2.444561
2.3707185
2.517219
2.3186266
2.48756
2.583345
2.6163483
2.4162614
2.547284
2.5134084
2.4277594
2.49696
2.4432085
2.4341981
2.329721
2.406089
2.9110703
2.417579
2.3831785
2.6904879
2.3619184
2.5401402
2.5731752
2.479014
2.2949467
2.4388702
2.4140465
2.40168
2.5085287
2.378529
2.5607965
2.4824235
2.313621
2.3326478
2.512785
2.4261644
2.4164956
2.373638
2.4738991
2.3855572
2.319068
2.5150974
2.3984947
2.336417
2.3328195
2.3841624
2.3183439
2.3552525
2.3076835
2.288687
2.499618
2.2675025
2.509017
2.3768947
2.307541
2.4225504
2.3811114
2.3439248
2.2688975
2.4403725
2.4319363
2.274731
2.371358
2.3436282
2.2926166
2.276217
2.4147925
2.3317244
2.3249996
2.281742
2.2848134
2.3756979
2.175183
2.3291514
2.3735435
2.3745835
2.2857668
2.2617784
2.2181025
2.373615
2.317748
2.2350137
2.3596087
2.2678075
2.2411962
2.2430673
2.325404
2.3688517
2.21946
2.307534
2.2424188
2.3781724
2.2480063
2.435549
2.3028724
2.4448545
2.4872885
2.2265477
2.2957637
2.2701087
2.2843113
2.218137
2.256191
2.2360878
2.21591
2.1545515
2.203095
2.2687924
2.2584245
2.16455
2.294952
2.249802
2.218551
2.2398875
2.217646
2.2095482
2.3618734
2.2861874
2.328895
2.3758125
2.218129
2.384052
2.1835954
2.4631305
2.511023
2.2882204
2.3019025
2.426828
2.348158
2.1735253
2.2127848
2.273382
2.3748248
2.179132
2.2469566
2.3569224
2.3450835
2.281589
2.3964107
2.262165
2.1856773
2.312784
2.25643
2.294177
2.3690186
2.2590106
2.269537
2.2773519
2.3353984
2.3433883
2.2643676
2.1222684
2.1701994
2.163097
2.2680829
2.2557902
2.1600134
2.1878426
2.3653204
2.148847
2.0677197
2.1426463
2.242078
2.226104
2.1134079
2.19254
2.2357016
2.2602093
2.2307782
2.1752646
2.1776936
2.1253963
2.1890423
2.172049
2.1391141
2.119435
2.1745324
2.1594841
2.1998491
2.1026325
2.219924
2.151779
2.240498
2.1689255
2.1413362
2.2530692
2.254923
2.2609234
2.107994
2.0462415
2.1417537
2.1593475
2.2690566
2.1860456
2.199
2.2078505
2.1074088
2.0911264
2.1072524
2.0571854
2.1537597
2.0771132
2.1920407
2.169055
2.12582
2.0703542
2.1510487
2.064298
2.1631882
2.1928704
2.173016
2.104591
2.1582234
2.1230495
2.1647518
2.189734
2.045994
2.168599
2.0953503
2.0689137
2.1440585
2.1091604
2.0569408
2.016506
2.200661
2.2357435
2.11955
2.2123232
2.1056185
2.1458974
2.227916
2.0465953
2.0259109
2.0882938
2.0869865
2.2604425
2.1529849
2.0168066
2.1662395
1.92977
2.0483558
2.0614095
2.131107
2.1032107
2.1467834
2.1182306
2.040222
2.140241
2.0750399
2.0787234
2.080484
2.0259438
2.123201
2.0245082
2.0382059
2.0461173
2.0876322
2.1394126
2.0589159
2.0676885
2.0948453
2.1650853
2.1430836
2.0261183
1.9801054
1.9589616
1.9866753
2.0535705
2.1453524
2.0176172
2.06152
2.197007
1.971882
2.0576246
2.0401795
2.0535538
2.0935621
2.11268
1.9887847
2.0485618
1.9908153
2.0784075
2.249089
2.0826285
2.1257715
1.91512
2.0787258
2.1049678
2.2304516
1.932743
2.0647
2.100219
1.9742385
1.9958254
2.1286275
1.95831
2.0091949
2.0296192
2.0248237
2.0137813
2.0703607
2.0166876
2.0242436
2.0725722
2.1104069
2.1011255
2.1161435
2.1189737
1.9959519
2.0109482
2.0544267
1.9771799
2.0386126
2.1082876
1.9881377
1.9880372
1.9555244
2.0365858
2.0627232
1.9169892
1.9413352
1.9769148
1.9649341
1.9671069
2.0103796
2.0503116
1.9415153
1.905499
2.0862691
1.9906007
1.9413928
2.017107
2.047809
1.9765142
1.994801
1.8865224
1.9562403
1.8953559
1.9528831
1.9610002
2.029275
2.0266113
1.9998795
1.9413317
1.9811248
1.9400841
1.9153478
2.1239762
1.9899945
2.0414433
2.0416868
2.0392199
2.037298
2.0859401
2.1193488
2.0942786
2.0149114
2.0441215
2.1229475
2.0316126
1.9070195
1.984851
2.0869682
1.962218
2.103259
1.9511653
1.9017463
1.9829028
2.0009294
2.0955195
1.8428009
1.873225
2.0027862
1.9615241
2.0569897
1.9813877
2.0638793
2.0317478
1.9735376
1.9030715
1.9219005
1.9567871
2.014612
1.9324273
1.9464992
1.9752877
1.956977
1.875087
1.9531835
1.997036
2.0007222
2.2093434
1.9205354
1.9366739
2.0306141
2.0805032
1.9214205
1.8503398
2.1141005
2.0476687
1.9970365
1.928682
2.0111668
2.0466304
1.9824759
1.9899595
1.9381512
1.9239782
1.9283178
1.8391768
2.06573
2.000462
1.969046
1.967621
1.9675262
2.0105932
1.9633995
1.8887098
1.9174082
1.9395435
1.9159592
1.916689
1.91566
1.9119747
1.8683
1.9655125
1.8864645
1.9434339
1.8582282
1.8984298
1.8389281
1.925399
1.936642
1.8705046
1.8949597
1.8810292
1.9163467
1.8831627
1.9602362
1.8134965
1.8289739
1.8794928
1.8667971
1.9104619
1.8460786
1.7999825
1.864074
1.8805164
1.8572835
1.883464
1.9137428
1.8597423
1.8989302
1.7934865
1.8440057
1.930947
1.8683625
1.8028874
1.8421112
1.8807957
1.876801
1.853397
1.929626
1.8834988
1.9211463
1.8669477
1.832855
1.8710047
1.949926
1.8316251
1.9582775
1.924353
2.1167066
1.9155991
1.9127872
1.8776189
1.904095
2.1797304
1.839794
1.8851297
2.0077596
1.9411538
1.8492577
1.8286476
2.0319455
1.7802874
1.8721765
2.0242128
1.8462857
1.8985957
1.9095731
1.9395392
1.7966709
1.8261803
1.8902285
1.806724
1.8139126
1.8793076
1.76769
1.785705
1.8119948
1.828622
1.8264406
1.8123164
1.8761433
1.7478029
1.7743976
1.8544077
1.8019783
1.8254687
1.75041
1.8812665
1.8628865
1.8407348
1.8138658
1.9106176
2.0243084
1.8415575
1.8592415
1.8948585
1.924008
1.866239
1.8701497
1.7988518
1.8155967
1.9744606
2.103645
1.8364266
1.9007488
1.9668663
1.860251
1.8622712
1.836967
1.8758255
1.8113108
1.8546587
1.831691
1.9349908
1.8664652
2.0388925
2.0485597
1.9049044
1.9860605
1.963126
1.9674742
1.9591244
2.1184506
1.9228411
1.8583039
1.8928835
1.925959
1.8541968
1.7977285
1.8658057
1.9818482
1.8720533
1.905233
1.9378781
2.0263145
1.7833369
1.7296591
1.8285719
1.872888
1.7845659
1.8784432
1.7385044
1.8363271
1.8525429
1.8358259
1.8936995
1.9767965
1.8403888
1.9707785
2.0284817
1.9554905
1.9032438
1.8975393
2.143311
1.8587326
2.0141702
2.0508792
1.9779935
1.8998224
1.9482394
1.7884679
1.8901759
1.8080993
1.9077185
1.8302437
1.9683312
1.7429112
1.9219273
1.8905505
1.8795468
1.7452803
1.796068
1.9191647
1.8247993
1.7831188
1.7788424
1.8320787
1.7722214
1.874931
1.8917865
1.8009433
1.9195555
1.8229268
1.7617673
1.7743701
2.0353267
1.8790787
1.9807682
1.8796605
1.933368
1.9764845
1.80804
1.9514588
1.9130775
1.9027759
1.940719
1.8807232
1.863958
1.9360148
1.848731
1.8915198
1.9006345
1.8704185
1.8509735
1.8580241
1.8517133
1.7925837
1.8979871
1.8805033
1.7403275
1.849887
1.8130985
1.7826982
1.7861189
1.6971117
1.8969555
1.7399137
1.9038278
1.930772
1.8084608
1.8427618
1.9366997
1.9836471
1.8970683
2.0039287
1.8528475
1.8842359
1.7939084
1.9725385
1.9119905
1.8349687
1.8461576
1.8482075
1.848595
1.7811067
1.781616
1.7818272
1.771692
1.8291106
1.7156495
1.7688699
1.7413945
1.8135158
1.7859453
1.997838
1.7016686
1.8290727
1.8164325
1.786107
1.882725
1.8598915
1.8174592
1.7798384
1.9628438
1.8363755
1.8951775
1.8630221
1.8249861
1.7529558
1.8222988
1.7522417
1.745087
1.6975262
1.7884039
1.7751387
1.8341637
1.6812472
1.8436685
1.8015039
1.7796043
1.764105
1.8372673
1.7407908
1.710899
1.8162053
1.8434879
1.6993192
1.7633176
1.8422836
1.7799075
1.6911635
1.8001671
1.8215858
1.7338575
1.7272635
1.726508
1.7261146
1.6478888
1.7381655
1.6853161
1.7197998
1.7088528
1.7073375
1.6821703
1.7892634
1.7319933
1.700006
1.7037675
1.7433227
1.7137328
1.7082218
1.7545178
2.0395844
1.7632395
1.7881187
1.7844158
1.7774726
1.7710718
1.7641045
1.7442473
1.7238281
1.8158659
1.8936245
1.7266338
1.7936503
1.6784234
1.883976
1.7608962
1.9163084
1.8419232
1.7132747
1.7719685
1.8121227
1.858706
1.8703474
1.769891
1.8313417
2.0176404
1.7184532
1.7786012
1.8292353
1.8245343
1.9619477
1.7199664
1.7679026
1.7890738
1.7404373
1.7029235
1.7037694
1.7048085
1.7109468
1.7627667
1.6963378
1.8440744
1.801759
1.8284825
1.8771708
1.6588438
1.7305168
1.8035915
1.865011
1.7716112
1.8557591
1.8413152
1.7272028
1.830223
1.7776905
1.7844754
1.7230815
1.8343105
1.8497771
1.743839
1.70632
1.721285
1.764645
1.7434164
1.7784966
1.7492342
1.8650502
1.7945895
1.7400552
1.8693153
1.8889792
1.7847385
1.9088601
1.7825886
1.8697897
1.813409
1.7619824
1.964028
1.9160883
1.7506562
1.7484285
1.8498152
1.8348713
1.6919259
1.7417808
1.8918599
1.7668548
1.8892434
1.7667946
1.943363
1.7521484
1.8131034
1.7026755
1.9794418
1.80942
1.7312868
1.792906
1.9264557
1.8635539
1.7740927
1.8398235
1.7273263
1.750428
1.7280107
1.7440783
1.713067
1.7171763
1.6908357
1.7299483
1.7515498
1.7550772
1.705477
1.7194604
1.7258238
1.7863975
1.6476195
1.6917363
1.6931226
1.9285817
1.7638422
1.8202745
1.8211148
1.795485
1.7152139
1.7614189
1.7673848
1.6521102
1.7023448
1.6937059
1.8436232
1.699259
1.8914076
1.749598
1.7156512
1.774358
1.7949932
1.7117268
1.718114
1.7229937
1.6899167
1.7023402
1.7574944
1.6545097
1.653587
1.7590858
1.7087573
1.6574535
1.6546568
1.7520673
1.64483
1.7909168
1.6660535
1.7481922
1.6678859
1.6438568
1.6769547
1.7132597
1.6253906
1.6235806
1.6885535
1.6721708
1.6792415
1.714103
1.6202756
1.6367625
1.7244056
1.6636763
1.6427499
1.6151595
1.6856935
1.7392457
1.6869411
1.8095434
1.7050446
1.7884614
1.782252
1.786921
1.6772838
1.6794345
1.6990907
1.6664922
1.6144128
1.7210428
1.7740362
1.7172787
1.7008868
1.7479285
1.6741989
1.7687993
1.8097432
1.776506
1.9512395
1.7710682
1.7293983
1.8560332
1.7590152
2.002779
1.7215542
1.6708646
1.815311
1.8346301
1.706814
1.7727708
1.6384939
1.821188
1.639595
1.722301
1.8122998
1.6774396
1.7507308
1.8509513
1.7317188
1.700374
1.7462795
1.6667117
1.6695693
1.6593273
1.6638424
1.6919292
1.6531234
1.633116
1.625553
1.6432158
1.633501
1.6815389
1.693403
1.6784662
1.7141467
1.669293
1.634303
1.7132237
1.8011543
1.7000167
1.733738
1.7262537
1.7696744
1.8484508
1.772041
1.7730198
1.6796057
1.895069
1.713228
1.6351572
1.7153132
1.8598163
1.6307998
1.7619556
1.6354225
1.6896473
1.6698092
1.7949783
1.7647833
1.8000522
1.7278621
1.7973638
1.7943316
1.8151973
1.7600157
1.9413577
1.8097888
1.6857637
1.826488
1.7297089
1.7496557
1.633751
1.8208122
1.7110413
1.731436
1.7118955
1.7094831
1.7169232
1.6978295
1.6704797
1.7255813
1.768078
1.8817616
1.7392372
1.8949201
1.7383255
1.6838896
1.7811419
1.6969488
1.7066624
1.6856307
1.7641892
1.7505957
1.6370684
1.6823046
1.7317028
1.7245221
1.7277657
1.8192542
1.6804874
1.7745707
1.6778382
1.6775646
1.7773795
1.8349848
1.8439854
1.7254281
1.8063242
1.7093284
1.6276323
1.6847345
1.7121247
1.9081962
1.6655679
1.7141366
1.8220636
1.8462704
1.692025
1.7311208
1.8373588
1.7258427
1.69813
1.7464918
2.0411003
1.7232862
2.2875426
1.834882
1.8200215
1.8452922
1.8282579
1.618023
1.8174902
1.8582753
1.700006
1.7282168
1.7122201
1.935532
1.7095174
1.7514558
1.8094099
1.6776242
1.694982
1.6849241
1.7840217
1.6521244
1.6565117
1.7716439
1.7173147
1.8447127
1.8381749
1.7088655
1.8181833
1.780726
1.8069197
1.673342
1.7373037
1.6852766
1.7469873
1.6813842
1.6970645
1.7715001
1.7961025
1.7208272
1.6796206
1.760621
1.7291993
1.7850695
1.7296592
1.643319
1.7189612
1.5869293
1.6296442
1.6652849
1.798209
1.6325775
1.6647197
1.6188834
1.6913958
1.718953
1.767849
1.6102937
1.6849967
1.7997497
1.671678
1.7141424
1.7462525
1.7021222
1.7010765
1.6542423
1.7037587
1.6725174
1.624904
1.7483913
1.6817807
1.7102079
1.7762632
1.6092526
1.6613925
1.67005
1.7570289
1.684545
1.5921108
1.6006324
1.8628021
1.6337993
1.6218247
1.8904753
1.6636435
1.6262206
1.7617388
1.84114
1.6611817
1.6715345
1.7432591
1.643448
1.7581824
1.7302548
1.7682014
1.876363
1.6943156
1.7424343
1.7735449
1.7538627
1.721502
1.6575749
1.7664889
1.6807158
1.6724218
1.7014005
1.6191928
1.7267343
1.6548485
1.698324
1.6097946
1.7661573
1.6942158
1.6647618
1.7133698
1.741782
1.7606223
1.7870905
1.7125001
1.7554579
1.7988291
1.6556425
1.6743542
1.8100345
1.6100497
1.8052254
1.9852871
1.736054
1.6272155
1.769941
1.814259
1.6690263
1.6850004
1.6900192
1.6633092
1.6554914
1.6407592
1.6769328
1.6902341
1.717072
1.7402997
1.7174073
1.6643932
1.7293925
1.7179574
1.6412922
1.9316885
1.6418211
1.6664611
1.653656
1.6090534
1.6454842
1.5866753
1.7208028
1.6154275
1.6477845
1.7278216
1.650155
1.660627
1.6255774
1.7492309
1.6068377
1.6241177
1.7653477
1.6604202
1.6629512
1.667663
1.8062873
1.6548275
1.6705157
1.7007481
1.6736693
1.6670352
1.5884489
1.5903351
1.6855055
1.6729699
1.7749742
1.613831
1.7379504
1.6803504
1.6919014
1.7356802
1.5839858
1.8012995
1.641733
1.673337
1.6762698
1.6868852
1.8095173
1.5884935
1.62865
1.7344846
1.7268808
1.6469257
1.7627418
1.6534684
1.6911411
1.7021455
1.7174747
1.6362795
1.6423091
1.7241331
1.7048112
1.6395236
1.6825268
1.7922308
1.6388432
1.6377792
1.7420845
1.7129765
1.682762
1.5964252
1.6589918
1.6237917
1.6694907
1.5691599
1.6662536
1.6138233
1.6509414
1.6129785
1.649515
1.6741717
1.586233
1.6647184
1.6634008
1.6754309
1.6877373
1.6894913
1.746033
1.6444497
1.700187
1.6485373
1.755285
1.6536604
1.670105
1.6862433
1.6497153
1.5930947
1.6432389
1.718865
1.6201568
1.5734627
1.6240087
1.6099423
1.6475058
1.596572
1.6886523
1.5806594
1.7120179
1.6164804
1.6790284
1.5919034
1.6023837
1.6433576
1.7043208
1.7151809
1.8000288
1.7113422
1.7769397
1.7635975
1.6792047
1.907422
1.9186821
1.5961027
1.583316
1.9389495
1.933082
1.6499807
1.7550976
1.9713061
1.6244897
1.7209946
1.7193539
1.768942
1.7726502
1.6305199
1.6411371
1.6927098
1.6369785
1.6869162
1.7727153
1.7396977
1.6950718
1.9694805
1.6600324
1.7070493
1.9747043
1.607141
1.6579791
1.6638744
1.6720623
1.7267472
1.6247245
1.6598078
1.6896396
1.8932097
1.7231218
1.67447
1.6553235
1.8206062
1.7966709
1.684175
1.6691815
2.056479
1.738071
1.6888579
2.0481758
1.7341375
1.8966244
1.775552
1.7370155
1.668149
1.8856496
1.5922985
1.6201067
1.843788
1.6162068
1.730283
1.7273117
1.89212
1.7026932
1.724766
1.6569521
1.8957375
1.6753746
1.722853
1.7349284
1.9150063
1.6151235
1.6556146
1.671191
1.6022835
1.7107494
1.6838323
1.7049677
1.7988898
1.674177
1.7454182
1.7004877
1.6480813
1.7024597
1.6157423
1.8224965
1.6439222
1.6470463
1.7191263
1.8652833
1.6429464
1.7956144
1.9468316
1.7299638
1.5978749
1.7540343
1.854999
1.802718
1.5943213
1.6722978
1.7198337
1.8136858
1.7970783
1.5938607
1.5907669
1.6963272
1.8793406
1.7464794
1.6422775
1.6395164
1.7653563
1.735302
1.6626725
1.6256375
1.6677485
1.7492822
1.858595
1.6260707
1.8132257
1.9995495
1.709472
1.6437358
1.9567171
1.9742247
1.739704
1.746323
1.9066615
1.8592252
1.7888695
1.6619765
1.676501
1.700098
1.6311923
1.629287
1.7685088
1.6797276
1.664651
1.6645982
1.6525719
1.8408262
1.6388129
1.6971122
1.6231114
1.715499
1.7271469
1.8050096
1.664894
1.668792
1.7169795
1.7026347
1.9371693
1.6969048
1.6495262
1.7641273
1.6937268
1.6333373
1.6522684
1.8320513
1.8344553
1.6389397
1.6291578
1.6317255
1.675191
1.7917652
1.7231773
1.6380498
1.8118898
1.7160978
1.7654549
1.6657926
1.7160121
1.7007033
1.8129003
1.597344
1.6652082
1.7043157
1.6476672
1.7066448
1.6504697
1.7567652
1.7239232
1.628283
1.6363227
1.658265
1.5773182
1.6224732
1.8087705
1.6273497
1.6475952
1.7561285
1.6502736
1.5915921
1.6578248
1.6361648
1.6597694
1.7742939
1.7170697
1.640491
1.696961
1.7322253
1.8335599
1.6466714
1.599633
1.6596364
1.8459135
1.6984857
1.6740258
1.6118783
1.7075062
1.7460568
1.7876844
1.6034998
1.6695569
1.8401222
1.6567705
1.744964
1.642841
1.8303852
1.6731
1.6528658
1.6772797
1.686564
1.6617396
1.6135335
1.6676522
1.5753888
1.6767375
1.6130695
1.5786355
1.643884
1.6633363
1.6224345
1.5695298
1.6784155
1.5553894
1.5824653
1.6187165
1.6614165
1.58083
1.5921454
1.7202427
1.6048235
1.7800593
1.6492138
1.723396
1.6189915
1.7219529
1.6617529
1.6439255
1.8803842
1.6288127
1.6169283
1.6639632
1.7647765
1.8029848
1.6609615
1.7626448
1.9126768
1.6030034
1.7114595
1.9881332
1.6996598
1.6169828
1.7188668
1.8164008
1.6836746
1.6653206
1.6328441
1.7452942
1.8356339
1.7522012
1.654516
1.5895457
1.631036
1.8113648
1.6536314
1.7553365
1.7087728
1.7689611
1.7412707
1.8844565
1.635102
1.6220214
1.6588175
1.609546
1.6629297
1.7794118
1.7001652
1.650836
1.7596717
1.9796494
1.6621429
1.683546
1.5867445
1.6088438
1.6495818
1.7959164
1.6243825
1.627282
1.6197143
1.6643713
1.6703677
1.6400589
1.6664157
1.619724
1.5951927
1.624538
1.5727574
1.6263827
1.5634007
1.7600335
1.6471157
1.6261623
1.6752472
1.5735297
1.6341177
1.6654242
1.6672806
1.5824635
1.6091082
1.7601265
1.5596117
1.6365954
1.8652915
1.9041554
1.6436398
1.6242177
1.5742877
1.7959164
1.7713151
1.5723002
1.6616507
1.6835945
1.6491319
1.9486654
1.5915047
1.6075817
1.6629
1.6929213
1.6429532
1.654445
1.7503839
1.6612359
1.5978905
1.8684459
1.6949197
1.753048
1.6497855
1.7448
1.8966693
1.662249
1.6362625
1.6833766
1.6091955
1.8086908
1.6146023
1.6341171
1.6863147
1.7459825
1.6393727
1.8294585
1.7111815
1.6883538
1.631569
1.6605167
1.807094
1.6456002
1.6665835
1.6026741
1.700212
1.6512258
1.6117518
1.5881445
1.5940943
1.6495699
1.729526
1.6569133
1.6600353
1.6807204
1.6949325
1.6451179
1.5781345
1.624575
1.6001385
1.7021438
1.6152191
1.6060495
1.6273538
1.568099
1.6268637
1.7027545
1.6689143
1.588467
1.5691712
1.7354026
1.830633
1.7161903
1.5923008
1.6015123
1.6410497
1.650609
1.6254323
1.6944704
1.6183715
1.6736104
1.7102393
1.7629918
1.6416076
1.715598
1.6262838
1.5786703
1.7710012
1.6242458
1.604456
1.6233448
1.6403825
1.661644
1.6588378
1.6413865
1.6389285
1.7846547
1.6355307
1.732394
1.6066251
1.5874965
1.736962
1.7152255
1.6274589
1.7779436
1.6706207
1.6485248
1.6684213
1.6665974
1.6087449
1.6242269
1.6446286
1.5796762
1.5614119
1.6095705
1.626612
1.6642761
1.6938913
1.586706
1.5784605
1.752628
1.5837344
1.7370203
1.6107545
1.6317534
1.6735181
1.8875319
1.7062125
1.5633049
1.692121
1.800585
1.925257
1.589422
1.6918527
1.6999085
1.7864136
1.5475622
1.6742479
1.7429798
1.6590283
1.7316407
1.62996
1.7400749
1.6644897
1.7739673
1.7377199
1.6778891
1.6598858
1.6403475
1.5891597
1.5614042
1.728375
1.6396103
1.721894
1.7106582
1.6323973
1.5785564
1.617608
1.7623655
1.7981793
1.6333019
1.6027133
1.6683024
1.8654765
1.6791372
1.5942012
1.5773815
1.6014322
1.8428416
1.6460885
1.6489041
1.69878
1.6774452
1.6666418
1.6891313
1.7265636
1.6087848
1.850791
1.8004144
1.6200435
1.7938148
1.6247507
1.6929023
1.627267
1.6068127
1.684184
1.6818496
1.6734645
1.6435943
1.6167618
1.6602328
1.6198562
1.5534415
1.6227278
1.6425024
1.6866901
1.688037
1.558082
1.6966403
1.7041527
1.584236
1.5848534
1.6600342
1.5883061
1.7132596
1.7325647
1.5634656
1.6647663
1.6146102
1.744249
1.6486175
1.611294
1.5731993
1.6990902
1.7519859
1.6030368
1.5629445
1.6653254
1.6974064
1.5642143
1.636459
1.6462444
1.7017819
1.6620241
1.6751314
1.6300228
1.7086295
1.8672994
1.6801466
1.6741995
1.6128473
1.6543653
1.7015858
1.7356385
1.5637858
1.556286
1.722585
1.7560122
1.5663135
1.6391495
1.7726878
1.7671107
1.6824442
1.6012127
1.630163
1.7126483
1.7656525
1.6362717
1.6600018
1.6513376
1.7272062
1.7156519
1.678296
1.5849068
1.7785884
1.6953784
1.6234674
1.5844032
1.8756485
1.7138197
1.639663
1.72273
2.1366634
1.606837
1.671324
1.6679177
1.8093977
1.8833033
1.5780351
1.5786532
1.7843603
1.8004627
1.87778
1.8031932
1.6083525
1.6561689
1.687551
1.7746685
1.6862707
1.7078048
1.59537
1.738651
1.8800205
1.6781132
1.5993859
1.7453755
1.9176672
1.6339042
1.6334823
1.6667392
1.6036502
1.6284546
1.5782769
1.6814775
1.6635025
1.6623577
1.6835667
1.6141441
1.6035227
1.5481793
1.5809888
1.723815
1.5938172
1.5689098
1.5956087
1.6785008
1.6098002
1.5962178
1.634962
1.581567
1.61746
1.680778
1.5921042
1.6221925
1.615231
1.8224597
1.7131286
1.5926428
1.6393981
1.7732612
1.7828948
1.5880997
1.5907952
1.6326238
1.6439791
1.5874878
1.6004375
1.5950732
1.7328242
1.6524312
1.6442705
1.5513254
1.610237
1.6759492
1.5757267
1.61208
1.6550097
1.5516123
1.6671748
1.8243692
1.6455276
1.7268548
1.6418128
1.795948
1.6098847
1.6552325
1.6543206
1.6107682
1.6085426
1.5937198
1.5550215
1.5736221
1.5738018
1.5732177
1.594407
1.6402189
1.6416887
1.5749427
1.6201712
1.6731328
1.634778
1.5879086
1.6655803
1.6914388
1.575284
1.607603
1.566749
1.5648732
1.6720191
1.604883
1.5894773
1.5659068
1.6127375
1.6750377
1.5605177
1.6230352
1.5942254
1.594822
1.5709761
1.5863148
1.6181455
1.6244506
1.5458947
1.601832
1.6041498
1.5656945
1.6037983
1.6039909
1.706716
1.6298587
1.6412512
1.6830637
1.5659229
1.5900698
1.5922225
1.6103907
1.6060505
1.6632737
1.6501815
1.6849713
1.6146332
1.5623637
1.5909059
1.741652
1.6206745
1.6834735
1.5927305
1.7352419
1.5998421
1.6162469
1.5935707
1.7561122
1.5839707
1.6033303
1.6541986
1.6203882
1.620314
1.642105
1.5541033
1.622311
1.5665029
1.6053007
1.5792552
1.540728
1.5910692
1.6095978
1.5808513
1.6692384
1.5316957
1.6055125
1.6456583
1.7588799
1.5446452
1.5836185
1.6087368
1.64437
1.6707883
1.5739038
1.6546694
1.6779063
1.5886505
1.5955752
1.6888982
1.6691723
1.592247
1.6130975
1.6018295
1.6155405
1.6324855
1.6151619
1.5920962
1.5752919
1.5627513
1.6171533
1.5452409
1.592979
1.6348474
1.5740405
1.6246697
1.6191796
1.6703421
1.6152272
1.6242243
1.7835913
1.5852218
1.6513557
1.6002963
1.7190355
1.5428252
1.5841099
1.6029015
1.6438948
1.545734
1.5609969
1.5984012
1.6710399
1.6927903
1.5593363
2.0063376
1.697172
1.6701258
1.5974582
1.6584281
1.7192888
1.7320515
1.5929648
1.6034001
1.6247735
1.7345272
1.645424
1.6263313
1.5798502
1.6509115
1.6568025
1.6492938
1.5775665
1.5850255
1.6406307
1.6156685
1.661323
1.6808801
1.5597948
1.6219692
1.5756962
1.5530858
1.544952
1.6011543
1.7398815
1.5448039
1.5545955
1.6324412
1.5965209
1.6560627
1.665968
1.6179801
1.5766064
1.6070487
1.7384411
1.6676923
1.6074667
1.6475471
1.7195355
1.782549
1.640025
1.5956169
1.5741065
1.7449868
1.739634
1.5968498
1.676911
1.6177177
1.670174
1.5938853
1.5783567
1.5350995
1.6008726
1.7992767
1.6418701
1.618553
1.6204195
1.7456758
1.7594516
1.5492723
1.6903143
1.6494627
1.702398
1.616643
1.6372948
1.687439
1.6938872
1.6998297
1.7113295
1.597646
1.6142102
1.6210036
1.6472002
1.7311047
1.6580161
1.5571642
1.632346
1.6686963
1.5941471
1.5620034
1.580649
1.5723127
1.5652827
1.5907588
1.5789714
1.5924138
1.5846397
1.5730375
1.6084399
1.6433835
1.667096
1.574739
1.5528958
1.6421772
1.6974076
1.5988013
1.5751092
1.6303731
1.6115273
1.5952327
1.6088369
1.6601177
1.5903114
1.693224
1.603896
1.5607913
1.5944296
1.5822792
1.8032615
1.6664225
1.6424448
1.5757015
1.56509
1.637127
1.6116979
1.5643952
1.5868073
1.6042842
1.5578912
1.800957
1.9206123
1.8505973
1.6111345
2.0445235
1.7839495
1.7504297
1.6167412
1.6022873
1.647398
1.7150905
1.684109
1.5613436
1.6400609
1.5344322
1.5641676
1.703441
1.6901094
1.6399659
1.5871552
1.6455698
1.7067803
1.6612227
1.6614251
1.5894831
1.6479858
1.588098
1.6353714
1.6020255
1.6132071
1.6269797
1.5460005
1.6273179
1.5558857
1.5440859
1.6421068
1.6461388
1.5604092
1.6704592
1.6046535
1.6710579
1.5904713
1.601465
1.7047137
1.5960737
1.5484533
1.5811652
1.6173812
1.5499771
1.5909988
1.5934234
1.6235685
1.6356115
1.581509
1.6109099
1.5682752
1.5775833
1.671315
1.6129693
1.6508746
1.6246988
1.6319104
1.5996722
1.6733685
1.628003
1.590213
1.708325
1.6501212
1.5906965
1.599522
1.6489576
1.6218604
1.6103898
1.5999345
1.5419801
1.6303287
1.6999494
1.583046
1.5749112
1.554525
1.597964
1.6535311
1.635025
1.5577857
1.5735953
1.5737593
1.590304
1.5923815
1.5717436
1.648319
1.540754
1.5346628
1.5569354
1.573328
1.5704308
1.5464792
1.5615461
1.5862237
1.5721037
1.5791283
1.6256913
1.5665092
1.5721134
1.571619
1.6063813
1.6287932
1.5640073
1.5658305
1.5398482
1.5925553
1.747122
1.5554793
1.6559964
1.5943288
1.533211
1.6016414
1.5992795
1.7175896
1.573782
1.739137
1.6899397
1.6100878
1.5964507
1.5685225
1.5886436
1.6141415
1.5695958
1.6128697
1.6526257
1.5821127
1.6412325
1.62661
1.6336429
1.6207821
1.5978224
1.6301067
1.5542765
1.7233444
1.764566
1.5781788
1.7941734
1.8975084
1.6336213
1.5887055
1.7050853
1.596364
1.6841216
1.6120749
1.7019355
1.5598896
1.6232846
1.5908382
1.5783885
1.5742395
1.601056
1.6371204
1.6573403
1.6206645
1.5995703
1.7471242
1.6965475
1.6240773
1.642607
1.6770933
1.7772162
1.5449462
1.6361703
1.6934525
1.6447122
1.6375062
1.6079695
1.586347
1.6048257
1.5525563
1.618802
1.6091727
1.6491574
1.6569662
1.623999
1.5469637
1.7124221
1.8913645
1.680461
1.6623701
1.9603093
1.7231109
1.639222
1.65392
1.5986388
1.6451806
1.6566949
1.6711278
1.5620842
1.7232603
1.6484315
1.6324762
1.559649
1.6069057
1.5841998
1.6509326
1.5598446
1.5411928
1.5828923
1.5595527
1.6129575
1.5500745
1.5364382
1.5318238
1.578102
1.6132427
1.6571069
1.5598419
1.5963396
1.6742872
1.5671875
1.561246
1.55176
1.5602562
1.5660843
1.538516
1.6159623
1.5798973
1.5657053
1.643892
1.5652168
1.5852245
1.6286256
1.6613576
1.5849627
1.6032671
1.6460347
1.5493946
1.6127329
1.613202
1.5356512
1.5354481
1.5603303
1.5459352
1.5761532
1.5450077
1.5766193
1.5516489
1.5664518
1.6269641
1.5664489
1.5599598
1.6349435
1.5779222
1.6065248
1.5553206
1.6320437
1.7334471
1.6196182
1.5538323
1.5698128
1.6052945
1.6546642
1.6771805
1.5616188
1.5749489
1.6092709
1.8594595
1.5979623
1.590461
1.6781013
1.7239548
1.6959403
1.6016438
1.6171145
1.8328575
1.7843153
1.58997
1.5796168
1.5684129
1.867993
1.8437909
1.5947365
1.6389681
1.8608607
1.6856128
1.6619365
1.6314008
1.653567
1.7605685
1.6315604
1.7222053
1.8352365
1.6315187
1.5812415
1.7939352
1.8121278
1.7188537
1.6186305
1.6347977
1.5752594
1.7162809
1.7232188
1.7304928
1.6130972
1.595619
1.7045493
1.5863438
1.7335383
1.7071546
1.5773523
1.7205129
1.6534338
1.6535002
1.8068618
1.6641972
1.6604155
1.6018765
1.685965
1.6462042
1.6790828
1.6993277
1.6335677
1.5566096
1.6588788
1.6383106
1.5994945
1.6789981
1.697335
1.5428255
1.6762607
1.5732604
1.5817542
1.6646196
1.5836102
1.620374
1.6125805
1.6257182
1.672265
1.6182636
1.5499564
1.7393
1.645833
1.6040972
1.5742128
1.6168526
1.7758367
1.5934342
1.643323
1.6796057
1.5916009
1.6928626
1.6985565
1.5815268
1.5757428
1.5864313
1.587246
1.6933297
1.6855413
1.6025393
1.5607209
1.6323731
1.5642865
1.6100558
1.579525
1.5725645
1.6903931
1.5540928
1.6086246
1.64599
1.6021868
1.5811845
1.6397768
1.5868883
1.5558611
1.5784752
1.7068933
1.585031
1.5748249
1.5656246
1.6323298
1.5598471
1.5464934
1.5873129
1.5771515
1.8521726
1.6463562
1.5618483
1.7517071
1.7348487
1.6944792
1.5232146
1.5750505
1.6671227
1.7959408
1.5929335
1.5674483
1.6239115
1.667346
1.586377
1.7953805
1.6463548
1.6770607
1.6258787
1.5950344
1.6280046
1.6940817
1.6289768
1.5407035
1.6136912
1.605637
1.5764158
1.6741313
1.6505628
1.61161
1.6069868
1.6241891
1.588654
1.6657298
1.65358
1.6141157
1.6976342
1.6216074
1.615854
1.7111098
1.6289225
1.7529765
1.5594655
1.6298007
1.921743
1.7774007
1.5660694
1.6224797
1.5990677
1.6483246
1.638434
1.5896503
1.549494
1.5590192
1.6295797
1.6683643
1.605067
1.6855865
1.6842643
1.5572733
1.6344935
1.5831424
1.5939616
1.591689
1.5449666
1.5362407
1.6856945
1.5936277
1.5857064
1.5588827
1.6001318
1.5536072
1.5944525
1.6120124
1.5847379
1.6080407
1.653625
1.6519685
1.5507047
1.566237
1.5649623
1.7221483
1.6709601
1.600528
1.5757397
1.6375097
1.603741
1.6760153
1.5677005
1.61698
1.6384652
1.6849056
1.6572707
1.5899247
1.7870396
1.7580016
1.6252172
1.7468427
1.5567987
1.6142092
1.6739335
1.6331688
1.5985965
1.5770278
1.5745368
1.5580866
1.5922942
1.6216305
1.5841907
1.5800288
1.7205364
1.5783283
1.5537453
1.5582837
1.6566272
1.5784659
1.6624205
1.5565753
1.6386943
1.5982708
1.6730024
1.663079
1.7199702
1.6846
1.611551
1.9101022
1.7402595
1.610157
1.575061
1.640771
1.6940548
1.5583693
1.5399871
1.6077898
1.5883962
1.7130808
1.5500095
1.5266558
1.5857177
1.6326288
1.6445775
1.7006494
1.5724682
1.5461148
1.6183296
1.662563
1.6220529
1.5603025
1.639069
1.5974835
1.5602102
1.5760959
1.5458119
1.5921803
1.6266427
1.5859697
1.5289314
1.7053442
1.7285337
1.587206
1.5572538
1.6070571
1.572769
1.6319035
1.5630871
1.5840664
1.6351558
1.570562
1.6565815
1.6030812
1.5577505
1.5397627
1.6369605
1.7438129
1.5996888
1.5719919
1.5776405
1.616489
1.7287
1.6452396
1.6158236
1.5709016
1.6441245
1.74087
1.5785087
1.579703
1.5677044
1.5613209
1.6969236
1.5744071
1.5931742
1.6156918
1.5412457
1.578261
1.569727
1.6962265
1.6823974
1.5702869
1.6057888
1.6602508
1.6109521
1.6239028
1.6422517
1.6151128
1.6798412
1.6838263
1.6998773
1.544536
1.5591606
1.6992655
1.5969353
1.7089123
1.5650951
1.6967002
1.6517999
1.6172245
1.5689965
1.5771219
1.5881925
1.6811807
1.6211753
1.5927551
1.6563698
1.6139864
1.5934973
1.5678293
1.5601375
1.6138805
1.6071043
1.5877342
1.609975
1.6152295
1.5804847
1.5740644
1.61583
1.5747867
1.5492359
1.666701
1.7323571
1.5411171
1.641301
1.6198045
1.7827197
1.5872715
1.6368055
1.5788174
1.5995733
1.7162901
1.7208267
1.5884442
1.5854362
1.740683
1.562535
1.5817403
1.6569875
1.6789366
1.6589866
1.619834
1.6877981
1.559358
1.6042442
1.7204255
1.7668115
1.7256975
1.63992
1.6538795
1.6870443
1.7015047
1.5902648
1.6362549
1.6777372
1.6718261
1.5908045
1.5777112
1.6286457
1.6402682
1.6183437
1.5787334
1.6111466
1.7329935
1.5889157
1.5736859
1.6549265
1.5668141
1.5782624
1.6559807
1.6647289
1.5814468
1.5967736
1.6313955
1.5755192
1.6310922
1.5606848
1.5686133
1.5601063
1.5826164
1.778874
1.5631521
1.522922
1.6306975
1.5388935
1.5774648
1.5613409
1.57051
1.5573984
1.5611542
1.5785799
1.5530667
1.5704788
1.6346878
1.5804436
1.666121
1.5959646
1.5644721
1.6009438
1.5693157
1.5672878
1.7503235
1.5490782
1.5643291
1.6039155
1.5784183
1.6313818
1.5824746
1.6400073
1.5537994
1.5763944
1.542366
1.5542322
1.6041484
1.5993047
1.562414
1.6296427
1.5819359
1.5951135
1.5306826
1.5821774
1.6918784
1.5271769
1.5695885
1.6924073
1.577891
1.5895393
1.5561455
1.6234993
1.5375525
1.612011
1.6286215
1.662916
1.577831
1.6476398
1.762655
1.5746998
1.5268469
1.6444757
1.5885053
1.5979772
1.5669123
1.609156
1.6949435
1.6154145
1.6151344
1.6152273
1.5752337
1.5916837
1.5868806
1.608996
1.6391735
1.5749859
1.5351173
1.5742087
1.628294
1.5775949
1.6086752
1.525478
1.567948
1.5786332
1.597588
1.5871145
1.6039824
1.5312597
1.52328
1.5818232
1.536903
1.5954018
1.5655997
1.5981874
1.5626477
1.630032
1.6075243
1.6109418
1.7129003
1.5849862
1.6052054
1.5877416
1.5515022
1.7084508
1.733153
1.5832845
1.6123815
1.716639
1.5625432
1.6319168
1.5765505
1.5578377
1.5369843
1.5547189
1.5376365
1.6526206
1.6271262
1.6976044
1.5783868
1.6460776
1.6102246
1.6104208
1.5243126
1.6168375
1.6251076
1.578737
1.7882029
1.5392382
1.6461295
1.6731035
1.6554772
1.6426963
1.5745279
1.6051377
1.5717572
1.7375455
1.6029408
1.545402
1.5521908
1.6579064
1.6193699
1.693949
1.6772982
1.5837417
1.707314
1.6361663
1.6758398
1.7565334
1.665065
1.678474
1.5733232
1.6542993
1.5875915
1.7350565
1.5952588
1.5298973
1.5539914
1.7225255
1.5997539
1.564985
1.5337907
1.5634845
1.5869048
1.5390929
1.6613212
1.5928478
1.5546049
1.6371323
1.5958202
1.6078823
1.6032757
1.5910232
1.6402705
1.8455191
1.6769352
1.6267781
1.59848
1.6555394
1.6538249
1.6837687
1.5930878
1.5558405
1.5702157
1.5879645
1.684547
1.58848
1.5932615
1.570683
1.5391535
1.633732
1.557591
1.5418952
1.6864469
1.5962957
1.5642354
1.5621867
1.5554627
1.5850673
1.5466565
1.5465689
1.5821732
1.5423023
1.5619628
1.5570632
1.6136758
1.6743128
1.5943075
1.6018417
1.5792555
1.5612057
1.6215465
1.8110973
1.6387618
1.5987351
1.7777346
1.7245603
1.655507
1.6169709
1.546713
1.6801777
1.7096635
1.5752105
1.594088
1.5662706
1.7300557
1.6424204
1.6233207
1.7437258
1.6614903
1.5406787
1.5823979
1.6557387
1.6686457
1.5935572
1.612463
1.6241363
1.6772891
1.6331397
1.6137115
1.6522204
1.5881685
1.6011692
1.6460861
1.6266087
1.604188
1.5712352
1.5953336
1.6091237
1.6085094
1.6857175
1.5795618
1.5317392
1.5775204
1.5365845
1.7673565
1.5945448
1.6228158
1.5603892
1.5473759
1.5891888
1.6139104
1.592093
1.5997827
1.5340223
1.5560725
1.7183332
1.5783964
1.5365665
1.5861263
1.577232
1.5657762
1.6243671
1.5235709
1.6118009
1.595608
1.541299
1.5465679
1.5497702
1.5846562
1.5926405
1.5500787
1.6273363
1.591402
1.5976558
1.5528275
1.6182103
1.5626755
1.5480695
1.5949572
1.5660086
1.5352753
1.5714163
1.5856901
1.5804777
1.5837108
1.5583417
1.5896845
1.6337649
1.6044493
1.6182269
1.5807517
1.7273345
1.5918022
1.5597688
1.662729
1.636192
1.5836855
1.5576293
1.5349197
1.5570065
1.5611875
1.6211977
1.7089821
1.5429686
1.5607398
1.6213715
1.6093855
1.736147
1.6001078
1.5482955
1.6360233
1.6926028
1.6156031
1.5292006
1.6266803
1.7414217
1.6634662
1.6253451
1.5562035
1.544544
1.575654
1.5853089
1.5754203
1.7080781
1.6479241
1.5425237
1.6693543
1.6521509
1.5524492
1.623966
1.6183172
1.5971103
1.6588957
1.60755
1.5320505
1.6259855
1.6363215
1.6218207
1.7071403
1.6911682
1.571118
1.697316
2.0147376
1.6095672
1.8315878
1.5834552
1.6764284
1.6724118
1.7925526
1.6459459
1.5198065
1.5873507
1.7029117
1.6843357
1.6180127
1.5553218
1.5621196
1.5957267
1.5646143
1.6430501
1.5659095
1.62652
1.6004078
1.6398947
1.5559083
1.5346152
1.5959717
1.6099234
1.5586501
1.5651337
1.6606613
1.5788075
1.522778
1.5605625
1.7113594
1.6363051
1.5789403
1.5826603
1.6387267
1.7343075
1.6780326
1.5636163
1.695739
1.6392132
1.6193212
1.5388998
1.5434175
1.7045825
1.7377955
1.5821283
1.6145387
1.598076
1.7266577
1.7277131
1.5743408
1.572486
1.5657008
1.5916367
1.6312122
1.7383395
1.7691342
1.7162875
1.5501542
1.7472684
1.7958337
1.6102637
1.6479281
1.600126
1.5729611
1.5822266
1.774834
1.5761478
1.565019
1.6426655
1.5920668
1.5947381
1.60242
1.6055255
1.5781314
1.5981168
1.5963275
1.613917
1.7172287
1.6200255
1.6913846
1.5814618
1.6181949
1.5538667
1.647209
1.5361075
1.5401089
1.6105412
1.5258492
1.5260555
1.5379606
1.5720989
1.6255807
1.5548397
1.6202989
1.5915238
1.646694
1.6356709
1.5790327
1.6201854
1.7468243
1.8734909
1.5513543
1.5818045
1.6730362
1.7530732
1.6039565
1.7004892
1.6886493
1.6102817
1.6757143
1.7239307
1.8041728
1.6389472
1.553351
1.6270252
1.6062288
1.57441
1.579818
1.6661065
1.6688106
1.6054406
1.6660713
1.5921233
1.8249482
1.658632
1.6517264
1.564452
1.7557582
1.6295116
1.5768275
1.5835345
1.5510253
1.598555
1.8137009
1.6311297
1.6644682
1.7484913
1.7930963
1.5652485
1.655891
1.5725913
1.6058438
1.5859218
1.6725907
1.6088881
1.605494
1.5986743
1.6162184
1.5432035
1.6341133
1.5581322
1.5806737
1.5966135
1.6106035
1.5682127
1.5669605
1.573941
1.580126
1.6083262
1.6597575
1.5967147
1.5603919
1.6641787
1.6326458
1.5937672
1.7511723
1.5738243
1.6045755
1.5602212
1.6106435
1.7731428
1.5456008
1.5384872
1.5293688
1.6302085
1.811058
1.6290635
1.5274404
1.569075
1.5973207
1.5437043
1.672846
1.585988
1.5974301
1.5871466
1.6384903
1.5593011
1.5834458
