25.843182
26.324032
25.967552
25.4242
26.06514
25.49974
25.946356
25.470491
25.723572
25.557528
25.33822
25.294231
25.41029
25.049679
25.540035
24.809284
25.381796
24.945955
24.970802
24.926346
24.444515
24.53422
24.598536
23.417912
24.96892
25.01552
24.392311
24.306805
24.253296
24.129044
24.234589
24.477468
23.908983
24.042427
24.32518
24.233543
23.55764
23.396412
23.705963
23.8279
23.273098
23.515545
22.863047
22.940193
23.130207
22.827679
22.276993
22.782888
22.78274
22.066793
22.07688
21.576088
20.61092
21.63954
20.874172
20.501823
20.674164
20.867603
20.659956
19.634912
19.742523
19.752337
19.683706
19.13566
18.880957
18.73426
18.653185
18.52774
18.507612
18.240269
17.481028
17.838936
17.449047
17.999928
17.60928
17.213188
16.769037
16.757736
16.216255
16.238373
16.465048
15.253043
15.28835
15.059658
14.276666
13.902874
13.658423
13.98462
13.2862
12.694148
12.154816
13.041114
12.647496
12.085836
12.034103
11.773528
11.520592
11.280002
11.0821495
10.66445
10.147446
10.019688
9.761006
9.352896
8.959934
8.480309
8.611746
8.97629
8.497649
8.581254
8.275494
8.40227
8.684714
8.65521
8.586807
8.424702
8.168689
8.4872875
8.539052
8.540916
8.385372
8.213608
7.932346
7.3227253
8.038339
7.2370114
7.495324
7.776924
8.100031
7.672337
7.877377
7.59773
7.470531
7.620588
7.767609
7.3977
7.76166
7.4572134
7.6551332
7.1273847
7.24933
6.9313364
7.2594047
7.64622
6.978069
6.66564
7.0174975
6.923832
6.766054
6.8050084
6.919906
6.605689
6.783305
7.36173
6.884548
6.839558
7.1111093
6.6713853
7.099069
6.657581
6.668925
7.048185
6.823208
6.683266
6.922221
6.6424694
6.7909284
6.344121
6.571552
6.5689497
6.326719
6.627893
6.464369
6.780098
6.5272684
6.3647103
6.185187
6.348394
6.071455
5.6918373
6.041324
5.780546
5.742981
6.0018206
6.240551
5.44801
6.118539
6.0922446
6.1365967
6.1882906
6.373477
6.241154
6.008046
5.8998504
5.7726483
5.903467
5.3455844
5.313901
5.5611944
5.397966
5.6076403
5.5799966
5.8204136
5.598372
5.8952246
5.7755146
6.050709
5.970285
6.1084285
5.8234634
5.9897914
5.4129877
5.4341474
5.751986
5.4636803
5.1458945
5.3359504
5.4136415
5.028772
5.1096473
5.372356
5.328126
5.4008784
5.1228204
5.426974
5.515771
5.177026
5.470758
5.279142
5.501557
5.636811
5.2876763
5.489202
5.1134
5.3914146
5.3706493
5.3907046
5.164978
5.227285
5.279596
5.295614
5.434306
5.1343374
5.347934
5.1868997
4.9675
5.103292
4.8350077
5.065527
4.752983
5.009923
4.701845
4.74301
4.816715
4.953159
4.863161
5.1673064
5.1027985
4.857421
5.1010685
4.872569
5.02939
5.008508
4.9557858
5.0598936
4.8147483
5.3256316
5.0249248
5.055745
5.049812
5.235154
4.91622
5.222834
4.705047
5.3315024
5.055933
4.9143624
4.778048
4.8825274
5.241932
4.8712707
4.793064
4.843094
4.869404
5.0405374
4.9719014
4.5706015
4.8061194
4.540391
5.243323
5.0245733
4.598849
4.836985
4.669022
5.08144
4.926668
4.741871
4.592107
4.438952
4.770611
4.831873
4.285034
4.474178
5.0284123
4.643583
5.115818
4.8911324
4.795834
4.6989684
4.6377053
5.158205
4.76069
4.6313214
4.516164
4.752552
4.475023
4.6645503
4.489324
4.221355
4.4965754
4.599522
4.2593603
4.506688
4.322197
4.577703
4.3933563
4.653242
4.517477
4.453727
4.2554154
4.70588
4.63598
4.63917
4.296691
4.535883
4.2595396
4.4129634
4.2645335
4.5404353
4.2094
4.1482506
4.3254924
4.475649
4.1489034
4.389907
4.4802628
4.2712355
4.320743
4.423124
4.112528
4.2385683
4.454753
4.372022
4.6480184
4.122651
4.168686
4.194792
4.1828814
4.451076
3.9921186
4.099677
4.3750515
4.126932
4.15334
4.4793043
4.230356
4.0507317
4.117747
4.230496
4.3661304
4.02349
4.2129054
4.353745
4.2300615
4.399807
3.9306796
4.4786363
3.9970028
4.1791215
4.134593
4.128778
4.034777
3.9215128
3.957696
3.6982255
4.0210247
4.231633
4.0310917
3.8056896
3.837351
4.142487
4.1776266
4.0208807
3.732466
3.8772755
3.6628823
3.7366054
3.8478372
3.8324156
4.307375
4.227852
3.8956745
4.183766
3.95402
3.7393615
4.0653505
4.293166
3.7925975
4.003066
3.933778
3.8444672
3.9480076
3.8393214
4.0236764
3.984925
3.9322267
4.0350595
3.8160975
3.7125828
3.6342094
3.698292
3.4397178
3.869377
3.613701
3.5909367
3.6333394
3.784388
3.6477294
3.8156636
3.7625444
3.894991
3.7476985
3.810678
3.8684626
3.8932693
3.6571405
3.6564956
3.592547
3.996195
3.5457988
3.7005706
3.8445256
3.682106
3.7412086
3.6488755
3.6498344
3.7297275
3.8601542
3.6054044
3.632921
3.9260952
3.854831
3.7756588
3.7742345
3.760493
3.7524145
3.79228
3.9752245
4.0262384
3.5647953
3.7910438
3.5322106
3.548686
3.62514
3.5058806
3.500229
3.5940876
3.7417867
3.7076235
3.4398723
3.7906566
3.7699156
3.672376
3.4777274
3.400699
3.464219
3.3584445
3.6752417
3.3934753
3.3196185
3.242112
3.4365945
3.544477
3.1692078
3.276055
3.5812442
3.3032224
3.378083
3.7112272
3.602067
3.4488175
3.323679
3.6699545
3.5478125
3.6459439
3.8365712
3.8042247
3.6917086
3.528563
3.5923946
3.626649
3.6646316
3.478786
3.4624856
3.4605858
3.258068
3.271228
3.1010716
3.1379492
3.4085813
3.2148697
3.191743
3.3481565
3.2980142
3.142699
3.1361685
3.0590613
3.3069935
3.285716
3.36437
3.1443455
3.4214292
3.4668477
3.2555325
3.3622584
3.5762925
3.5151422
3.459126
3.493618
3.3745131
3.4364321
3.4935749
3.5415375
3.6044564
3.4703984
3.300648
3.466314
3.2202208
3.3648524
3.3076506
3.2152267
3.238543
3.277829
3.326965
3.3602
3.4949915
3.161897
3.3815694
3.3959806
3.2317455
3.10462
3.1776564
3.3582273
3.3136408
3.2665617
3.1649804
3.4632223
3.0849643
3.180173
3.069098
3.0874448
3.374155
3.1817043
3.1023598
3.2898448
3.3743384
3.3071816
3.0243323
3.0226674
3.155817
3.3072317
3.3245316
3.1751702
3.3544996
3.0603623
3.262589
3.21949
3.3036323
3.0193615
3.1205077
3.2775428
3.0424366
3.0303257
2.937063
3.2506075
2.9759076
2.9873197
3.2108865
2.9042132
3.0126529
3.0214493
3.0479565
3.0612075
3.0270042
3.143728
2.96758
3.0376544
3.0433958
3.1718218
3.2021146
3.025267
3.178715
3.0032642
3.0429416
2.9035282
3.121438
3.0426583
3.051494
3.2306645
3.0301294
2.8971941
3.0368404
2.9603724
3.1490197
2.765336
3.002452
3.0048954
2.737389
3.3534784
2.8906224
3.1162033
3.244411
2.9446585
2.8455675
3.0360363
2.9736025
3.108182
3.0098867
3.1803837
3.133201
3.0314293
3.0750053
3.1118793
3.1701808
3.1214855
3.1591294
3.1329584
3.1070106
2.8913927
2.829189
2.9931436
3.3653848
2.862505
3.1568322
2.9470916
3.154586
2.8953307
3.125361
3.482887
2.9902606
2.9767294
2.9670136
3.2419128
2.8623064
2.9729178
3.002599
3.1178877
2.9958234
3.3007379
2.8857732
2.9339814
2.951406
2.9297893
3.0934014
3.1696763
3.02499
3.1805525
3.0421445
3.112146
2.756184
3.0196395
2.7478971
3.042414
2.843433
2.7971427
3.0120978
2.9693325
2.9041982
3.0139334
2.8059654
2.835516
2.928156
2.987588
2.788681
2.847357
2.9040859
2.7897615
3.0476887
2.8882883
2.8678436
2.9259264
3.0089283
3.0931225
3.0374994
2.896166
2.832339
3.0240905
2.95838
3.0298624
3.194573
3.032239
3.2159493
2.950836
3.004048
3.0541346
2.9759197
2.790514
2.8388004
3.0172958
2.9763706
2.718545
2.973058
2.8910785
2.967721
2.840665
2.7300189
2.8904588
2.9337003
2.9514544
3.049187
2.716307
2.8322668
2.8862689
2.977011
2.892983
2.773617
2.8211584
2.7566147
2.922855
2.8958843
2.6455271
2.8690827
2.8219736
2.9022162
2.8125265
3.0355146
2.6665978
3.0182436
2.8126664
2.8543963
2.9925942
3.1415007
2.7391334
2.841056
2.8210158
2.775747
2.6007082
2.7854686
2.8199315
2.7473845
2.833605
2.6078002
2.882416
2.9794059
2.691234
2.9490914
2.786095
2.7969692
2.8535755
2.564006
2.7217424
2.9803305
2.68322
2.683302
2.9861805
2.677236
2.77704
2.9027426
2.678855
2.8216064
2.5350165
2.4799707
2.7837164
2.6476657
2.727616
2.7671933
2.8075016
2.9559407
2.7110555
2.9006205
2.747902
2.8194306
2.8459215
2.684367
2.9876382
2.7170997
2.8676255
2.9019253
2.802262
2.775541
2.7956922
2.9507186
2.866978
2.7847395
2.7539577
2.8195264
2.699941
2.7309594
2.762093
2.7160313
2.6507611
2.7886732
2.4707758
2.5442975
2.5961323
2.5536978
2.3812063
2.6914947
2.598194
2.4882216
2.4113524
2.5852714
2.4765368
2.5709848
2.802529
2.6095018
2.727898
2.4894664
2.5574977
2.6416762
2.6368494
2.7509975
2.7338417
2.734394
2.6683562
2.7193706
2.817377
2.7096665
2.8953526
2.7868707
2.5861506
2.707497
2.789083
2.7237825
2.6869304
2.51901
2.850203
2.503819
2.7388322
2.717992
2.5133245
2.5518396
2.526373
2.769147
2.6975763
2.6062465
2.584685
2.698258
2.69691
2.749951
2.583038
2.641063
2.539899
2.601373
2.6164596
2.6437275
2.8413155
2.8108375
2.387969
2.5335765
2.6214755
2.640219
2.6352623
2.595787
2.613448
2.7381926
2.796143
2.5850246
2.664389
2.6174066
2.642469
2.7221115
2.705457
2.6890254
2.561974
2.7958653
2.4822116
2.65361
2.563016
2.4428904
2.8724864
2.6264815
2.6707268
2.577808
2.5309246
2.5498304
2.533903
2.740434
2.4096553
2.7690885
2.517483
2.55756
2.6143367
2.4846957
2.5084064
2.5293596
2.5824964
2.8349924
2.5953665
2.6302447
2.5797796
2.5817356
2.7332618
2.515074
2.5099483
2.6155753
2.4087982
2.5693963
2.3885968
2.226881
2.566774
2.5844693
2.3567078
2.5866268
2.50902
2.420867
2.4406664
2.5106342
2.520091
2.496223
2.4191782
2.3774455
2.5839202
2.2463734
2.597777
2.4307845
2.6605096
2.593187
2.4879155
2.5181634
2.4808767
2.526236
2.6869354
2.4345043
2.6820254
2.6000166
2.6314685
2.615237
2.5709324
2.688111
2.631234
2.4529996
2.639935
2.6893685
2.6158292
2.4622176
2.81301
2.6574175
2.667686
2.5302994
2.6519215
2.5915875
2.511528
2.460528
2.519298
2.6108105
2.7300127
2.3740423
2.5035892
2.4234178
2.524616
2.349396
2.4893234
2.395787
2.3509295
2.450128
2.53073
2.4193566
2.4921665
2.477806
2.4436965
2.5168562
2.393315
2.5953085
2.454199
2.4345396
2.3992574
2.4637625
2.330963
2.283698
2.421084
2.6223617
2.385347
2.5541368
2.334718
2.1971927
2.5065525
2.53878
2.5198772
2.6074452
2.3173754
2.5131495
2.5778434
2.614094
2.4295607
2.593014
2.5451703
2.601202
2.3778055
2.688835
2.532552
2.450473
2.624376
2.5682504
2.5147407
2.5024672
2.477268
2.3768153
2.286761
2.4201865
2.4876754
2.4639835
2.7274191
2.6130745
2.4482696
2.492157
2.4226954
2.6668046
2.4459267
2.3732445
2.4081025
2.3127022
2.3018205
2.3676364
2.3864834
2.5008035
2.3727646
2.59907
2.466124
2.4688818
2.5086472
2.3377478
2.350486
2.4306355
2.519671
2.4747264
2.2962794
2.3388484
2.4840307
2.2324724
2.421863
2.462501
2.5171125
2.338542
2.2904243
2.6361525
2.4975705
2.3140082
2.4180279
2.5936894
2.4110858
2.2986498
2.4537818
2.3070111
2.206747
2.453855
2.6349545
2.6118772
2.4705296
2.220334
2.2499187
2.396388
2.3975024
2.352
2.3037446
2.3104954
2.2905316
2.352693
2.253427
2.176388
2.452521
2.311017
2.519604
2.3195925
2.355129
2.421793
2.4815576
2.426585
2.4001808
2.245109
2.2974043
2.3725154
2.4129312
2.326341
2.3766973
2.4002304
2.2831733
2.3528123
2.2946649
2.3886218
2.363653
2.3089924
2.424004
2.3899984
2.4029603
2.2385654
2.4539194
2.4432795
2.2998276
2.320388
2.570511
2.322544
2.4067645
2.316364
2.3604095
2.383746
2.3389156
2.1800327
2.29699
2.234641
2.458098
2.2950788
2.4265735
2.275238
2.4390395
2.4522
2.2413824
2.271276
2.2806962
2.2023964
2.353558
2.2313726
2.2804077
2.164493
2.28357
2.2580602
2.4282825
2.0903099
2.4081357
2.2257066
2.3326397
2.3698056
2.2924886
2.2465622
2.2425854
2.253776
2.3130424
2.2883751
2.2519095
2.2026894
2.392731
2.4168644
2.5024257
2.277426
2.438866
2.431369
2.1559844
2.1619973
2.2906535
2.345568
2.2531714
2.2142434
2.363865
2.3986044
2.3912845
2.3267765
2.125834
2.2998962
2.1817803
2.220279
2.4305346
2.271651
2.1602275
2.397316
2.1626625
2.243426
2.081625
2.184246
2.2625415
2.3348236
2.2832675
2.2331839
2.0913668
2.3157341
2.3019414
2.3601537
2.2661715
2.219844
2.1363597
2.3776715
2.265538
2.259298
2.110815
2.1784146
2.2612636
2.0970454
2.1927695
2.1265233
2.198725
2.2131066
2.1697974
2.2176173
2.253472
2.2727213
2.203185
2.234525
2.432898
2.2985456
2.224277
2.3615756
2.2275429
2.1242695
2.2431855
2.0782416
2.378068
2.1274652
2.1917856
2.1261005
2.229936
2.1911578
2.2901938
2.093692
2.0827942
2.1661334
2.2574375
2.3049226
2.244177
2.1088676
2.3666124
2.1688175
2.1928885
2.254273
2.2686293
2.20694
2.2521715
2.1178615
2.1354878
2.2617135
2.280428
2.200126
2.0794268
2.5074427
2.252699
2.300427
2.157687
2.1239812
2.32379
2.364896
2.1790686
2.3944948
2.3469195
2.187966
2.2836344
2.3402665
2.297458
2.3734787
2.2562892
2.318289
2.2868004
2.2798054
2.251007
2.4077058
2.281539
2.3207045
2.1270466
2.1600277
2.308739
2.1286633
2.1271791
2.1300335
2.0966387
2.238931
2.154924
2.218807
2.4020875
2.23437
2.023757
2.166856
2.2081275
2.2217286
2.0676444
2.324372
2.202187
2.165232
2.0947227
2.1994574
2.174591
2.2178676
2.17214
2.176588
2.3348415
2.0797396
2.307663
2.0859728
2.19615
2.2148604
2.120236
2.133315
1.9833318
2.1295035
2.1400588
2.152628
2.111594
2.174601
2.2335358
2.137416
2.1413567
2.174777
2.094569
2.160134
2.197578
2.2150526
2.280463
2.142827
2.1318882
2.1034484
2.1616435
2.1347072
2.306542
2.1126528
2.0324063
2.1236565
2.144762
2.103548
2.0720177
2.1544294
2.1438808
2.2463827
2.2456498
2.1391633
2.10299
2.2424965
2.3397722
2.0846262
2.1659765
2.2634952
2.1985252
2.376467
2.1812432
2.0470958
2.3147151
2.0736701
2.1895626
2.2361145
2.18119
2.2085323
1.9788765
2.2446902
2.1510775
2.1428952
2.142503
2.177113
2.3402145
2.1688535
2.192097
2.3452744
2.202077
2.102828
2.1335683
1.9666795
2.1584575
2.000602
2.209973
2.1090815
2.165321
2.120318
2.222962
2.019988
2.027958
1.979394
2.2359366
2.0728683
2.0560577
2.1370435
2.0518594
2.0102355
2.0892503
2.1259348
2.075707
2.0303836
2.0490153
2.1304386
2.2722654
2.0307689
1.9852953
2.0842087
2.1591208
2.0299816
2.016057
2.1652975
2.0891993
1.9843726
1.973791
2.1420183
2.029604
2.083857
2.0261235
2.188036
1.9769695
2.026288
2.0309107
1.887845
1.9624021
2.0350323
2.0158584
2.0702271
2.1159506
2.1214652
2.0559087
2.0647345
1.993146
2.1000276
2.1148012
2.0324016
2.1520488
1.9501888
2.0062869
2.1710784
1.9177381
2.1479764
2.2076554
2.210554
1.9681615
2.0756893
2.1137593
2.1879609
2.178139
2.1854706
1.9805145
2.066818
2.0422986
2.0022612
2.2595685
2.2508597
2.0247157
2.0677166
2.1521337
2.0828393
2.0104263
2.0712178
2.1069076
2.170047
2.2336333
2.3130965
2.0503845
2.02326
2.0495324
2.054602
2.1165814
2.062144
2.026957
2.077566
2.1982255
2.0318122
2.2919202
2.0191898
2.0432673
2.1256676
2.0683644
2.0177386
2.050973
2.0410094
2.0774872
1.9921519
2.1033585
2.289182
2.0334198
2.1205544
2.0742033
1.9681977
2.1394618
2.013264
2.0927255
2.0890293
2.0222702
1.9962364
2.0782928
2.1883907
2.0814903
2.044436
1.9997033
2.0753033
2.1585906
2.1026773
2.0487387
2.2264867
2.1644633
1.93769
2.084383
2.179407
2.2089286
2.101854
2.0031567
2.103997
2.0390062
2.0341418
2.0522606
1.9469702
2.0698254
1.9237021
2.1546996
2.0939615
2.1666296
2.0323899
2.0908475
2.1438096
2.0005858
2.155
2.0425396
1.9929736
2.1005402
1.91703
1.9467864
1.9955486
2.0601234
2.0499792
1.9884855
2.0426822
1.9775015
1.9485499
2.1142387
2.116335
2.1508152
2.1488094
2.1420076
2.194862
2.135977
2.1393075
2.1082332
2.1313674
2.1025918
2.0396461
2.0490365
2.1001644
1.8926992
2.0016785
2.0022473
1.9677114
2.0870154
1.9081495
2.086349
1.936856
2.1006014
2.178062
2.018772
1.960451
2.087967
1.918692
2.0700593
2.0038087
1.9764544
2.0412612
2.0874026
2.0316353
1.9813195
2.054398
2.004691
2.086387
2.128521
1.882031
2.1976006
2.0172067
2.0875723
2.0910242
1.98416
2.071023
2.1209915
1.9586036
2.114798
2.0811543
2.1536474
2.0417624
2.1149228
2.0051737
1.9968684
2.135628
2.026749
2.0059192
1.9321787
1.892536
2.1025236
1.9494221
2.0837746
1.9313064
1.9884665
1.9654803
1.9576654
2.0114439
2.0309277
1.9743965
2.0452807
1.9331307
1.9408804
1.8767208
1.9726148
1.9624856
1.9893088
2.0940146
2.096278
2.0386531
2.101698
1.9974318
2.0209734
2.0078003
2.0854156
2.2227738
2.1928325
1.9562061
2.023527
1.8278567
2.1083107
1.9693971
1.9053196
1.8709869
1.963073
1.9698853
1.9796814
1.9087307
1.9381014
2.1586301
1.863896
2.095205
1.9606014
2.0446863
2.0375407
2.0132313
2.12722
2.0176227
2.0139647
2.0557792
2.134229
2.1760912
2.0770996
2.002403
1.9917254
1.9494257
1.9805317
1.977422
2.018601
1.9494402
1.9742576
1.8777391
2.2748468
1.934109
1.9470142
2.0318544
2.0357246
1.9061002
1.9352635
2.0188432
2.0256202
2.116437
1.9637552
1.9295877
1.9529277
1.9013352
1.9352496
1.8488988
1.9276057
1.9836344
1.9166323
2.0276895
2.028731
1.9908255
1.9968313
2.103664
2.0010936
1.9873646
2.074527
1.944899
2.0160751
1.976038
2.043792
2.108917
1.8947293
1.8574147
1.8834646
1.8886068
1.8405623
1.898543
1.8443058
1.7743903
1.9494655
1.8782442
1.9729764
1.9197557
1.9344841
1.9705716
2.003914
1.9207119
1.8820708
2.0086524
1.9766123
2.0534272
2.001047
1.9246073
2.0568013
2.0735893
1.9034594
2.0122144
2.0132403
2.199969
2.0849743
2.006247
1.9416739
2.0859284
1.9442596
1.9239602
1.9528627
1.947899
2.022408
1.9485108
1.961772
2.06414
1.963393
1.9313015
1.9189967
1.9110752
1.9414318
1.9442217
1.9126637
1.8883368
2.163395
1.9273989
1.9464508
1.9692498
1.9778211
2.079381
2.007769
1.8519945
1.9770274
2.0427334
1.8899448
1.9535971
1.8715388
1.8434738
1.9066445
1.820147
1.940345
1.9008178
1.7960835
1.8441752
1.9830317
1.9897156
1.8721466
1.9661845
1.9586194
1.9847202
1.978007
1.8442073
1.8825876
2.030423
1.9351038
1.8967834
2.0536225
2.0776296
1.9406288
2.0985775
1.973266
1.985736
2.138777
1.9791987
2.0979486
1.9057118
1.9407908
1.9843515
1.9182736
1.8830465
1.8874987
1.7927958
1.851268
1.9224278
1.9278599
1.834964
1.8881285
1.9322103
1.901904
1.9249123
1.9287134
1.9260355
1.9089873
2.019956
1.9986187
1.9150126
1.8448288
2.1370738
2.0101922
1.9502635
1.882166
2.0767932
1.931223
2.0137599
1.7999628
1.964022
1.9149557
1.9120815
2.0168412
1.8586255
1.8538893
1.864264
1.9835387
1.9558008
1.8893816
1.9108567
1.9130585
1.8662575
1.905233
1.9250542
1.7582464
1.9878702
1.8766464
1.9129348
1.8676213
1.9775017
1.9806694
1.9238914
1.9852133
2.0322561
1.8856435
1.9473921
1.9004893
1.9509184
1.8847057
2.5568838
3.2907941
3.5568097
3.2517536
3.3079214
2.6534812
2.459979
2.2443771
2.2176008
2.0555277
2.1077652
2.3031538
2.129253
2.313569
2.5110614
2.629157
2.495678
2.1878202
2.0882676
1.9088666
1.9642502
2.0755556
1.9754077
1.9372982
1.9896548
2.025672
2.051319
2.158947
2.128248
2.2410827
2.0615683
2.1179857
1.9633677
1.9519274
1.9822497
2.0629148
2.031962
1.9843553
2.0329363
1.971765
2.015936
2.02365
1.9665791
2.0375547
1.9537685
2.0245864
1.9536338
1.9872285
1.977829
1.9140581
1.9658448
1.9952283
1.948152
1.9264117
1.948308
2.0645764
1.884167
1.9434245
1.954078
1.9731258
1.8930451
1.8776909
1.8837997
1.8781521
2.004116
1.9052193
1.7860328
1.9615039
1.944304
1.9620085
1.9615065
1.8982583
1.9599155
1.8300766
1.9210255
2.0933983
1.9708345
1.8192046
2.163748
1.9928246
1.9511487
2.053409
1.900775
1.859244
1.9465739
1.8791902
1.9793819
1.9670049
1.9062625
1.9625455
1.9137815
1.9654051
1.980493
1.888424
1.9576517
1.9311808
2.0370739
1.8790122
1.8205181
2.1036475
1.9352388
1.9427905
1.998439
1.9536036
1.9764538
1.9644213
1.9967402
2.0290406
2.0302472
1.8799075
1.9107298
2.0497096
2.0753915
1.8029417
1.9896897
1.9529516
1.8003525
1.8971488
1.8787417
1.9000494
1.8415614
1.9602984
1.9538503
1.8076284
1.8459326
1.9117488
1.8763672
1.9323202
1.9677135
1.8722569
1.8901455
1.93961
1.8863615
1.8166523
1.8334972
2.0039852
2.1531703
1.9679539
1.931246
1.8867218
1.8803562
1.9281085
1.9665227
1.8905857
1.9877704
1.8621744
1.8882723
1.931755
1.9354727
1.860155
1.9112549
1.86023
1.9020268
1.8473641
1.9972283
1.847989
1.9485611
1.9375523
1.836156
1.9718733
2.0159512
1.9456482
1.879016
1.8689892
1.9830817
1.8249812
1.8634275
1.8982708
1.8797024
1.9419732
1.922343
1.9096965
1.9269438
1.869964
1.9582132
1.9474554
1.8450421
1.946637
2.0511127
1.9395936
1.842946
1.8062363
1.8928115
1.8098553
1.8010057
1.8253185
1.9394284
1.8947628
1.827997
1.9751426
1.7896677
1.871354
1.9768333
1.8120642
1.8163264
1.910084
1.8565487
1.81633
1.8854204
1.9254189
1.8584777
1.8546448
1.904393
1.8588496
2.0687768
1.8836867
1.8239658
1.9047089
1.9127076
1.7577485
1.9018422
1.9507504
1.937199
1.8631647
1.8501322
1.9316704
1.8893201
2.0350573
1.9742348
1.915305
1.8915855
1.9511863
2.0333753
1.8837461
2.033116
1.992215
1.9338408
1.8793623
1.9616034
1.8008997
1.808178
1.8183857
1.9227551
1.9536119
1.8363901
2.0914245
1.9580648
1.8485328
1.7999353
1.8201946
1.9120052
1.924958
1.8833786
1.9726793
1.8706744
1.8358636
1.945761
1.99745
1.9189564
1.8760247
1.9275478
1.8820128
1.9029706
2.0002854
1.8583945
1.999666
1.8426708
1.8643584
1.8828726
2.0120814
1.8914706
1.828306
2.008869
1.8454142
1.9077245
2.041726
2.0137696
1.7730377
1.901834
1.912719
1.920625
1.8255861
1.9157966
1.9085938
1.8623189
1.892469
1.9501448
1.8851889
1.771675
1.9372753
1.9284452
1.894132
1.8732313
1.8781775
1.7968835
1.8603384
1.8080022
1.8496497
1.8908627
1.9346782
1.869123
1.8584152
2.0170882
1.9542495
1.9663565
1.9173206
1.9189775
1.9524492
1.8587915
1.8660853
2.108648
1.9152967
1.9167835
1.9033238
2.0308235
1.882051
1.7660031
1.9212773
1.8648708
1.7729936
1.893566
1.9239371
2.050174
1.9302598
1.783866
1.8538007
1.872697
1.8309697
2.013294
1.9543865
2.0884328
1.9155072
1.8826619
1.8007116
1.890513
2.035892
1.923959
1.93239
1.9078344
1.8376175
1.913676
1.9502525
1.8372883
1.9243705
1.7927752
1.8494955
1.8727483
1.8194482
1.823282
1.7864226
1.7757765
1.7934942
1.7725621
1.865327
1.7932944
1.912466
1.8542659
1.8184582
1.8285885
1.9330388
1.8813325
1.8839653
1.8993556
1.8754641
1.9491873
1.9005892
2.01358
1.9074504
1.7858387
1.8406044
1.955341
1.8205171
1.8801419
1.8585023
1.8784363
1.9706517
1.785729
1.8610487
1.7716987
1.9021635
1.84258
1.9609336
2.0470977
1.7282745
1.7842507
1.8256336
1.8526073
1.9051235
1.8038257
1.8639886
1.8667204
1.851377
1.9471309
1.8874645
1.8283753
1.8629068
1.9360348
1.792136
1.9198259
1.913695
1.7688452
1.8495109
1.8543464
1.8816917
1.9205685
1.8810056
1.745799
1.8618218
1.8935808
1.7687987
1.9029212
1.990437
1.9173795
1.8487033
1.9037486
1.8791928
1.9013535
1.86963
1.8393543
1.8365705
2.013036
1.9264535
1.8349862
1.7597616
1.8002604
1.7994797
1.9953943
1.959764
1.7517287
1.8371295
1.85271
1.8532752
2.08941
1.938475
1.8234056
1.912194
1.8152999
1.8980244
1.927865
1.8501172
1.8258198
1.7855704
1.8323545
1.899662
2.0662925
1.8264024
1.8234985
1.820361
1.785602
1.833205
1.7667074
1.8942052
1.7347795
1.8010777
1.849516
1.8014029
1.748673
1.8431072
1.7574775
1.881567
1.7464215
1.8191286
1.793947
1.8583822
1.7477862
1.7717437
1.7448815
1.8135607
1.8460557
1.818748
1.759976
1.7701169
1.8492157
1.7754645
1.8875451
1.8458002
1.8623776
1.8164254
1.8842952
1.8987398
1.7843442
1.7714863
1.809668
1.6866977
1.7375598
1.8233602
1.7247002
1.8202637
1.8435934
1.7770313
1.859939
1.834673
1.8728716
1.784226
1.7659887
1.789263
1.8962091
1.7556938
1.9742306
1.8539991
1.9265817
1.850968
1.9117975
1.8249652
1.916842
1.8197567
1.853033
1.888622
1.9926147
1.9058846
1.7864778
1.9266362
1.8390738
1.792557
1.8135275
1.9410537
1.8753022
1.74521
1.7108527
1.8159378
1.7528069
1.8139036
1.958642
1.8493658
1.8283383
1.9192997
1.770123
1.9119439
2.0136678
1.7972491
1.8284029
1.7883933
1.8253766
2.016013
1.8720514
1.8675952
1.8204006
1.8809032
1.8023711
1.8909338
1.799858
1.911587
1.9532367
1.7420123
1.9634054
1.8149042
1.8503277
1.8084882
1.820655
1.9013407
1.90592
1.8278409
1.916933
1.9302342
2.0540073
1.8183372
1.866835
1.9509606
1.8770965
1.8806839
1.882617
2.050642
1.9566733
1.8482034
1.8956227
1.8052582
1.7671375
1.9113828
1.8733951
1.792649
1.946965
1.7706087
1.8353307
1.8612036
2.080458
1.883951
1.8989598
1.8761184
1.8624427
2.0583577
1.9945093
2.0290554
1.9291471
1.7992995
1.8209585
1.8532447
1.9627296
1.8500435
1.8703393
1.8290755
1.792728
1.9178457
1.9097241
1.8916149
1.9093072
1.8294091
1.8229195
1.7452945
1.8756613
1.8282187
1.9162843
1.9100147
1.836714
1.9040775
1.7966615
1.8654333
1.8996066
1.7971172
1.8491532
1.8930254
1.9045367
1.7531376
1.8413799
2.061139
1.906703
1.9941978
1.8370172
1.8134178
1.882667
1.9076891
1.7816745
1.8714148
1.7925212
1.9408807
1.826017
1.7978212
1.8477958
1.8644172
1.8326341
1.809549
1.7671967
1.9418806
1.8570648
1.8639722
1.8615752
1.8959769
1.8008282
1.9276422
1.8368661
1.849375
1.8976138
1.9131445
1.852424
1.82671
1.8063284
1.7359558
1.7087187
1.8032055
1.7808337
1.8094908
1.8284501
1.9819298
1.793426
1.7883707
1.79716
1.8099407
1.8989849
1.8706149
1.7931205
1.7916535
1.8165739
1.9052898
1.7530869
1.8567828
1.8107095
1.8531791
1.9224621
1.7951243
1.8412776
1.8244973
1.8753026
1.9030175
1.7400905
1.8187752
1.7398978
1.8973086
1.9035248
1.845825
1.949052
1.8423551
1.9409982
1.835523
1.8856031
1.8392144
1.8782465
1.7486484
1.8366457
1.8171145
1.7741431
1.7837923
1.8393791
1.9171365
1.8875148
1.7395755
1.9051533
1.8104389
1.7711865
1.8340182
1.910096
1.7736796
1.852424
1.8376117
1.7936307
1.8099636
1.8548367
1.835378
1.9143715
1.8481345
1.7902803
1.7804413
1.8043619
1.8863658
1.903875
1.856831
1.8427093
1.888916
1.933548
1.935104
1.881805
1.7946702
1.732432
1.7009914
1.7910892
1.7688545
1.8525368
1.7765633
1.874861
1.7473768
1.8353071
1.8721447
1.7630188
1.926757
1.8087234
1.7982635
1.9309617
1.7938318
1.7347703
1.6982207
1.8617772
1.763178
1.8159988
1.7616692
1.8712981
1.7737068
1.878486
1.9714462
1.7567664
1.9528837
1.9139752
1.7795672
1.7895583
1.9194076
1.7842325
1.7941595
1.9077238
1.8741467
1.846978
1.7588925
1.7220303
1.8814027
1.8416585
1.8207413
1.9727545
1.9200083
1.8040458
1.75683
1.839256
1.7805607
1.751411
1.7485973
1.8073251
1.8990431
1.7906795
1.9008484
1.830815
2.0469882
1.8544995
1.7626767
1.7867618
1.7867165
1.8386601
1.7981483
1.7293203
1.7635642
1.7503263
1.819456
1.8085304
1.8625535
1.7960964
1.8451267
1.8447948
1.850924
1.7307649
1.7900105
1.7757459
1.7574693
1.8066133
1.7661835
1.7802485
1.8838347
1.8017093
1.8404303
1.8249948
1.8403158
1.833599
1.8228655
1.8108459
1.7996979
1.8854158
1.851177
1.869481
1.9102857
1.8720253
1.7585337
1.8896567
1.8069419
1.8440504
1.81494
1.7817724
1.782499
1.795248
2.0389678
1.8804075
1.8561949
1.8649952
1.72803
1.740754
1.8331922
1.877124
1.8485098
1.8751765
1.767218
1.7340318
1.8393891
1.8124733
1.8890823
1.9096258
1.9213326
1.8700849
1.776947
1.8016255
1.9402927
1.7045327
1.9383233
1.8002405
1.8780967
1.763894
1.8294622
1.9183652
1.7005415
1.958319
1.8203747
1.8711644
1.9009237
1.8299121
1.87707
1.8381945
1.8476872
1.9106636
1.8285651
1.7832996
1.7663733
1.8325708
1.8677378
1.8234775
1.7537162
1.8041791
1.8847058
1.6721327
1.8184716
1.7453194
1.7898114
1.7531247
1.7570364
1.8308136
1.7057042
1.7591138
1.7905122
1.9096032
1.762148
1.7623183
1.82528
1.7922901
1.8070508
1.827719
1.7631162
1.7286267
1.7904854
1.8685993
1.732773
1.9311641
1.8539332
1.7377462
1.8299493
1.9041903
1.9170955
1.8391315
1.8074574
1.7758908
1.7818577
1.7174965
1.7445202
1.8020382
1.8070067
1.82894
1.838078
1.915764
1.8242007
1.7461452
1.887755
1.8000774
1.7510515
1.9400535
1.829837
1.862038
1.8378958
1.7782296
1.8834295
1.9973652
2.0214977
1.8927717
1.7089515
1.8393227
1.7930658
1.7906123
1.8313768
1.7537992
1.954215
1.8816553
1.9224713
1.8721472
1.8384755
1.7924837
1.752174
1.8271685
1.7855356
1.9524201
1.9363424
1.7981735
1.8669626
1.7829151
1.8413738
1.8151147
1.7972027
1.8202535
1.7249662
1.7929096
1.861251
1.8189005
1.9270233
1.85807
1.7930939
1.8148623
1.9172442
1.6929504
1.8347193
1.886658
1.7321187
1.7977947
1.7606
1.7352208
1.8191595
1.8822247
1.8349597
1.8959908
1.8950822
1.7430602
1.8987343
1.9491568
1.7903014
1.9138136
1.8147992
1.8690176
1.890832
1.8066177
1.7158637
1.8200141
1.8246682
1.7458224
1.7692542
1.814606
1.7702233
1.8212022
1.7305185
1.8691413
1.734444
1.8054007
2.0455964
1.7972298
1.716424
1.7928398
1.8499409
1.7582635
1.8434519
1.799912
1.7637545
1.8013525
1.776602
1.7827798
1.8506387
1.8151346
1.8476505
1.7699544
1.8259172
1.783871
1.8960978
1.8112
1.8016366
1.8481768
1.9588189
1.7851822
1.8550568
1.7781723
1.8144898
1.7751851
1.9098027
1.7820204
1.7520285
1.8673418
1.7769104
1.79353
1.8164358
1.833144
1.7874568
1.7289352
1.8061055
1.7444551
1.7233715
1.7511363
1.8006686
1.7490692
1.811347
1.8855574
1.7684494
1.7089242
1.8783822
1.7512381
1.8262223
1.7634045
1.8040693
1.7132206
1.8806504
1.7764685
1.800209
1.8366102
1.7949204
1.8939056
1.7865037
1.707773
1.8811345
1.7807448
1.7559267
1.8133731
1.845903
1.9506118
1.7462955
1.8284937
1.8356622
1.6976745
1.8837333
1.8915032
1.8210819
1.660144
1.7755835
1.9231
1.7357073
1.9390798
1.7544124
1.818723
1.7365677
1.7940325
1.8280033
1.8845363
1.6705664
1.7166315
1.7959496
1.9331508
1.7944015
1.7611419
1.7978314
1.773852
1.8312465
1.9032563
1.8239026
1.7553937
1.7062048
1.809917
1.777052
1.7599785
1.8430238
1.710048
1.8627415
1.777551
1.7712973
1.7526507
1.735135
1.8200468
1.8071047
1.8362924
1.807497
1.7709427
1.7268516
1.7361776
1.7631824
1.7475287
1.8488833
1.8201555
1.8872877
1.7757993
1.901012
1.7897873
1.9943638
1.7491567
1.9103882
1.7746875
1.834884
1.8623855
1.8197219
1.7301427
1.8968992
1.8321543
1.7463076
1.6951584
1.7506039
1.8417608
1.7444137
1.7815667
1.736283
1.8620703
1.7800828
1.8354831
1.9157763
1.7706141
1.8586324
1.8292632
1.8874967
1.9184002
1.7996145
1.8040364
1.8439972
1.8424435
1.8470365
1.9064072
1.7593509
1.7579155
1.7626202
1.724685
1.8194002
1.8278756
1.8212237
1.7606341
1.880474
1.775357
1.8286124
1.743816
1.8552957
1.7002575
1.8363957
1.9003202
1.7576362
1.753577
1.9350444
1.8286664
1.8258781
1.8407236
1.8367025
1.7403424
1.7154738
1.7880039
1.7254972
1.8052007
1.742655
1.8610399
1.8249705
1.7020295
1.739529
1.7509596
1.773638
1.7801135
1.7990515
1.7893595
1.808401
1.8048446
1.7154211
1.8695012
1.7277153
1.984795
1.8035988
1.7346783
1.7704663
1.7364231
1.736311
1.690317
1.810329
1.788319
1.7501024
1.8096601
1.7875856
1.7468753
1.7440032
1.8243717
1.8345647
1.8572115
1.7602352
1.8358653
1.7821665
1.9827226
1.8171954
1.7462577
1.6844202
1.81189
1.9036559
1.8336302
1.7358459
1.8353037
1.7740395
1.8117718
1.8965185
1.7651939
1.8108505
1.7305286
1.817951
1.7722913
1.7001772
1.746792
1.8027424
1.7674655
1.7725075
1.844668
1.8267127
1.9381706
1.7392688
1.8287109
1.8318806
1.7707765
1.8847371
1.7599005
1.6921182
1.8623518
1.7033768
1.7667515
1.8089075
1.7836381
1.7120934
1.8062987
1.6966733
1.7362229
1.7189176
1.7252707
1.6788013
1.7403972
1.7454906
1.757234
1.837074
1.7472007
1.786763
1.873173
1.817998
1.7741905
1.7492633
1.8559396
1.7996027
1.7698542
1.8075246
1.7320708
1.7820532
1.7546505
1.8128654
1.709799
1.7505313
1.736347
1.8264829
1.7865043
1.8116516
1.9013426
1.7668368
1.938327
1.7858672
1.6952554
1.7256808
1.7407696
1.6685331
1.7746729
1.7055448
1.7743986
1.7130789
1.7987745
1.7119704
1.6978694
1.7353212
1.6815349
1.7436864
1.7364825
1.7392155
1.6993783
1.6868109
1.7044395
1.6841815
1.7222903
1.7812384
1.7275428
1.7192276
1.7001537
1.6578684
1.7210257
1.7574751
1.701227
1.7772063
1.71964
1.7761513
1.6978245
1.6859977
1.7618499
1.788212
1.7810262
1.7502161
1.8374664
1.7821046
1.718438
1.7709702
1.7583486
1.785033
1.7780522
1.8683516
1.964993
1.808593
1.7052095
1.6773926
1.7230172
1.7160277
1.7510858
1.6819963
1.6893678
1.8401098
1.7357796
1.7343055
1.6969606
1.6957216
1.7935745
1.7341212
1.7187136
1.676872
1.7140697
1.8605733
1.7213895
1.772098
1.7030467
1.7886572
1.8315078
1.772161
1.7226928
1.7489192
1.767939
1.7297012
1.741623
1.7624271
1.7236793
1.6856208
1.7309842
1.8204745
1.7411455
1.6959141
1.9111207
1.7686634
1.7190253
1.75084
1.8183937
1.7764134
1.7244984
1.9502742
1.7501371
1.7881734
1.7800938
1.8196185
1.7712189
1.8732132
1.8352277
1.782058
1.6906037
1.8138833
1.7308115
1.7828506
1.8105472
1.7370254
1.8856443
1.7003435
1.696276
1.8651496
1.7758073
1.8202695
1.7554122
1.7311125
1.7379285
1.6980293
1.9523695
1.7702187
1.7280107
1.7590183
1.77964
1.877549
1.8479867
1.785733
1.7605946
1.8366075
1.7875034
1.8533902
1.8193164
1.7209649
1.7884933
1.8386645
1.789308
1.6932943
1.7730788
1.9012003
1.7532376
1.7275093
1.7486557
1.686523
1.791157
1.8261355
1.7461772
1.6862247
1.774251
1.6680323
1.7320797
1.7310818
1.6627008
1.816297
1.8690549
1.8267858
1.8195467
1.8454155
1.7699956
1.8246423
1.755009
1.7224673
1.9072758
1.9165169
1.7801454
1.769746
1.7493498
1.6726842
1.8742127
1.7019632
1.7308203
1.7394234
1.8726987
1.743795
1.6395023
1.6516417
1.8410021
1.8208758
1.7743618
1.807611
1.7901182
1.7688789
1.7182392
1.766261
1.8845309
1.7750849
1.7511917
1.7724417
1.8056009
1.9250057
1.7520905
1.6769315
1.7636688
1.9864357
1.7477915
1.7654352
1.7382398
1.8014692
1.7305884
1.8626585
1.8142927
1.8074371
1.7574275
1.706225
1.7482971
1.7037165
1.7141997
1.921916
1.714004
1.8057724
1.8045982
1.7738128
1.8477393
1.8048853
1.8867112
1.7770858
1.7316933
1.7330693
1.7357739
1.7925417
1.7189554
1.7449023
1.7440587
1.7762724
1.7891763
1.7626252
1.7121677
1.7535465
1.7566543
1.816243
1.6916102
1.7903551
1.702314
1.8044207
1.7387677
1.7298455
1.8071656
1.7399855
1.7417878
1.765326
1.7899277
1.7913252
1.7887638
1.7495464
1.7739
1.7326466
1.726864
1.755724
1.8778389
1.7250636
1.8279022
1.839667
1.8303139
1.7097871
1.7042457
1.7333137
1.758296
1.859093
1.8174626
1.7460446
1.736188
1.764753
1.75623
1.7058972
1.71832
1.8226445
1.8122076
1.7284775
1.770649
1.8077413
1.7898723
1.8480265
1.7654625
1.6887602
1.8946213
1.7922335
1.8300666
1.7705163
1.7645928
1.709983
1.7304317
1.66789
1.8060911
1.9573772
1.7503402
1.7460717
1.7991645
1.7946062
1.8462049
1.7051452
1.7100219
1.7931678
1.7527678
1.8129532
1.8826158
1.7562118
1.9085397
1.7918406
1.7719247
1.7927315
1.7959505
1.7969195
1.8442042
1.7727298
1.7991353
1.7901843
1.7982734
1.7504635
1.728984
1.857856
1.7500044
1.9365201
1.7167635
1.7096232
1.7153252
1.7138057
1.7328779
1.7830625
1.7461585
1.7300076
1.7212839
1.6936576
1.6817027
1.7610885
1.7331482
1.7081844
1.6939338
1.6636715
1.8598752
1.7383198
1.7517208
1.6793202
1.7623184
1.663579
1.7341189
1.8892894
1.8541535
1.754001
1.844432
1.7774262
1.7877874
1.788326
1.7686455
1.8601846
1.737499
1.6953927
1.8211383
1.7681684
1.9286704
1.7759855
1.7940611
1.6775852
1.8111495
1.7410316
1.7341037
1.6559436
1.7370188
1.7022092
1.7684745
1.7580636
1.7934589
1.7287995
1.7334375
1.7122102
1.6878159
1.7836233
1.7576535
1.7554144
1.7638907
1.703718
1.6999646
1.7250098
1.6824075
1.8761419
1.7453673
1.7444875
1.889223
1.7484174
1.7219335
1.7685453
1.7437693
1.8206497
1.7385516
1.7970043
1.8115023
1.8916095
1.74501
1.8117096
1.7729839
1.7226028
1.7420533
1.7343215
1.8134211
1.7728595
1.7866968
1.8413647
1.7457751
1.6639786
1.7933055
1.7454168
1.6488655
1.7441903
1.8553041
1.6773288
1.7101613
1.697536
1.7376273
1.7551734
1.6846626
1.6973945
1.6936058
1.7034131
1.6744692
1.7787793
1.6829984
1.7736802
1.7209674
1.7709012
1.840208
1.6768521
1.683061
1.8251247
1.8183783
1.7072983
1.7134302
1.7648768
1.7550567
1.7107012
1.7281289
1.770698
1.6910157
1.6949558
1.7669548
1.725031
1.7085623
1.7567632
1.7229712
1.8660623
1.710511
1.7855135
1.6998247
1.734285
1.7940426
1.822481
1.8538548
1.9404094
1.689802
1.745712
1.8113087
1.76215
1.7180368
1.8561802
1.7443347
1.7262727
1.7085023
1.7017977
1.86416
1.7609743
1.841738
1.7246267
1.7486398
1.7174492
1.9321138
1.7375473
1.7886487
1.7658312
1.8451984
1.7310966
1.80012
1.7989442
1.9129257
1.825277
1.6722455
1.9228454
1.8252088
1.8033395
1.7588793
1.751247
1.814696
1.883238
1.6870078
1.7720588
1.724341
1.7417512
1.7503576
1.8022852
1.7323806
1.7414212
1.6695617
1.7999142
1.6638848
1.7402844
1.6642737
1.8339043
1.791075
1.7896839
1.7001257
1.7183985
1.8147335
1.7991252
1.7397697
1.8149985
1.7891008
1.6963209
1.7075762
1.7888416
1.694034
1.7662477
1.7697691
1.7047421
1.8251265
1.7212197
1.7112447
1.7002405
1.7034445
1.7226647
1.7807065
1.8447961
1.7245779
1.6922015
1.7464353
1.7414203
1.733051
1.7376099
1.7249914
1.6695126
1.7173551
1.8365209
1.6947684
1.6868033
1.8968848
1.7952286
1.7300568
1.7740481
1.7611035
1.7756336
1.8467565
1.8141559
1.7454721
1.7040627
1.6966456
1.7627382
1.7729028
1.8665625
1.6901888
1.7987413
1.7097802
1.7132553
1.8242811
1.744831
1.7817807
1.7238111
1.7504433
1.7323533
1.6520125
1.7589214
1.780174
1.7169855
1.7135522
1.735092
1.7270037
1.7672809
1.7830343
1.7413772
1.7610155
1.7758049
1.8298358
1.7637587
1.8651812
1.7586743
1.7593552
1.8397021
1.8440495
1.7263861
1.7069027
1.7842443
1.9249125
1.757374
1.837146
1.7829592
1.796561
1.763652
1.7751279
1.924292
1.7981503
1.7516376
1.7312298
1.71868
1.7492445
1.7321116
1.7050787
1.7141019
1.7696782
1.7437924
1.7818625
1.739675
1.7379067
1.7243793
1.6927344
1.7196089
1.7711285
1.7746772
1.8555502
1.746904
1.823522
1.7706676
1.8002505
1.7972275
1.7554088
1.7713383
1.770965
1.7234871
1.7006327
1.7881187
1.7265042
1.7235599
1.832002
1.7458194
1.7121552
1.7330585
1.762628
1.7849144
1.7925847
1.718422
1.71124
1.7034549
1.7336615
1.7412847
1.6924117
1.820499
1.670996
1.6897595
1.7463092
1.8152635
1.7444104
1.6724002
1.6776369
1.6968789
1.8290173
1.768614
1.7338928
1.8712692
1.8768615
1.8233142
1.7184162
1.7810363
1.7967681
1.7891744
1.7833093
1.7503061
1.7873541
1.7417122
1.7002364
1.794603
1.7530124
1.7625213
1.7685428
1.7522732
1.8423034
1.6849983
1.7388155
1.7180473
1.7806855
1.7049798
1.8226972
1.775592
1.8156487
1.9263357
1.8233732
1.7923107
1.7762815
1.740645
1.7609216
1.7842788
1.8324287
1.8383937
1.7555826
1.6611652
1.796166
1.7388712
1.7542006
1.710477
1.6593686
1.7025043
1.861425
1.7235456
1.7547327
1.7065364
1.7232077
1.7559799
1.7963045
1.7255154
1.7219722
1.846471
1.6586822
1.8260217
1.7866348
1.7796527
1.7360978
1.833898
1.7214209
1.7518829
1.6791844
1.7701777
1.6734278
1.7793512
1.8183948
1.707665
1.755568
1.8506533
1.9439743
1.7915155
1.6326333
1.6708709
1.760039
1.8393463
1.753782
1.780539
1.7382118
1.811336
1.7007542
1.7679478
1.6588372
1.7428082
1.7465743
1.7772012
1.7955775
1.6478168
1.6766592
1.7139285
1.8187666
1.8176986
1.7373215
1.8468952
1.6903571
1.7668022
1.6944926
1.7815868
1.7183511
1.7128702
1.7646955
1.8344446
1.6586921
1.7852741
1.6807272
1.6668252
1.757612
1.7870905
1.7404368
1.7340685
1.6901451
1.7487588
1.7600973
1.727914
1.7025467
1.8449622
1.6688098
1.738457
1.644536
1.7871398
1.7709082
1.7954297
1.7027394
1.7601837
1.7071705
1.7723045
1.7129232
1.6942405
1.6828955
1.7261602
1.6822648
1.7602555
1.6961114
1.7672986
1.6776557
1.7715962
1.7238605
1.7038473
1.6791816
1.7842836
1.7050031
1.71311
1.6503023
1.7165614
1.7942903
1.6604099
1.6425499
1.6766522
1.6694533
1.8291752
1.7153159
1.7273908
1.6864058
1.7525475
1.6788967
1.6900588
1.7392495
1.7889484
1.8284053
1.720952
1.7205987
1.7514417
1.6606253
1.7546188
1.7467386
1.7470453
1.8070092
1.7215087
1.7511307
1.6902331
1.7467817
1.678465
1.6595312
1.8039312
1.6853317
1.7492889
1.7090808
1.7088172
1.7222415
1.7933375
1.7416867
1.7971965
1.712794
1.6429787
1.7492983
1.7513603
1.668919
1.7799954
1.705303
1.6852793
1.7022595
1.7347493
1.7222775
1.7803128
1.7832249
1.718195
1.6651136
1.7000471
1.7177577
1.6762427
1.78307
1.783163
1.7518383
1.6840193
1.6706197
1.8041621
1.7387627
1.6785593
1.6999979
1.6742363
1.7471609
1.7818342
1.7591298
1.620011
1.6796525
1.7505505
1.8602048
1.6925732
1.7490863
1.7368517
1.6725078
1.7049614
1.6441694
1.6604058
1.7678324
1.6965585
1.6858152
1.7748282
1.8244473
1.6871994
1.7210398
1.7362517
1.8187758
1.665723
1.7316865
1.7127354
1.7869822
1.7400496
1.7260925
1.7498958
1.705372
1.666841
1.6887654
1.7126352
1.7372981
1.7437513
1.8132162
1.6523228
1.7535098
1.8014284
1.7616858
1.6523675
1.7705268
1.6535614
1.6553826
1.6657888
1.669874
1.6736056
1.7046236
1.7090524
1.6645397
1.7182486
1.6649154
1.6547903
1.7125405
1.7012823
1.7249645
1.7044961
1.6986008
1.7070974
1.667434
1.7114754
1.7643182
1.7303697
1.7912215
1.6860387
1.7092203
1.7242018
1.7211052
1.709638
1.7603028
1.8291852
1.763104
1.7534355
1.6723402
1.7448847
1.7489111
1.7081665
1.7318418
1.7234591
1.8583838
1.7440922
1.680103
1.7641293
1.7076705
1.7116824
1.7505785
1.693244
1.671885
1.7303083
1.6946565
1.7702422
1.830138
1.7221237
1.6573775
1.6600298
1.6491222
1.7357976
1.746524
1.6815842
1.7072885
1.7437606
1.663567
1.6783496
1.8225453
1.6948107
1.7494452
1.7154297
1.7654718
1.8647683
1.7836708
1.7352767
1.7275753
1.7536211
1.6638638
1.718647
1.666153
1.7729375
1.6941783
1.76831
1.7714603
1.7655884
1.79691
1.6907024
1.6899047
1.7530433
1.723984
1.7404232
1.7624451
1.6899117
1.7370093
1.7852695
1.8043283
1.8072095
1.9155347
1.7703338
1.8495488
1.7457808
1.7570523
1.6542507
1.7281511
1.8094109
1.7700695
1.690409
1.7846894
1.6474345
1.7770402
1.7737362
1.7137057
1.6820906
1.7192701
1.7461323
1.6612365
1.6511999
1.7081913
1.7183553
1.768409
1.83743
1.6772277
1.8381373
1.9026943
1.698947
1.6803098
1.7105298
1.7174512
1.7229857
1.7132698
1.762067
1.762575
1.6250163
1.6587815
1.7638242
1.7533935
1.7092812
1.8055284
1.6629462
1.677592
1.7263095
1.7430608
1.782539
1.857147
1.6460227
1.7713865
1.7322543
1.7557232
1.8018675
1.6873298
1.81455
1.6656691
1.6641661
1.7275114
1.800603
1.6593988
1.7111605
1.7512227
1.6840538
1.692518
1.7290635
1.7753278
1.637733
1.712073
1.6963671
1.7479922
1.7641598
1.7054542
1.6603727
1.7124063
1.6395824
1.7423397
1.902483
1.7155372
1.6897254
1.7990836
1.7271292
1.6665154
1.6296247
1.6373372
1.7453885
1.7729716
1.7479169
1.6917982
1.7669507
1.6404243
1.774179
1.8238817
1.8737985
1.7023501
1.81392
1.8874041
1.7746683
1.6890757
1.7016578
1.815213
1.7988399
1.762347
1.6583838
1.7320938
1.7651995
1.7987257
1.6719753
1.740382
1.6653697
1.79537
1.6951905
1.6557478
1.67257
1.7421186
1.7133462
1.6673462
1.7083956
1.816684
1.759724
1.8243033
1.6727703
1.7686745
1.7651772
1.8038632
1.7289689
1.701335
1.7994558
1.7281673
1.6903743
1.6541758
1.6768955
1.7728287
1.7484415
1.7316188
1.6258456
1.6649423
1.9441897
1.7286685
1.7053885
1.6856503
1.7808315
1.7002889
1.7517258
1.6666735
1.7456272
1.8076415
1.657169
1.8751535
1.7010642
1.717817
1.8270407
1.8217038
1.7207499
1.841196
1.7014816
1.7507045
1.7892841
1.7720186
1.753104
1.7682781
1.6989
1.7593992
1.6886315
1.7089257
1.6715268
1.6917707
1.6529838
1.7606966
1.6815033
1.6624299
1.7870735
1.6750195
1.7528237
1.6819917
1.7202129
1.7289426
1.6762652
1.799124
1.7183317
1.7827308
1.7870855
1.6872083
1.7884692
1.7617577
1.7982115
1.7264748
1.7319238
1.7372824
1.7228276
1.6984775
1.691117
1.7199281
1.7944508
1.7074275
1.7874192
1.8360466
1.805547
1.8432114
1.7935749
1.7578726
1.747395
1.7290025
1.7364553
1.6958653
1.8188943
1.7517723
1.8189232
1.7555382
1.668813
1.755512
1.741754
1.704822
1.6977525
1.7604176
1.7206258
1.6810222
1.6894094
1.64191
1.7495126
1.6908867
1.7284153
1.6754634
1.7490765
1.688239
1.7686082
1.6651537
1.667215
1.6739459
1.6721733
1.7567552
1.7424575
1.797654
1.6763594
1.7792773
1.6642277
1.7753329
1.8039155
1.7523452
1.7441003
1.727303
1.8172525
1.7033312
1.7058083
1.7883475
1.7709118
1.7889173
1.7721645
1.7842039
1.7364213
1.853465
1.6982868
1.6990365
1.83327
1.7701428
1.6700956
1.6663891
1.844411
1.6971937
1.6808317
1.8522773
1.7672803
1.7632825
1.6754917
1.7501016
1.8336108
1.8182139
1.738502
1.7311085
1.7038425
1.696137
1.7065855
1.6878862
1.7230452
1.7465202
1.6946225
1.7043165
1.6748673
1.785685
1.7617203
1.7170012
1.7811168
1.6753098
1.6921061
1.7145996
1.7784498
1.7838311
1.7685335
1.6923834
1.7235751
1.6773846
1.7210387
1.6792239
1.7240137
1.7674258
1.760113
1.8293277
1.7293857
1.6417717
1.6845436
1.6719768
1.7491653
1.8458933
1.6526482
1.7032787
1.7633764
1.78632
1.7020869
1.8313823
1.6617796
1.74012
1.7729063
1.7058526
1.7089977
1.7099768
1.6947241
1.797553
1.690424
1.7446152
1.877847
1.7152276
1.8220103
1.7318172
1.7727127
1.692454
1.7810695
1.714634
1.7360138
1.6706862
1.6511966
1.6792723
1.674189
1.6878664
1.6863388
1.7117368
1.7495587
1.7131038
1.7973593
1.672845
1.7080945
1.7411453
1.6779333
1.7466195
1.7963653
1.7080384
1.7098545
1.6776658
1.954121
1.82072
1.6823511
1.6763623
1.7042335
1.7741011
1.8979957
1.782571
1.7959075
1.7776101
1.6404248
1.7691828
1.6570696
1.791381
1.7633935
1.6339197
1.7675744
1.787812
1.7473264
1.7001605
1.6607878
1.7412974
1.7221087
1.752914
1.6881565
1.6970917
1.7024424
1.6859093
1.7035435
1.769409
1.6929617
1.7194707
1.7049477
1.6823348
1.6410078
1.7597924
1.7111205
1.7294354
1.7245268
1.6385705
1.721298
1.6710424
1.7492349
1.7722776
1.685476
1.8273708
1.6632444
1.7019322
1.6453714
1.712402
1.684234
1.7202604
1.7989827
1.670815
1.7212185
1.6121926
1.688135
1.7622718
1.7076252
1.6652672
1.7446415
1.6739066
1.778831
1.6653833
1.7981439
1.7885222
1.7441643
1.7671463
1.772041
1.7904351
1.7381474
1.7473499
1.7346623
1.7414608
1.7090209
1.7074921
1.6557312
1.6716925
1.6609635
1.830017
1.7935722
1.6962358
1.6871467
1.6646757
1.6883937
1.6806298
1.762446
1.6442276
1.6949178
1.7444878
1.7925695
1.7178973
1.7169802
1.6601634
1.7641963
1.6650875
1.6808121
1.6394522
1.7821163
1.6851219
1.6631887
1.6407766
1.6663736
1.7690578
1.6563565
1.766869
1.660823
1.747506
1.7457777
1.7183032
1.687199
1.677892
1.6568855
1.7002943
1.6936088
1.7279849
1.8453012
1.773587
1.8057344
1.7602895
1.8827199
1.7706555
1.8203568
1.6251255
1.7144471
1.685409
1.7393014
1.765771
1.624079
1.7511047
1.6313615
1.720127
1.7163881
1.753726
1.8187507
1.7755268
1.7262173
1.6757522
1.8048108
1.687116
1.755751
1.7541806
1.8073372
1.7329187
1.9182936
1.8585645
1.791946
1.836201
1.776539
1.7837093
1.7956413
1.618733
1.7172465
1.6767695
1.7384403
1.700378
1.6478163
1.7007028
1.7559516
1.6623127
1.659689
1.7118378
1.727403
1.7369546
1.6557853
1.713038
1.7824031
1.7363452
1.6991688
1.7370018
1.704468
1.6463068
1.7606965
1.7612042
1.7910877
1.6769676
1.7236379
1.7661268
1.7757032
1.7129143
1.7841452
1.6929585
1.683295
1.6550862
1.8193505
1.7850366
1.7231756
1.66402
1.6234632
1.7225245
1.7461787
1.6901385
1.765621
1.6560726
1.7385582
1.7234772
1.734869
1.7235752
1.7782519
1.685189
1.759402
1.7376555
1.7874068
1.9035618
1.7720301
1.690323
1.8208102
1.6883308
1.7533536
1.7351959
1.6590782
1.6549155
1.7275103
1.7140657
1.685066
1.6735168
1.6487558
1.6613504
1.7270542
1.6749548
1.7271057
1.6268177
1.6663885
1.6772673
1.6642656
1.6683121
1.70072
1.752491
1.7414027
1.7335434
1.7132605
1.7290722
1.6259042
1.6873478
1.670097
1.6982802
1.7180603
1.632315
1.7000958
1.6589265
1.7131563
1.6476785
1.7065306
1.7685475
1.7093925
1.7088412
1.723282
1.65467
1.6664767
1.724759
1.6680342
1.7998908
1.7295402
1.68221
1.8009328
1.6755556
1.7230026
1.7193778
1.6575258
1.7286292
1.7138958
1.7282666
1.6974512
1.6903704
1.737028
1.7449636
1.7196385
1.6367497
1.7554423
1.6669787
1.8490969
1.7244496
1.7731171
1.7700034
1.7426674
1.8567874
1.7330668
1.75355
1.6748023
1.8924842
1.6781899
1.6281925
1.77353
1.691882
1.7219214
1.6935302
1.6594326
1.6438171
1.7214674
1.6516192
1.695282
1.7196847
1.640093
1.6856076
1.6734703
1.7074132
1.6239218
1.7111075
1.6607252
1.7279598
1.7517333
1.7198057
1.6930075
1.6386722
1.646697
1.8219527
1.6811463
1.7254633
1.7537163
1.7466729
1.6697885
1.640974
1.7400714
1.693155
1.6434728
1.7056955
1.6804882
1.6526657
1.7382965
1.6540985
1.7851684
1.646774
1.7179725
1.7325925
1.6848882
1.676105
1.7145042
1.6829311
1.646781
1.645484
1.7759466
1.7596192
1.6515373
1.6568117
1.6505635
1.6504619
1.7135249
1.6234947
1.7367772
1.7264804
1.7235162
1.7789782
1.7371547
1.7369009
1.7297163
1.7259792
1.7268143
1.720523
1.6868857
1.6925783
1.725252
1.6979574
1.6719283
1.6745595
1.6845319
1.6740574
1.7494112
1.6313909
1.6806335
1.6256713
1.6959633
1.7560165
1.710249
1.6525971
1.6048433
1.8134534
1.6464685
1.6454762
1.6988822
1.6444978
1.6875167
1.7356855
1.6388712
1.6822435
1.6873155
1.7258308
1.7446938
1.7300315
1.6938902
1.8154505
1.73895
1.7260232
1.6615676
1.709561
1.653694
1.7755133
1.77943
1.7195383
1.7022748
1.6676835
1.6806399
1.6553133
1.7082508
1.6284055
1.704849
1.685088
1.6842775
1.6701522
1.6411812
1.7703333
1.7862993
1.6903555
1.6437839
1.7783073
1.7022637
1.885309
1.679386
1.7637943
1.666678
1.7533045
1.7113343
1.6681012
1.713467
1.6251678
1.7323941
1.6769992
1.670225
1.7532582
1.6927094
1.7532336
1.669128
1.6531644
1.7050693
1.6734765
1.6983123
1.621125
1.666837
1.7304709
1.666616
1.7140663
1.6513305
1.7543662
1.6598392
1.6401315
1.6618538
1.663643
1.6612265
1.8048589
1.7810968
1.768656
1.7249242
1.7412685
1.731506
1.8820653
1.7605883
1.6825796
1.7228323
1.7413708
1.7213413
1.6606145
1.6457525
1.7159854
1.7427229
1.6959373
1.6377088
1.6996633
1.6344362
1.6710145
1.6436898
1.6609911
1.7143582
1.7283893
1.7733022
1.7111412
1.6825548
1.6619325
1.7109423
1.6158792
1.739137
1.6950125
1.6607118
1.6809515
1.6489965
1.6156805
1.6148382
1.6737862
1.748159
1.7424295
1.6761645
1.7168428
1.6962452
1.8161051
1.7400964
1.8114878
1.7789081
1.8274171
1.7652928
1.7205426
1.6525693
1.6914116
1.6616495
1.7269889
1.7171887
1.7199869
1.7333692
1.714303
1.7083944
1.7381246
1.7415031
1.658256
1.6949399
1.7306163
1.700435
1.7264185
1.6989305
1.7030164
1.6388192
1.6274675
1.6883887
1.755654
1.6542785
1.6337072
1.688884
1.7347735
1.7165974
1.6437643
1.7396384
1.6754438
1.711877
1.6514846
1.6614996
1.7629621
1.6821898
1.7336035
1.7369295
1.6673278
1.7614645
1.7315272
1.6529944
1.8432473
1.6335955
1.7166485
1.676152
1.7173165
1.732125
1.7100692
1.6694587
1.6775885
1.656723
1.7611272
1.7433444
1.6880773
1.7081847
1.646826
1.6718547
1.6665251
1.7253901
1.7657956
1.733693
1.7288053
1.6800938
1.711113
1.6755384
1.8649242
1.7424248
1.640731
1.6882788
1.6580173
1.6871091
1.7006545
1.6333941
1.6714654
1.6415651
1.6481067
1.7606485
1.7044168
1.6270312
1.6794312
1.7005655
1.7452997
1.7053113
1.6774337
1.709478
1.8803493
1.6617203
1.6754347
1.6810005
1.6438698
1.6596556
1.721375
1.7357295
1.657007
1.6550332
1.7468338
1.6800566
1.6314495
1.7559295
1.6958181
1.6255647
1.7306128
1.8101918
1.6446612
1.6224087
1.6932105
