26.51019
26.729136
26.324043
25.820452
26.067371
25.531729
26.158478
25.596848
26.470491
25.550312
25.75672
25.808231
25.629784
25.277382
25.597496
25.150204
25.393269
25.178741
24.689861
24.892176
24.444708
24.013767
23.969627
23.543053
24.19582
23.833338
23.12719
22.9405
22.784445
22.539637
22.079895
21.342968
20.794292
20.21292
19.576036
19.851252
18.75942
17.920942
18.22441
17.665915
17.258425
16.687492
16.05946
15.093301
14.454114
13.274184
12.1046915
11.727694
12.165916
11.816385
11.97479
11.624648
10.100262
10.334257
9.294593
9.20415
9.15871
8.84179
9.007028
8.2617
8.374681
8.111048
7.972568
7.772818
7.439814
7.436059
7.684756
7.44679
7.9864674
7.630949
7.3297014
7.516321
6.8133245
6.7514286
6.624338
6.4180245
6.50303
6.4637384
6.399173
6.7749667
6.884527
6.6978846
6.4767957
6.1804514
5.919264
5.788386
5.387682
5.5548463
5.6138864
5.392511
5.647231
5.6269975
6.27368
6.112582
6.1859956
6.1758184
6.029011
5.916081
5.5410147
5.631127
5.370815
5.618378
5.748916
5.652906
5.506181
5.5040054
5.7551894
5.662755
5.4661803
5.5274034
5.307088
5.464608
5.409906
5.4163704
5.523052
5.472571
5.410245
5.3466735
5.367781
5.3447804
5.1307507
4.933947
4.968089
4.757751
5.088237
5.027962
5.093936
5.570789
5.5163918
5.6941557
5.526058
5.809248
5.4847755
5.224981
4.89373
4.9645095
5.230437
4.990085
5.019023
4.768562
5.148895
4.959504
5.155912
5.223035
5.155056
5.1504498
4.8728423
4.752919
4.938758
5.16436
4.699503
5.23558
4.84941
5.3822775
5.2166486
5.3500423
5.0371704
5.397512
5.22227
4.842996
4.8261256
5.046918
4.799204
4.866063
4.861448
5.006003
5.1761765
5.052084
5.2492385
5.283601
5.284048
4.972445
5.0424848
4.935211
5.4079566
5.175456
4.774713
5.031591
5.275323
5.094959
4.994244
4.557491
4.708375
4.691732
4.492933
4.337175
4.5399566
4.8770027
4.7641993
5.225976
5.137645
5.1959243
5.200411
5.031153
4.8885555
4.863662
4.6304746
4.435329
4.753275
4.657469
4.7105203
4.623974
4.948081
4.679993
4.829853
4.8022456
4.965466
4.646729
4.608204
4.729853
4.663021
4.964389
4.923301
4.9351416
4.888665
4.848437
5.0124345
4.9451556
5.147288
4.940175
4.855464
4.997201
5.268456
5.0015035
5.0431914
5.476854
5.149164
5.138295
5.047277
5.019023
4.8058004
4.7238817
4.851995
4.497648
4.548165
4.6214895
4.451042
4.505162
4.6848865
4.818813
4.566364
5.005645
4.9137278
4.957228
4.760075
4.830043
4.854344
4.683286
4.621704
4.5854397
4.433537
4.2050066
4.7483253
4.698445
6.436187
8.62923
8.267364
7.063111
5.574668
7.051347
8.865431
7.71678
6.85194
5.618575
5.3855596
5.872468
5.468918
4.9680743
4.463091
4.472474
5.017845
5.265082
5.14275
5.204766
5.771799
6.104743
5.261379
4.808797
4.788743
4.9151545
4.640584
4.31473
4.465814
4.483885
4.6845236
4.773263
4.5716014
4.7087064
4.8592906
4.8676724
4.9759536
5.2102766
4.8005333
4.7022314
4.662036
4.676572
4.5202127
4.4732137
4.788814
4.804769
4.6915846
4.637555
4.669277
4.976503
4.715426
4.649128
4.832803
4.718249
4.495554
4.468757
4.398426
4.7752385
4.364258
4.5778575
4.445719
4.700801
4.1936684
4.9199
4.6379247
4.673407
4.3789687
4.593183
4.685941
4.415392
4.5151224
4.410395
4.4316006
4.543375
4.2046986
4.4665046
4.549298
4.400184
4.495873
4.5225496
4.245942
4.251298
4.5974007
4.1943197
4.152773
4.25974
4.243178
4.301876
4.280526
4.2608914
4.4364376
4.302048
4.417211
4.2624025
4.347132
4.1845107
4.028907
4.1002007
4.138509
4.1844435
4.0609045
4.146647
4.0935283
4.1245556
4.0312705
4.281731
4.385184
4.4161143
4.443983
4.542603
4.7093797
4.63117
4.54919
4.3437214
4.4629393
4.409693
4.1816754
4.386347
4.1182394
4.1391363
4.3023777
4.0766745
4.367021
4.1275525
4.26404
4.409265
4.3577805
4.5452156
4.465633
4.124036
4.226244
4.533577
4.273768
4.0826983
4.109268
4.0423274
4.201173
4.131958
4.281008
4.151374
3.9397333
3.9693117
4.040961
4.146314
4.117718
4.1488132
4.105164
3.9827936
4.0107055
3.8244734
3.9893837
3.875179
4.1032333
3.9607005
4.1353564
4.106317
4.2593846
4.108505
4.1604424
3.9937
4.149491
4.127554
4.11909
4.0325
4.0328565
4.1133738
3.9322388
3.8772912
4.0852904
4.1077886
3.933495
4.0444894
4.1584587
3.9644024
3.971794
3.9559784
4.2280817
3.927924
4.159908
4.0374765
4.2414603
3.8944864
4.116145
4.026243
4.403386
4.141807
4.1367283
3.873174
3.9517105
4.0785136
3.826673
3.9703274
4.0921807
4.1568093
4.1161537
4.165041
4.1189156
4.280223
3.943829
4.1383615
4.2280483
3.9459975
3.806672
3.877164
4.181229
3.8624377
3.9031115
3.9244986
3.9077587
3.901966
3.7673914
3.8814886
3.8612704
3.9536629
3.942104
3.761287
3.891409
3.9851463
4.0381227
4.087452
3.8113835
3.9477415
4.097915
3.8576462
3.884772
3.6713636
3.7904499
3.8803024
3.8477223
3.7099519
3.7717667
4.027654
3.832343
4.065506
3.964768
3.995034
3.9883928
4.1350675
4.0158668
4.1268625
4.1393723
4.060319
3.9998677
4.059305
3.962484
3.8329926
4.085938
3.9862256
3.7462435
3.8016093
3.881001
3.9337444
3.8877385
3.7537065
3.7925723
3.9595976
3.852882
3.7702994
3.7035425
3.7158945
3.9960241
3.6929586
3.602527
3.9496949
3.860306
3.8914676
3.6022346
3.8458655
3.846832
3.835129
3.6823204
3.7092502
3.6530569
3.750956
3.8811774
3.8006275
3.7652183
4.0121603
3.927071
3.9473372
4.0031466
4.101483
3.9033544
3.8026197
3.785207
3.86093
3.5220647
3.820687
3.830597
3.9555054
3.798464
3.850547
3.8690968
4.013955
3.810141
3.6992674
3.7523565
3.7444172
3.8067095
3.919823
3.762983
3.7669957
3.730037
3.7226593
4.0236325
3.9625
3.8062222
3.8758874
3.9519496
3.872123
3.9064577
3.7704875
3.7812896
3.7063577
3.7697895
3.808141
3.685387
3.8237355
3.5886798
3.8128397
3.751574
3.8132682
3.859872
3.722798
3.8228
3.7393668
4.060604
3.7121246
3.8492188
3.8228383
3.747757
3.6475034
3.616368
3.8591163
3.6608655
3.815925
3.7299428
3.7045949
3.6035829
3.643398
3.7743745
3.6715019
3.6419463
3.6357265
3.5835645
3.556812
3.5272212
3.491079
3.766814
3.5388887
3.4391932
3.7887826
3.8233588
3.8767104
3.9925115
3.798891
3.8862293
3.74901
3.6065705
3.5501955
3.610837
3.388118
3.507343
3.5217164
3.822246
3.5732026
3.7745018
3.649872
3.7353804
3.662808
3.5011137
3.6050062
3.718205
3.6437392
3.5263824
3.561497
3.699221
3.5903394
3.9071605
3.928849
3.710624
3.678735
3.6854973
3.375902
3.4052334
3.69051
3.848808
3.954315
3.5749187
3.6818461
3.8411174
3.7424467
3.770288
3.7357423
3.6846912
3.8676846
3.6053567
3.4998143
3.647944
3.5069683
3.7550273
3.6758814
3.677082
3.5485096
3.6242914
3.6312246
3.4535975
3.6651275
3.5777364
3.5356865
3.372933
3.6265786
3.8399222
3.6871054
3.4365585
3.563248
3.7698226
3.5052955
3.4359965
3.6290305
3.4583871
3.5256565
3.4047644
3.5446186
3.4767795
3.566479
3.3582428
3.507059
3.8278842
3.620022
3.847931
3.539059
3.5454617
3.5353587
3.72137
3.54753
3.4608316
3.40845
3.6580522
3.5606015
3.611973
3.6563663
3.5403597
3.60762
3.5693743
3.591254
3.4677486
3.5640423
3.3585618
3.6281333
3.4405155
3.5094726
3.2735436
3.4707606
3.5213013
3.39337
3.3429134
3.4197717
3.3769338
3.333469
3.5315554
3.403759
3.4913685
3.35846
3.3393736
3.3134575
3.303046
3.4909863
3.6508963
3.3674285
3.4253347
3.5335958
3.7471075
3.474233
3.7745922
3.531079
3.4756675
3.2146106
3.4106624
3.2210555
3.734425
3.541434
3.218096
3.3072474
3.3601122
3.519029
3.4798508
3.4502783
3.392203
3.3218434
3.311048
3.250884
3.2183118
3.2676218
3.4193814
3.4488037
3.3932471
3.3014514
3.7359855
3.524797
3.522759
3.3948636
3.407579
3.4276814
3.4228559
3.5157707
3.4453664
3.4922042
3.4614708
3.5014298
3.5959985
3.5401282
3.373018
3.6154745
3.312783
3.5776582
3.652372
3.3798966
3.2497292
3.3422575
3.2528722
3.365441
3.3274074
3.331852
3.2751224
3.5111916
3.4257975
3.5004485
3.64526
3.5573385
3.686386
3.3049846
3.657804
3.5711155
3.505856
3.3729615
3.1510706
3.3891735
3.402676
3.0378408
3.3167753
3.4697838
3.3085854
3.4226685
3.414527
3.6025145
3.3744833
3.2841287
3.294087
3.256871
3.2127001
3.2231088
3.3292146
3.1711886
3.3094616
3.39562
3.2302158
3.3860536
3.1855352
3.2056048
3.1976001
3.079462
3.559167
3.345859
3.0541754
3.341743
3.3200164
3.353604
3.3025174
3.371522
3.2676756
3.3812892
3.381756
3.4757242
3.382869
3.4126182
3.392877
3.3344872
3.218836
3.2695029
3.4222975
3.26471
3.193617
3.163559
3.4323142
3.3383589
3.302395
3.2618587
3.2764292
3.1733685
3.2131846
3.327242
3.056728
3.1226795
3.1959364
3.0060441
3.514959
3.0376182
3.3039887
3.2634108
3.2712152
3.3778038
3.4968402
3.5618474
3.159093
3.2258675
3.219763
3.243243
3.201272
3.263807
3.242838
3.1124701
3.3261232
3.077874
3.3206031
3.408469
3.2880225
3.1612167
3.1790397
3.2377987
3.27623
3.2626536
3.0459745
3.088874
3.4418795
3.178939
3.2985642
3.1328864
3.1793053
3.1479995
3.183428
3.0224268
2.9374316
3.0344324
3.2167633
3.1132154
3.1468496
2.930036
3.1253233
3.0792325
3.1188567
3.0759525
3.2233746
3.3861046
3.225686
3.0809977
3.1992779
3.0504935
3.2684112
2.8416984
3.2167375
3.1498258
2.9422998
2.8905165
2.9281774
3.1620555
2.9216712
3.1667664
3.0719917
3.110839
3.130645
3.1494105
3.010673
2.9393005
2.9762604
3.1093373
2.900333
3.064149
2.9926715
2.986145
3.1213906
2.8659108
3.13362
3.062825
3.0262165
3.005922
2.8806844
3.1716065
3.1125085
2.9951267
3.0297525
3.0542245
3.055307
2.8276706
2.806452
2.8213274
3.1520743
2.9221003
3.0061574
3.1096272
3.2133543
3.2718985
3.1905305
3.0845826
3.2568128
3.0264785
2.9830482
2.910681
2.985329
3.203199
3.253428
3.2252736
3.5026765
3.185124
3.0188172
3.1185062
3.2052155
3.0393002
3.0109196
3.0254004
2.943909
2.9618216
3.296726
2.9682739
3.1994185
3.0133226
3.156383
3.04169
3.1382444
2.937496
3.005702
2.9514844
2.937544
2.906597
2.815818
3.1043565
2.9638398
2.9840567
2.821988
3.0404747
2.9239721
2.9840243
2.8281286
2.7878294
3.0922732
2.9869986
2.8953323
2.955527
3.0428345
2.8480866
2.8370802
2.938125
3.0746806
2.8858676
2.831408
2.8537009
2.850486
2.9053228
2.8991406
2.9943213
2.724498
3.1377683
2.8241363
3.0680327
3.0721512
2.947989
2.7717288
2.8580806
2.9500134
2.842334
2.963068
3.066602
2.8684113
3.0102904
2.9505255
2.849724
2.953504
3.0692186
2.885769
2.92138
2.810752
2.9898753
2.8897405
2.850757
2.9949589
2.9358265
3.022568
2.7928436
2.8671834
2.971877
2.9554772
2.785057
2.9548109
2.9780104
2.7902853
2.6248326
3.0738845
3.018573
2.7513607
2.706149
3.0137405
2.934252
2.7982578
2.7814312
2.939357
2.793457
2.728985
2.7908726
2.7188404
2.8123386
2.6598644
2.7458136
2.9128413
2.7728748
2.6777844
2.7686355
2.67918
2.8260767
2.8751254
3.0352988
2.8433495
2.7094867
2.758607
2.7678547
2.6699386
2.5737104
2.8453095
2.7698076
2.7944312
2.699642
2.647575
2.8414485
2.7735085
2.7714236
2.771143
2.6483645
2.6026309
2.5133362
2.7745547
2.5005622
2.6048615
2.7000747
2.651176
2.668177
2.687795
2.7616093
2.6104944
2.674843
2.75209
2.5158236
2.7935529
2.731527
2.667051
2.715385
2.618146
2.510596
2.665727
2.7037668
2.7933803
2.8450987
2.8622026
2.7172823
2.6540673
2.86231
2.6916628
2.7032545
2.6378076
2.681942
3.0648525
2.626324
2.7380738
2.781945
2.7270024
2.7768896
2.63707
2.6086023
2.6846466
2.7329855
2.6601233
2.5798671
2.7115862
2.6856635
2.736208
2.4294388
2.6380773
2.542432
2.7135513
2.7287288
2.535088
2.658118
2.614767
2.5017967
2.657115
2.6372886
2.7041695
2.4748266
2.571115
2.5166774
2.6768706
2.38631
2.7172992
2.7636945
2.5816324
2.4354255
2.430616
2.676854
2.520879
2.626109
2.3200555
2.838659
2.6189532
2.4295518
2.4990826
2.6493282
2.4409952
2.418997
2.741383
2.8699255
2.3846855
2.4887633
2.398282
2.6418445
2.582267
2.660606
2.7076497
2.4501147
2.4639452
2.5902345
2.645864
2.8423214
2.4172597
2.7094088
2.7354245
2.6132586
2.4097557
2.8447814
2.899078
2.6185226
2.5509698
2.7823062
2.555858
2.5194106
2.5495586
2.53957
2.3980043
2.675173
2.4279854
2.434523
2.7700064
2.5048225
2.446164
2.3823223
2.6782584
2.6894646
2.5982225
2.5870595
2.4998362
2.4637804
2.5323145
2.4192042
2.5504951
2.461591
2.5106344
2.4112878
2.536812
2.3398106
2.4584296
2.5604541
2.5438046
2.3588448
2.504687
2.767723
2.3975258
2.59872
2.65008
2.751942
2.535475
2.6966085
2.5297918
2.4461212
2.4960444
2.5544825
2.5034862
2.5209482
2.6738844
2.5685356
2.3476062
2.6471
2.6748254
2.6297364
2.480216
2.7105153
2.6801593
2.630883
2.536651
2.529507
2.6266925
2.5028405
2.6563988
2.554237
2.6171892
2.748498
2.6612465
2.475794
2.282356
2.474554
2.5117736
2.563821
2.3364434
2.328039
2.3091195
2.4673727
2.3943343
2.6493862
2.2127059
2.3034606
2.477971
2.5218618
2.323822
2.2615254
2.570859
2.4222536
2.3123565
2.4846265
2.461244
2.493529
2.3722806
2.3949256
2.416693
2.4129086
2.342643
2.4359696
2.4066584
2.6825552
2.5445814
2.1866045
2.3875344
2.4177349
2.6765566
2.445527
2.3502507
2.465452
2.264823
2.3416355
2.522099
2.5707126
2.3113568
2.4550686
2.345601
2.574954
2.3164916
2.5357666
2.5341191
2.4212422
2.6053512
2.5700467
2.4143345
2.3517356
2.6710649
2.4878123
2.4809442
2.2679217
2.415445
2.6079576
2.4346137
2.504784
2.4217904
2.6147623
2.6263235
2.705189
2.3136516
2.447604
2.4604785
2.356464
2.3830016
2.3819358
2.5684695
2.3274608
2.234233
2.485722
2.3827035
2.387249
2.1055207
2.3787336
2.2711666
2.559954
2.4076345
2.284215
2.3843305
2.34863
2.2773626
2.2372932
2.14247
2.2963078
2.303043
2.4391265
2.2839406
2.2696154
2.4432335
2.4347892
2.3656518
2.6647737
2.5763404
2.3473246
2.3429184
2.4241683
2.318708
2.4577775
2.3563826
2.4580965
2.3795326
2.5607102
2.3604264
2.3773086
2.416737
2.5634334
2.5161893
2.4429133
2.7828355
2.4298775
2.380431
2.6463287
2.6152565
2.3850155
2.8498354
2.4447153
2.722087
2.3487117
2.3267965
2.3144288
2.6650393
2.529255
2.383921
2.41522
2.6041236
2.3549197
2.4416573
2.4590876
2.571224
2.5783045
2.462425
2.415701
2.4641943
2.5212286
2.18136
2.354239
2.548682
2.4353726
2.5171154
2.4139435
2.453195
2.3171735
2.350407
2.3941314
2.3271923
2.317583
2.5110295
2.4197364
2.5176127
2.296371
2.5539794
2.348854
2.299002
2.4988348
2.2129095
2.4223435
2.6218843
2.4157004
2.1923237
2.3143666
2.41511
2.113929
2.2134979
2.3558838
2.5013676
2.565647
2.347388
2.287702
2.3824954
2.1908455
2.3637552
2.443271
2.3360455
2.547933
2.285465
2.6441224
2.3553393
2.2045836
2.5916114
2.7351942
2.48827
2.378851
2.3642209
2.4468095
2.665173
2.2380219
2.2777236
2.377392
2.383571
2.0967422
2.512051
2.2724602
2.086979
2.2076874
2.1421945
2.0875247
2.137267
2.0703275
2.2774217
2.1453464
2.1330338
2.3623564
2.190753
2.2409816
2.1538014
2.1346292
2.2449892
2.2069912
2.228954
2.162071
2.2473128
2.331639
2.1244318
2.206485
2.3645506
2.2194948
2.2380934
2.367617
2.427644
2.1914992
2.3675694
2.3316648
2.2000153
2.4753642
2.259999
2.1910439
2.0479937
2.2975478
2.1104085
2.1557822
2.2479284
2.2589946
2.363262
2.291211
2.0262241
2.1299348
2.20889
2.2478368
2.2812495
2.1982648
2.284074
2.389072
2.5149732
2.272753
2.1717355
2.3650458
2.352299
2.3276455
2.484597
2.2611508
2.3293836
2.400185
2.2558866
2.566083
2.3997233
2.3363225
2.4351075
2.374905
2.4649303
2.05453
2.311804
2.6303985
2.488179
2.329499
2.3200967
2.496485
2.4025383
2.1494474
2.4268036
2.2815914
2.3976765
2.320856
2.1289065
2.2112734
2.1568692
2.1737516
2.338495
2.2198124
2.5758784
2.3800843
2.347614
2.4348063
2.3478
2.352015
2.2825816
2.3026311
2.2468498
2.3247116
2.1507885
2.396078
2.367217
2.1705742
2.2526596
2.4550514
2.1715114
2.1282623
2.432538
2.205425
2.121041
2.1272168
2.185292
2.202444
2.1268852
2.1437697
2.0909534
2.361041
2.5884194
2.314137
2.5745757
2.3292499
2.3855054
2.763871
2.269353
2.2443817
2.2085197
2.056568
2.0962462
2.235309
2.3989937
2.241531
2.386405
2.4868205
2.241794
2.4286027
2.2765484
2.183696
15.4427
19.403688
22.126436
22.735619
23.6442
23.112915
23.910099
24.140236
24.402222
23.918451
24.348236
24.500044
24.263779
24.535795
24.711975
24.248423
23.685814
23.838957
24.591972
24.171242
24.518446
24.103533
24.128103
24.528444
24.293224
24.145565
24.005661
23.947659
24.271648
24.69523
24.021849
23.989197
23.2348
24.042303
23.42918
23.84154
23.813671
23.078863
23.608835
23.86092
23.835892
23.547373
22.940071
23.474901
23.379875
23.23102
22.825645
23.609983
22.520964
22.656631
22.702305
22.572416
23.20242
22.469933
22.624887
21.928988
22.00371
22.06714
21.58715
22.068268
21.612541
21.971748
21.766464
20.780828
20.892538
20.980242
21.43787
20.784868
20.87312
20.993546
21.278456
20.515596
20.845436
19.933413
20.11756
19.158228
19.37087
19.084127
18.91512
19.104595
18.428276
18.623186
18.13572
17.631996
17.363356
16.726831
16.38119
16.164953
16.166943
15.711855
14.849932
14.893682
14.031306
13.85559
13.608218
12.89059
12.555888
12.869848
13.367864
12.533172
12.842356
12.93318
12.231563
13.0119505
12.329974
11.544904
12.381547
11.738157
12.494517
12.028817
11.333601
11.877986
11.903352
12.279391
11.425259
11.597948
11.507446
11.172124
10.605618
10.986882
11.309657
11.478497
10.90498
11.310058
11.0941515
10.461218
10.375305
10.487384
10.60523
10.451529
9.750751
10.01178
10.20579
10.161377
9.953591
10.15748
9.794789
9.400983
9.438603
9.926554
9.745101
10.16548
9.535604
9.405703
8.956327
9.5350685
9.420833
8.62746
8.807224
9.0073595
8.473725
8.855705
8.759928
8.685012
7.927905
8.226872
7.8167615
7.921706
7.8500047
7.4421334
7.835709
7.5355864
6.992522
7.3826966
7.2447743
7.254317
6.737997
6.3314214
6.276196
6.019783
5.9572954
5.750548
5.8985834
5.628833
5.479079
5.340512
5.421941
4.990669
4.68876
4.881193
4.6700864
4.650454
4.6870933
4.2117777
4.304036
4.2078304
4.0168138
4.0305066
3.9839
3.7667196
3.58756
3.6929815
3.793757
3.4861064
3.3064106
3.4584079
3.2565074
3.1862242
3.267252
3.372916
3.128977
3.2313175
2.9063582
3.182878
3.0130887
2.9001853
2.819256
2.9460244
2.9469507
2.7922738
2.7925515
2.7728386
2.9345224
2.7968166
2.6737576
2.7281542
2.759142
2.702758
2.65542
2.6916025
2.752603
2.7441185
2.6712134
2.7710466
2.6658845
2.700886
2.701676
2.57581
2.6199214
2.6465461
2.471818
2.5459158
2.5892243
2.7573612
2.5839126
2.478789
2.577929
2.8835304
2.617351
2.684721
2.5172753
2.6031306
2.779806
2.4611428
2.6024902
2.630711
2.4852164
2.6163387
2.5590916
2.5639791
2.477371
2.4668198
2.4387143
2.595264
2.428451
2.629368
2.462676
2.4255304
2.765351
2.469516
2.7151253
2.5543325
2.770646
2.5440724
2.511554
2.584692
2.5191562
2.5688748
2.6609254
2.6158233
2.8735392
2.540943
2.635671
2.4442885
2.48035
2.4392397
2.6141958
2.5635092
2.4676964
2.4444602
2.486965
2.4737406
2.491285
2.615568
2.7207925
2.6965604
2.57501
2.421667
2.553277
2.49807
2.5727646
2.4817863
2.4538994
2.4866407
2.442453
2.4903235
2.4814725
2.5871265
2.4351625
2.3464234
2.5697925
2.4087262
2.5840938
2.4463785
2.4790776
2.574423
2.453394
2.447165
2.3960774
2.428875
2.5231414
2.453874
2.4372466
2.4224434
2.4940014
2.621949
2.3403833
2.5274062
2.602801
2.5464568
2.4644647
2.45703
2.341798
2.483376
2.581921
2.5259526
2.502424
2.6133704
2.3247478
2.534833
2.3768792
2.4128053
2.4140682
2.5658722
2.4353445
2.4921286
2.4856446
2.494516
2.4479384
2.390578
2.3889918
2.6012516
2.368623
2.546015
2.449976
2.373373
2.2822437
2.5088646
2.4889092
2.4304998
2.369071
2.3589876
2.281884
2.3415256
2.52338
2.5803876
2.350053
2.3928034
2.4751506
2.5521743
2.331531
2.359329
2.4520633
2.4934149
2.54986
2.53545
2.4996736
2.4430215
2.5757024
2.523532
2.5635848
2.5205626
2.3443613
2.4399037
2.6273954
2.444775
2.4472814
2.4148922
2.657698
2.548643
2.316799
2.4153206
2.3093965
2.352839
2.4526434
2.6611187
2.4351265
2.4498887
2.3835816
2.6981628
2.512115
2.365373
2.5367174
2.4727144
2.3193107
2.3713996
2.387767
2.366117
2.2718651
2.4996915
2.3702354
2.3565497
2.6179864
2.4425936
2.2400565
2.1853938
2.3557842
2.3687377
2.4426217
2.3585765
2.6086974
2.492811
2.3902068
2.3055975
2.4558325
2.4157465
2.435911
2.33561
2.1950355
2.4197795
2.423444
2.3438892
2.4402258
2.367486
2.4061642
2.3032877
2.2985086
2.3044808
2.4886174
2.346167
2.3104002
2.3965983
2.3731384
2.4723809
2.3540595
2.43765
2.4385
2.4154463
2.3187873
2.4192955
2.2984755
2.373596
2.2459004
2.415207
2.3123305
2.3786554
2.3340518
2.3189576
2.260192
2.2637894
2.3157752
2.350178
2.3943357
2.246167
2.2580523
2.426136
2.535965
2.38023
2.341194
2.327262
2.2790277
2.27337
2.267272
2.5903924
2.351126
2.4693375
2.477126
2.34458
2.4890952
2.5465443
2.5239396
2.3370473
2.424729
2.383462
2.3940744
2.3242207
2.438967
2.392932
2.26472
2.3960962
2.5135734
2.275082
2.2588735
2.3781471
2.1798894
2.2611265
2.4260914
2.3015523
2.4420562
2.2286549
2.21847
2.224328
2.5060074
2.2907946
2.2801614
2.5394554
2.3305495
2.4134545
2.343954
2.5794828
2.2784286
2.3503766
2.2484064
2.1872466
2.408533
2.2438898
2.2548335
2.294732
2.2167745
2.429574
2.255575
2.2872925
2.2578864
2.494896
2.2737837
2.3446
2.471965
2.359522
2.2285225
2.293901
2.3007336
2.249319
2.1944983
2.265131
2.315566
2.44749
2.3717122
2.1447735
2.296162
2.4152868
2.290816
2.2876065
2.3017156
2.213075
2.2654498
2.2660732
2.1698792
2.304246
2.192193
2.3001306
2.2581823
2.3219917
2.202141
2.270122
2.2553022
2.1419935
2.155469
2.2363918
2.2110245
2.350266
2.3466294
2.3894296
2.132658
2.2916393
2.0685494
2.1848786
2.25598
2.145183
2.33827
2.3129227
2.211087
2.2125244
2.2823339
2.177301
2.2025278
2.1692247
2.2785578
2.0932176
2.2022145
2.1204355
2.190353
2.193608
2.3072524
2.2543948
2.333319
2.354117
2.2470875
2.269448
2.2088675
2.251116
2.202312
2.283791
2.3164454
2.180391
2.2073865
2.3593125
2.2713785
2.1642015
2.3128655
2.3197994
2.151063
2.3757708
2.368777
2.2497349
2.339961
2.3310816
2.2505515
2.1912165
2.4357665
2.1268957
2.2527585
2.2498193
2.1757522
2.281908
2.1443524
2.412244
2.2447946
2.199447
2.4330504
2.169293
2.3146598
2.2475455
2.247749
2.2514377
2.0964642
2.448236
2.2252514
2.123424
2.1339657
2.257395
2.226489
2.1562467
2.261687
2.3027897
2.2042685
2.221505
2.203638
2.2108946
2.0942652
2.2646346
2.171115
2.2509766
2.3491125
2.289134
2.1932285
2.315918
2.280046
2.1551063
2.219315
2.148739
2.167791
2.2443552
2.0355878
2.2327812
2.2127125
2.3641706
2.1513643
2.2714455
2.147911
2.1851594
2.3550096
2.1961339
2.090802
2.2652974
2.3879945
2.1724255
2.2348366
2.127772
2.244869
2.1894288
2.2887015
2.1042252
2.129388
2.126088
2.2302828
2.006971
2.181246
2.1043775
2.1532323
2.154924
2.128293
2.1913514
2.224114
2.2015364
2.204848
2.0643754
2.1524482
2.270621
2.3748
2.2458127
2.2257905
2.201168
2.3403485
2.298317
2.23046
2.168899
2.202937
2.1596756
2.2264657
2.1721935
2.106992
2.3021579
2.1910453
2.129472
2.1435876
2.162989
2.116672
2.2749803
2.2472413
2.2673323
2.2199173
2.2536526
2.164811
2.1491249
2.3257608
2.1948817
2.2105508
2.1073692
2.1969194
2.0874429
2.312759
2.326616
2.1280975
2.1845396
2.0950334
2.2729769
1.9861151
2.0892332
2.099406
2.313799
2.337353
2.1790009
2.1039414
2.280834
2.0451555
2.159836
2.2167864
2.1857824
2.216049
2.335169
2.2179236
2.2863336
2.2877955
2.283025
2.1126027
2.0340543
2.0965927
2.197474
2.1449685
2.3579965
2.0439415
2.3314486
2.2280898
2.2517982
2.1542294
2.0561361
2.0226948
2.27495
2.0429537
2.1112988
2.0445333
2.2546983
2.0823677
2.2301755
2.0324397
2.1206677
2.0105438
2.1455781
2.1496673
2.1732237
2.111518
2.0187252
2.086677
2.0975213
2.125387
2.0656147
2.1283956
2.2098243
2.0812852
2.14006
2.101067
2.2708862
2.145128
2.187581
2.179886
2.1285806
2.3513415
2.0731196
2.2509272
2.1779616
2.1806657
2.0884047
2.0559156
2.1334405
2.0261614
2.254563
2.1190374
2.215996
2.1192205
2.0967503
2.2449229
2.2215154
2.2203102
2.1960056
2.1752355
2.1559334
1.996565
2.1070402
2.166763
2.3606029
2.4713008
2.1275249
2.2279284
2.2896025
2.1589673
2.207115
2.0345714
2.1541286
2.0730388
2.2951665
2.1870809
2.1489813
2.0232377
2.2006335
2.1307013
2.1928186
2.1588163
2.1330087
2.166382
2.2493825
2.2512991
2.104725
2.089199
2.3527455
2.0778348
2.2900076
2.1251464
2.1515074
2.157327
2.3233874
2.1403325
2.023693
2.0930269
2.1131804
1.9752328
2.1145227
2.0916674
2.0543284
2.2411816
2.0587602
2.0583498
2.136262
2.2377496
2.2542994
2.11256
2.079489
2.265948
1.9582467
2.0734627
2.1466994
2.007731
2.0857363
2.2046888
2.204097
2.112042
2.1112008
2.0863888
2.0750973
2.219967
2.0314693
2.235537
2.1210763
2.031727
2.0626514
2.217002
2.0133417
2.1944535
2.190889
2.0624733
2.0910072
2.1612062
2.0368261
1.9760941
2.0967283
2.1077886
2.2172105
2.1739917
2.1591065
1.981801
2.1239533
2.0642312
2.0152547
2.026867
2.1644244
2.3470016
1.9627239
2.1555188
2.050584
2.0745811
2.126624
2.109654
1.9405504
2.0062287
2.2016394
2.066892
2.1591935
2.2960448
1.9686315
2.0386555
1.881646
2.007299
2.1147015
2.0514607
2.058262
2.059493
1.9880071
2.0735426
2.051095
2.1048894
2.3250172
2.0879974
2.064674
2.1371908
2.0415275
2.0971067
2.139484
1.9960902
2.1730192
2.077329
2.0415154
2.165744
2.084201
2.004738
2.0735292
2.140766
1.9886123
2.0550222
2.0937202
2.0831475
2.1673348
2.1525364
2.0442097
2.139187
2.2364683
2.0924788
2.0551488
2.2102137
2.13357
2.119456
2.1694808
1.9973699
2.0518613
2.0772767
2.0608408
2.1147707
2.092675
2.2106657
2.1178734
2.1298032
2.1943433
2.0233898
2.008508
2.0019205
2.1364698
2.1123614
2.1790795
2.1827686
2.1202245
2.030673
2.0941465
1.9944385
2.0712507
2.0336204
2.115158
2.112918
1.9659747
2.0616438
2.0607212
2.0397427
2.0589292
2.0032647
2.164292
2.2311056
2.1201105
2.0390635
2.0704637
2.0212252
2.1586704
2.0450253
1.970693
2.0467448
1.9764303
2.1653054
2.10115
2.117187
2.2196
1.9855963
1.9338984
1.9716787
2.136328
2.061775
1.9758457
1.9712002
2.1805515
2.1596925
2.1913054
2.0422444
2.0353253
2.2006352
2.103344
2.1332457
1.9365656
2.0089924
2.136034
2.1041665
2.0044608
2.0271802
2.1783452
2.0915153
2.1121225
2.2743726
1.993796
2.1063719
2.0069585
2.157407
2.1116867
2.0124435
2.1419027
2.0336483
2.0492089
2.2391036
2.0710356
2.0089974
2.0526533
2.0687559
2.1720288
2.0173903
2.074752
1.9832412
2.3483634
1.9416314
2.0285716
2.1373634
1.962726
2.2573054
2.0222967
2.1100705
1.9941353
1.9729059
2.0040665
2.0344841
2.022676
1.9628814
2.044399
2.0364554
2.089916
1.9963106
1.9297175
2.1129074
1.9516897
2.0747755
2.098721
2.0992467
2.0653658
2.031616
2.0740612
2.025801
2.2143314
2.023637
2.034603
2.113723
2.0553868
2.0259326
2.0038264
2.2199285
1.9547703
2.138423
1.9991827
2.052973
2.2225876
2.2001476
2.2449825
2.1135647
2.099024
1.9357302
2.0409632
2.2060487
2.1387792
2.1530461
2.1897836
2.2006254
2.1652455
2.1268718
1.970037
2.024847
2.0938704
2.0482972
2.2018304
2.0132804
2.1993024
2.1066246
2.0038965
2.06431
2.057426
1.962336
1.9492912
1.9221866
1.9664185
1.994912
1.9869658
2.0052547
2.1881123
2.0568304
1.9564968
2.040813
2.177263
1.9707779
1.9302174
1.9430202
1.892544
1.9486287
1.9792572
1.8452786
1.9292423
1.9895685
1.9208916
1.9099985
1.9785115
2.1856825
1.969645
2.1455188
2.0118814
2.1698384
2.0164897
1.8718138
2.0130522
2.0624137
1.9385482
1.990565
2.0188887
2.0484996
1.925474
2.0131013
2.1738133
1.9549075
2.0332685
2.135722
2.16828
2.0734758
1.8960049
2.157943
2.098766
2.0254242
2.1089733
2.0770476
1.9850018
2.0135748
2.026185
2.1007354
2.044308
2.151137
2.088805
2.1103866
1.990148
2.1102839
1.9574487
2.0181153
1.997346
2.003426
2.0651658
2.1156652
2.0922203
2.0089905
2.05613
1.9140902
1.9570475
1.9701318
1.9863882
1.9329515
1.8920743
2.0359802
1.9291646
2.0007477
1.9698218
2.2368658
2.0257568
2.0400665
2.026632
1.9229583
2.0123634
1.8846698
1.9223928
1.9788035
1.8942854
1.9450932
1.9719925
1.9603823
1.876575
2.042926
1.9141641
1.8420433
2.122321
1.9933777
1.9265074
1.8579838
1.972428
1.8243731
1.9310777
2.0408418
1.9591064
1.9854246
2.085886
1.907733
2.0336812
2.025757
1.9009846
2.0211592
1.9601395
2.013276
2.010076
2.0634775
1.9248912
1.936867
1.9041728
2.018535
2.0049198
2.0715568
1.9002781
1.9557683
2.2370274
1.9510891
1.9906291
2.0233603
2.1661515
2.010537
2.0241182
2.1367054
2.1253545
2.138441
2.0557215
1.8784435
2.0406559
1.9417243
1.948005
2.114372
1.918067
2.0038064
2.0390363
2.1222343
1.9220283
1.9852883
1.9795524
2.06052
2.0611513
1.8586053
2.011321
1.9032347
2.1365201
2.0987983
1.9247948
1.9691223
1.9552485
2.0435593
2.0722566
2.115407
2.0721023
1.9001985
2.0366151
2.1082468
2.0129225
2.0625842
2.0348594
2.0739603
2.0582614
2.034913
1.9518433
1.9951602
1.9712888
1.890547
1.9636513
2.018239
1.9781396
2.0877008
1.9621518
1.8595779
1.949128
1.922113
2.106138
2.047685
2.1009507
1.9003345
1.9804304
1.9906627
1.897735
2.0635262
1.9333916
1.969842
2.0661242
2.01728
1.9766864
1.9328034
1.9492729
1.8819513
1.9835846
1.8961418
2.0830278
1.9193085
1.9254657
2.0063066
2.2822688
1.985459
1.9050231
1.9481653
1.8423185
2.085337
2.0860567
2.0002275
2.0125694
1.9140668
1.9422499
1.9247204
1.9361
1.9344158
1.8279495
1.9270602
1.8471016
1.9908687
1.9173465
1.9443787
1.9604286
1.8895392
1.9246637
1.925717
1.9030375
1.9330045
1.945702
1.9567492
1.8365732
2.0279539
1.9178795
2.0763078
1.9129373
1.9220804
2.0122454
2.0791755
1.9273119
1.9364467
1.9358398
1.9005582
2.0648198
1.9202156
1.9574375
2.0255554
2.0236547
2.09531
2.0398538
1.8860828
2.0161808
1.8659317
1.968272
1.8840204
1.9559913
1.9433477
1.8957237
1.9248751
1.9249398
1.9581584
1.886468
1.8431637
2.1368675
2.0312498
1.8553375
1.9010265
2.0189404
1.9529965
2.0138946
1.8909342
1.8753567
2.0895793
1.9345511
1.9675148
1.943948
2.0601385
1.9754212
1.8945422
2.074978
1.9552568
1.9197049
1.9046588
1.9254
2.01125
1.9832965
1.9341055
1.8775933
2.096704
1.9543664
2.0337982
1.9298133
1.9017828
2.0329418
1.96192
1.9202163
1.8994898
1.9786882
1.9328816
2.1356425
2.121605
1.986472
1.9615804
1.9367337
2.0361538
2.202328
2.0537467
1.9409425
2.1478426
2.1899025
1.9035985
1.9518776
1.9277399
2.0904558
1.792636
1.9480288
1.90292
1.87407
1.8069847
1.808228
2.0415375
1.8384966
2.013092
1.9911921
1.9577953
1.860654
2.0006337
1.8537712
1.9129373
1.9061865
1.8762684
2.0687003
2.0552013
1.8646415
1.9722195
1.9234457
1.9909587
2.2184474
1.8974264
2.098846
1.9560057
2.0256028
2.0516412
1.9213188
1.8494594
1.8629094
2.0661135
1.9831588
2.0872974
1.9373788
1.9191782
2.0424662
2.027882
1.9556828
1.8931628
1.975021
2.0037975
1.9030993
1.9676936
1.9084724
1.8473169
1.9963323
1.8660092
1.9673365
1.8676399
1.973169
1.8158451
1.9583331
1.9314167
1.870076
1.9366285
1.990148
1.8544832
1.935405
1.8760331
1.9907331
1.7975433
1.9311098
1.9722316
1.8321432
1.9900322
1.9468087
1.9137763
1.7972116
2.0299528
1.9880847
2.0394378
2.084696
1.852578
1.8622651
1.7707055
2.1363425
1.8871266
2.019332
1.8762785
1.8533018
2.0246875
1.8306322
1.9776413
1.9523659
2.1751573
2.1556904
2.032711
2.428417
1.9428881
1.821824
2.2572305
2.2728293
1.9912382
2.2499065
2.2367387
1.9297328
2.1463873
2.2668025
1.925877
1.9442225
2.0035164
2.0946608
2.1697764
1.9833517
1.9653128
2.1388772
2.0534832
2.019078
1.8642845
1.8065395
2.0212724
1.9300095
1.8397325
1.9033115
1.842211
1.9682215
1.9630345
1.908982
2.0162766
1.8935293
2.1804874
2.1000721
1.8772551
1.9470944
1.9094257
1.9904565
1.9863939
1.960636
1.9262097
2.0643368
1.9864064
1.9724108
1.9111981
1.8600625
2.0518572
2.2029345
1.9124495
1.8144382
1.86299
1.9404132
1.8201433
1.8323468
1.8408965
1.9562682
1.949155
1.9712765
1.9978412
2.0570064
1.8486404
1.8865412
1.9334967
1.9419067
1.8023888
1.9633875
1.8918473
1.8811163
1.8521204
1.868778
1.7949142
1.886676
1.8714203
1.8415551
1.8612998
1.9987996
1.9048483
1.8112603
2.061052
1.8795053
1.856673
1.7868087
1.9191138
1.849674
1.832248
1.967731
1.8704846
1.841626
1.8320763
1.984959
1.9338969
1.9417472
1.9012871
1.941873
1.8765593
1.7983919
1.8858293
1.8057648
1.8852226
1.8484017
1.8668059
1.8029875
1.9683629
1.9175065
1.9124612
1.8551933
1.8497512
1.8966208
1.8741775
1.8385907
1.8872879
1.883182
1.9007573
1.8525048
1.8191526
1.8720187
1.929314
2.0407941
1.8411714
1.8918942
1.7544695
1.8632042
1.8757005
1.8263643
1.7643312
2.076125
2.098108
1.8361132
1.7939293
1.8494037
1.9213041
1.8958933
1.8808967
1.9682311
1.849329
1.8658532
1.9975682
1.8418707
1.839977
1.965496
1.8251519
1.8993253
1.9680263
1.9891305
1.8410076
1.9072709
1.8932045
1.7781864
1.8835615
1.8200524
1.8174877
1.8262824
1.8850164
1.7434862
1.8783013
1.8414054
1.922066
1.869465
1.895677
1.8998848
1.8966043
1.8960532
2.0190108
1.8506502
1.722364
1.9513421
1.8689785
2.1491
1.745608
1.9130896
1.8308905
1.832107
1.8414712
1.8261759
1.9573799
1.9347407
1.8537233
1.9400805
1.8650087
1.8569314
1.9718289
2.0318255
1.854774
1.8844063
1.8591127
1.912149
1.9994695
1.9281499
1.7474926
1.8311696
1.9211262
1.9124475
1.7970085
1.9030533
2.0376153
1.857288
2.0075176
1.8389834
1.916033
1.869269
1.9096136
1.8077843
1.7557976
2.0636659
1.8032377
2.015161
1.9259766
2.0193007
1.8799105
1.9080646
1.7943105
2.0992968
1.87104
1.859518
1.7933372
1.880752
1.9975387
1.9178221
1.8628187
1.8905714
1.8280966
2.0309534
2.024492
1.837908
1.8838267
1.9075179
1.8233413
1.7943504
1.8802807
1.9281965
2.133777
2.0175917
1.7503152
1.8679082
1.9196793
1.7999651
1.7847677
1.9410245
1.9320567
1.815411
1.8346655
2.0207987
1.9344305
1.9422555
1.8548435
1.9438547
1.9858414
1.9556123
1.8870013
2.0338542
1.9392685
1.8409792
1.8868632
1.8372729
1.8261427
1.927934
1.8390124
1.9673823
1.7894847
1.845797
1.7666063
1.7431761
1.9542954
1.9350204
9.413829
13.795442
15.168803
17.07564
16.229887
15.6334915
14.115434
12.544852
7.434345
4.271352
4.85658
7.6455708
8.31883
9.684334
7.387256
7.097619
4.8703074
3.8146894
5.051917
6.858394
6.094326
5.350956
3.4937556
3.0826507
3.9032772
4.557067
4.2646203
3.913613
3.047288
2.9991539
3.130684
3.1901388
3.3738346
3.1125805
2.6290064
2.158828
2.0822866
2.548895
2.682747
2.4605584
2.1847205
2.2132404
2.3154252
2.1700623
2.188225
2.010255
2.1746945
1.9854233
2.112439
2.108704
2.2843726
2.24897
2.0559053
2.1625385
2.0171688
2.0124054
2.0642483
2.0674982
2.0153203
2.0763834
1.8391932
2.1842885
1.9535075
2.0772738
2.0223382
2.0396326
2.1374846
1.921669
2.0778468
2.1625204
2.0273607
2.2152069
2.0435634
2.0210838
2.103171
2.0434895
2.0700653
2.059033
2.0209093
1.9056324
2.011564
1.9419106
2.0039454
1.9735827
2.0546649
2.0440853
1.9864784
2.0903633
1.8840177
1.9755476
2.0041692
2.1375823
1.9813743
1.9947009
1.9914691
1.92599
1.9275005
1.938337
2.076078
1.9219736
1.9036899
1.9194164
1.9949715
1.9417288
1.999242
1.9124185
2.0568743
1.9831609
1.9450133
1.899082
2.0281467
1.9224608
2.0219793
1.8701679
1.9625969
1.9035115
1.9301182
2.0156884
1.9493452
1.8896818
1.8313915
1.9587228
2.1058543
1.8541821
1.9517485
1.9603583
1.9744046
1.8325437
1.9140306
1.9391552
1.9070302
1.9378582
1.9665471
1.9520075
2.1212482
1.8999243
1.9916716
1.978013
2.0198834
2.0561805
2.0488489
1.8321855
1.9295932
2.0425167
2.0434275
1.9491765
1.9169165
1.9722208
1.9266714
1.9496745
2.2234964
2.063467
1.9934758
1.8871127
1.9030187
2.075835
1.9792402
2.0190885
1.9302179
1.9649408
1.902342
1.9179637
1.8918245
1.9144669
1.9302047
2.1181564
1.961112
1.9750267
1.9320462
2.01279
2.0480514
2.0681891
1.8660775
1.9441757
1.9116458
2.012283
1.910728
1.8273083
1.9502013
1.8930463
1.9232312
1.919287
1.8849027
1.9838579
2.0073133
2.0553951
1.9752146
1.8224094
1.8586235
1.9030389
1.9217755
1.889224
2.0675337
1.891327
1.8668083
1.9437734
1.9856497
1.7979313
1.936696
2.001848
1.9074134
1.9630456
1.9129729
1.9536761
1.9003901
2.0287528
1.929321
1.9175243
1.9786384
1.9471024
1.9087621
1.9922577
1.9463255
1.827033
1.9974241
1.9704547
1.9276603
1.8729604
1.9263817
1.9033917
2.0281026
1.8497282
1.9992039
2.0723825
1.903488
1.987941
2.0610704
2.1018305
2.014134
1.9812872
1.973569
1.8734345
1.9736775
1.9096677
1.9103526
1.9992098
1.8806391
1.9166495
1.8584925
1.9189265
1.9591429
1.9460973
1.7804818
1.9535019
1.8545924
2.029343
1.9239743
1.8117762
1.9366727
1.885082
1.8988085
1.935328
1.8455055
1.9912544
1.9364183
1.9864054
1.8650857
1.8902241
1.9291098
1.9145238
1.8226129
1.802626
1.8954302
1.8615054
1.9737893
1.8832618
2.0154612
1.8658048
1.7760022
1.938379
1.8306215
1.878863
1.9216257
1.9789095
1.9227732
1.93103
1.8479816
1.8502257
1.9009142
1.7983228
1.8031436
1.9317377
1.8402987
1.8944201
1.906288
1.8314133
1.9375741
1.9405705
2.1082673
1.8574922
1.8760225
1.857704
1.8750123
1.842279
1.8926995
2.011135
1.7605343
1.9174155
1.7434082
1.9277045
2.006206
2.0176692
1.8198497
1.8562429
1.8560523
1.9084277
1.8877794
1.8377527
1.9167142
1.9127468
1.9281254
1.8984313
1.8607247
1.8086222
1.9684347
1.8417797
1.994043
1.8653809
1.8969772
1.8601865
1.7921863
1.8807303
1.8555598
1.8531867
1.8287071
1.8812002
1.8838673
1.9011415
1.8469777
1.8436674
1.830205
1.8170929
1.8528079
1.9446536
1.8442354
1.7794
1.9114705
1.7586478
2.0324302
1.9919415
1.768151
1.8761338
1.8200773
1.898618
1.9986738
1.910651
1.8301244
1.74503
1.9332068
1.9463888
1.9519562
1.8755375
1.9970353
1.737171
1.9397358
1.8762949
1.8019848
1.8585613
1.8728898
1.9004313
1.866233
1.7482774
1.861468
1.8075827
1.8645527
1.8730656
1.8605379
1.9441291
1.8231485
1.8423729
1.7678702
1.795046
1.7460395
1.791222
1.8238478
1.9965585
1.8363045
1.766288
1.8078202
1.9169887
1.981716
1.8290793
1.9918277
1.8563789
1.7406193
1.9209479
1.8928599
1.8197685
1.8269022
1.9246048
1.9013202
1.8057247
1.8014501
1.798643
1.7647427
1.8561603
1.8718507
1.8341746
1.8689553
1.7661347
1.9519463
1.7507757
1.8620013
1.9172138
1.997851
1.789829
1.8012885
1.8960917
1.828931
1.8008822
1.747281
1.752432
1.7753221
1.7854705
1.7835
1.8209902
1.7484093
1.9196426
1.8872427
1.9029688
1.7752397
1.8209922
1.9267527
1.8759083
1.8039792
1.8982908
1.9105366
1.7830853
2.0392597
1.7489518
1.8440613
1.880016
2.066007
1.9249659
1.9198892
1.8128251
1.8071485
1.8238665
1.8288364
1.857413
1.744813
1.7585715
1.8271377
1.9041988
1.845463
1.8079661
1.7717898
1.8275605
1.8938287
1.8681645
1.7522198
1.8812968
1.8135815
1.7815663
1.9732205
1.9162707
1.7776711
1.8963013
1.865881
1.7859538
1.7681128
1.916407
1.8576306
1.8162843
1.9230093
1.7392482
1.7573435
1.7680162
1.9168903
1.8209603
1.8087243
1.7757509
1.7224774
1.769415
1.8819327
1.712686
1.830985
1.7519372
1.831715
1.789099
1.7792435
1.882972
1.7732133
1.7513626
1.9183235
1.8833772
1.742121
1.6938396
1.9714099
1.832473
1.8220057
1.8129148
1.9461287
1.8895329
1.8041033
1.825366
1.8304182
1.7680463
1.8798642
1.7809423
1.9251722
1.8157719
1.8510593
1.7706697
1.7743797
1.8298435
1.8684181
1.85565
1.8245891
1.7947837
1.7835041
1.7941825
1.8324168
1.7737179
1.716132
2.0016384
1.8423753
1.8712348
1.8116018
1.6933419
1.8442758
1.7478213
1.8333025
1.829693
1.7937509
1.85351
1.78316
1.841512
1.8235735
1.813051
1.82123
1.8275875
1.7398632
1.703431
1.8170345
1.7743558
1.7049978
1.7903864
1.7686819
1.7158537
1.8011647
1.8547655
1.7532858
1.9780947
1.8235735
1.7774018
1.9323138
1.7803555
1.788171
1.9244401
1.8301208
1.9294227
1.8105452
1.8340037
1.7930545
1.7586768
1.784186
1.8323325
1.8250211
1.824421
1.7731942
1.7800455
1.8640529
1.7356467
1.8332052
1.8251624
1.789581
1.7900441
1.791849
1.7555008
1.8131158
1.7755377
1.7817042
1.9070557
1.695154
1.9212064
1.782036
1.7537743
1.848698
1.850158
1.8418165
1.8072813
1.8346725
1.8448956
1.8289387
1.9318355
1.7319444
1.7252473
1.9198751
1.8967327
1.7696228
1.8166897
1.7815213
1.7249297
1.7763935
1.7019608
1.8419279
1.7946203
1.900519
1.6869652
1.8552678
1.841325
1.838719
1.8738368
1.9203695
1.8755925
1.7684093
1.852836
1.806311
1.7492572
1.7722671
1.7877654
1.7321978
1.8219295
1.7816435
1.7556367
1.824289
1.8081508
1.7942005
1.9511747
1.7503997
1.6904333
1.8582965
1.8848046
1.7174227
1.7815895
1.7087628
1.8925495
1.8473358
1.6840096
1.7870057
1.706979
1.8327081
1.6893889
1.7996601
1.7164428
1.7558805
1.7969053
1.7215238
1.6893505
1.7485647
1.7762928
1.772469
1.7980394
1.7272032
1.7475721
1.7903215
1.8036978
1.7327225
1.8237933
1.7501342
1.8001608
1.7500447
1.7445138
1.7238559
1.743531
1.7704723
1.7959925
1.7054683
1.7986218
1.8417382
1.8773582
1.8136728
1.7602363
1.9287876
1.8785943
1.8755387
1.8020221
1.9413652
1.8031954
1.8175066
1.7722011
1.7908417
1.9427942
1.9578717
1.792731
1.7941827
1.8388615
1.7918462
1.7067415
1.7148286
1.9019942
1.7834268
1.7576605
1.881521
1.8395494
1.7933309
1.9415575
1.9520228
1.8642255
1.7360177
1.6960032
1.884463
1.8212645
1.7977992
1.7671773
1.9818218
1.7917148
1.8039472
1.7645042
1.7714089
1.7711778
1.9342792
1.7373496
1.758125
1.7483695
1.842781
1.9715685
1.8214247
1.8355422
1.7521907
1.6949493
1.7627578
1.713378
1.7147838
1.7056153
1.7805268
1.7447872
1.7317766
1.7523355
1.7529417
1.841795
1.7740227
1.7358449
1.7389024
1.8219702
1.8382187
1.8422484
1.8145293
1.9216993
1.8496895
1.7506323
1.7643251
1.8345935
1.8326228
1.834617
1.7360046
1.8316354
1.9027838
1.737807
1.7583268
1.8227483
1.8733385
1.7589809
1.6632391
1.8288968
2.017701
1.8293526
1.7344309
1.770535
1.7324742
1.825177
1.662559
1.7517277
1.7887487
1.8659525
1.9357934
1.8421043
1.7433465
1.6730448
1.7720978
1.7954816
1.836403
1.8799317
1.8453484
1.8089733
1.7763929
1.8175409
1.7685035
1.8565438
1.7702427
1.7372216
1.763478
1.7476255
1.6989129
1.8193686
1.8576987
1.7967339
1.7034643
1.8597372
1.8580998
1.7777077
1.734497
1.8411609
1.8567243
1.8189626
1.7977071
1.7563835
1.8270457
1.7995505
1.8014188
1.7700155
1.7534875
1.8460681
1.7267692
1.664905
1.8263565
1.7479062
1.7881384
1.775098
1.8077555
1.7926368
1.7564888
1.804916
1.8509997
1.7735428
1.8602335
1.859694
1.716348
1.7589614
1.7706485
1.772556
1.7640146
1.6887987
1.83622
1.7745043
1.7540292
1.8076938
1.6799471
1.7020204
1.7610062
1.765271
1.7442333
1.7341378
1.7808697
1.8024876
1.8002565
1.7014124
1.776291
1.7641255
1.7015612
1.8082702
1.6495422
1.7276181
1.6993744
1.7932413
1.6731865
1.7293395
1.9291855
1.7565186
1.8378438
1.7920797
1.7149452
1.727028
1.7962462
1.7776742
1.7568908
1.680747
1.6739732
1.7682006
1.7269815
1.7528143
1.8430737
1.6464783
1.906393
1.726346
1.8459808
1.7569052
1.6999652
1.7704685
1.7852845
1.7728996
1.751991
1.74488
1.7091815
1.7635995
1.7197592
1.7690765
1.7525108
1.7625248
1.719322
1.7912805
1.736866
1.6780273
1.7194595
1.8721205
1.769903
1.769904
1.7556455
1.8480226
1.7327955
1.7364506
1.66695
1.7224112
1.7149793
1.775998
1.740201
1.7889304
1.800781
1.8937062
1.8202617
1.6845175
1.7059336
1.760366
1.9134811
1.7849158
1.8637623
1.7811438
1.8568218
1.8730203
1.727438
1.7935053
1.8691587
1.830784
1.8408122
1.7225902
1.7297417
1.7949198
1.9668719
1.6929147
1.7729223
1.855172
1.778583
1.7444206
1.7781489
1.9196957
1.8746543
1.7439947
1.742013
1.8361143
1.8633802
1.715824
1.7820309
1.7161081
1.7654932
1.7840935
1.7352195
1.8419253
1.7365862
1.798885
1.8120844
1.7477946
1.7574139
1.7394203
1.867099
1.7900342
1.7404057
1.7348045
1.7987517
1.7425666
1.6906427
1.7362826
1.8683488
1.7201054
1.7585472
1.9425752
1.7778703
1.8262589
1.7736593
1.675459
1.7276865
1.7944772
1.8411851
1.8333042
1.7269237
1.9155389
1.888666
1.7129815
1.6892676
1.9872698
1.8929539
1.7582097
1.7742085
2.205887
1.8576854
1.7044183
1.7879425
1.9442432
1.9068271
1.8486681
1.7510955
1.7556647
1.8081127
1.7142502
1.8257767
1.8249354
1.8056122
1.7445754
1.7241598
1.7323856
1.761362
1.7358774
1.6743097
1.8310622
1.7850902
1.739511
1.7699639
1.7580669
1.7232988
1.7370708
1.7215405
1.6912165
1.7627065
1.760572
1.7149638
1.7107588
1.714051
1.7431484
1.7534107
1.7366439
1.6669602
1.7581207
1.8281758
1.7391182
1.7211447
1.7144743
1.7015127
1.6681873
1.862626
1.8106532
1.7613082
1.7546507
1.673719
1.6928777
1.7526523
1.798026
1.7324394
1.7742444
1.6563665
1.7139229
1.7165765
1.7206297
1.7246168
1.7370186
1.7613615
1.8665874
1.7653395
1.799069
1.7299182
1.7915571
1.7436345
1.7483279
1.7055175
1.7200055
1.8749691
1.7540423
1.7102332
1.7470465
1.825965
1.6302832
1.9389867
1.7105652
2.022627
1.7777815
1.6942159
1.884706
1.8348036
1.7883162
1.7463586
1.7811537
1.6519557
1.7893474
1.8621702
1.71404
1.70985
1.8373652
1.6983027
1.8552879
1.839383
1.7074695
1.7684277
1.7994738
1.7177618
1.8858907
1.8066123
1.7366942
1.6895123
1.7729802
1.681653
1.7713494
1.8757052
1.6865714
1.764839
1.7654129
1.7153692
1.7795655
1.778026
1.7154981
1.9263062
1.6711066
1.70478
1.7004192
1.6452048
1.7407045
1.706332
1.8340923
1.7315655
1.8179765
1.6524175
1.9869974
1.7555935
1.8178735
1.8080332
1.7707454
1.8587644
1.6807878
1.6992638
1.7983549
1.822091
1.7352575
1.6961073
1.6420789
1.8228809
1.6974168
1.8355857
1.7923884
1.8649178
1.95695
1.753154
1.6991397
1.6827976
1.7778319
1.7845669
1.7378558
1.7157737
1.769105
1.8590044
1.7860076
1.7975305
1.774102
1.714939
1.7554647
1.8712268
1.6899921
1.8841746
1.7657676
1.8271507
2.065912
1.9897617
1.7121017
2.0339797
1.9543669
1.7531083
1.7602814
1.7944311
1.8383563
1.7163
1.6928412
1.7043238
1.797191
1.6729507
1.8445096
1.7176929
1.7801652
1.6677184
1.759533
1.692106
1.688104
1.7213248
1.7196747
1.7066088
1.776541
1.7603127
1.715184
1.8024358
1.7125478
1.7504562
1.6771765
1.7340314
1.8074065
1.8278036
1.7207961
1.74113
1.7534821
1.6648742
1.7394385
1.696857
1.7246652
2.0016322
1.6860198
1.8152939
1.8578743
1.62759
1.6984401
1.6862665
1.7458941
1.6850022
1.7251568
1.6994812
1.90003
1.9317293
1.6903299
1.7206885
1.8429046
1.8956945
1.7586242
1.7135268
1.7397316
1.7782302
1.696755
1.6736584
1.7982018
1.6633823
1.7608027
1.737995
1.6892081
1.7299672
1.7342508
1.7359196
1.7610384
1.7201824
1.8078855
1.7537912
1.7260501
1.7797085
1.7521876
1.7283036
1.8085283
1.7947162
1.7180363
1.981979
1.7027647
1.8217448
1.7032182
1.801301
1.7541567
1.7756075
1.636338
1.7313132
1.7650855
1.8451364
1.627655
1.7206619
1.7265037
1.8212768
1.7127744
1.7568762
1.6897843
1.7504704
1.7150669
1.702609
1.7239408
1.7776805
1.7379293
1.7833829
1.7437793
1.8079963
1.8663152
1.8932135
1.8341752
1.726362
1.7978644
1.9383489
1.8114382
1.8037387
1.9068944
1.8940315
1.792647
1.8473815
1.7851105
1.6621954
1.768369
1.796379
1.8103104
1.8877685
1.6834434
1.7686555
1.9004602
1.7314537
1.686566
1.724386
1.7896682
1.8773944
1.7736155
1.7480681
1.8184416
1.9194134
1.7446805
1.8011652
1.7535774
1.8333865
1.7276964
1.7321519
1.9434147
1.8544502
1.7464893
1.6907902
1.8442582
1.695346
1.6860856
1.7740475
1.8090832
1.82591
1.6577435
1.7065758
1.681668
1.6769531
1.7579807
1.7305136
1.7443422
1.7170955
1.6442022
1.6997797
1.7735822
1.789969
1.6747278
1.7396481
1.8680145
1.683435
1.8007482
1.7176642
1.716654
1.7569088
1.7835318
1.8060932
1.8162303
1.7611946
1.7290606
1.7223482
1.7556682
1.6326805
1.6955367
1.712201
1.7682422
1.8319362
1.7626375
1.6984763
1.6210829
1.821119
1.7507722
1.7214991
1.7158775
1.6634125
1.6174495
1.8854152
1.7966512
1.8163403
1.7046503
1.7583164
1.7684512
1.783499
1.7041373
2.0976956
1.701392
1.8278908
1.7064301
1.8083637
1.7546958
1.7029213
1.7391346
1.7492639
1.648797
1.7409269
1.8655955
1.7172227
1.7033948
1.7154547
1.6808318
1.663198
1.6555582
1.7729495
1.7512758
1.753021
1.7715816
1.6757787
1.8444897
1.7835778
1.868101
1.7306781
1.7376246
1.741659
1.7302727
1.7692658
1.7884448
1.8945762
1.7377387
1.6345673
1.787598
1.8282738
1.7187887
1.8021108
1.7906144
1.8902417
1.8038614
1.7261107
1.7787757
1.8036567
1.7636178
1.6524882
1.6644586
1.9035189
1.7090274
1.7146082
1.7489905
1.8694708
1.6843474
1.8510313
1.8097935
1.6599222
1.6548071
1.671716
1.788882
1.8633088
1.8039187
1.6377316
1.7817748
1.6305871
1.6585535
1.7733028
1.753454
1.6751862
1.7225993
1.7821605
1.6611227
1.7078965
1.6686295
1.6491965
1.7219158
1.7451673
1.661252
1.69879
1.7648755
1.7957273
1.795842
1.6530151
1.6986442
1.6989876
1.6327473
1.659579
1.6541584
1.6587967
1.7066362
1.7515298
1.7694273
1.7055283
1.6785113
1.6456565
1.6600715
1.7318467
1.7731237
1.6933815
1.739559
1.7146524
1.8247
1.6409973
1.701028
1.7311243
1.6892731
1.6801713
1.8324895
1.7729772
1.636238
1.8413075
1.9613644
1.6271048
1.782754
2.275477
1.6436533
1.674156
1.9329102
1.985532
1.827557
1.7254276
1.9119774
1.925517
1.74521
1.7013781
1.769644
1.7925555
1.6892542
1.72162
1.6930342
1.8609418
1.701821
1.6604246
1.7791152
1.8110392
1.7746757
1.7427965
1.8133684
1.77702
1.8572288
1.6667702
1.695586
1.691302
1.8152118
1.6791558
1.806733
1.7018871
1.7263193
1.664481
1.754086
1.6501259
1.7720432
1.6481726
1.7470735
1.7916517
1.7468084
1.7176924
1.7278247
1.6600689
1.7621778
1.6841725
1.693903
1.6646926
1.7601215
1.8344471
1.6471989
1.7743403
1.6466043
1.6766182
1.6873747
1.6503814
1.7371039
1.6565005
1.7296453
1.739966
1.7807069
1.6442088
1.69872
1.6811082
1.7137792
1.6466368
1.7037143
1.6231339
1.7167783
1.6856083
1.7666984
1.6409581
1.6067615
1.6598088
1.6720868
1.6599149
1.7515408
1.6616597
1.6670098
1.7596384
1.8062642
1.6314987
1.669339
1.700937
1.8233627
1.7202723
1.6510983
1.7064573
1.6656849
1.666539
1.6742578
1.7017351
1.7491282
1.7025558
1.6090927
1.7045074
1.7003357
1.6995968
1.6140904
1.7058169
1.6723237
1.8431188
1.6469405
1.6654875
1.6904136
1.6731777
1.6719518
1.70009
1.6576556
1.6061556
1.6716475
1.7259146
1.670809
1.732109
1.6898488
1.7498097
1.7257649
1.6549844
1.6804396
1.6372002
1.6812619
1.8234236
1.6432203
1.8312714
1.6840242
1.6400656
1.8201253
1.928045
1.6736869
2.024516
1.8914822
1.823857
1.9706213
1.9584765
1.7392474
1.6992666
1.7934135
1.6276911
1.678404
1.7461121
1.7232872
1.7177492
1.683144
1.651198
1.7639347
1.73311
1.8365446
1.6931953
1.6592147
1.6813089
1.6996514
1.8284807
1.7084763
1.6656008
2.00845
1.6933278
1.7525105
1.722018
1.6694535
1.6872127
1.7496865
1.7416297
1.7265427
1.6552634
1.664366
1.6623273
1.7226512
1.6586608
1.8758625
1.6839505
1.6554385
1.6983707
1.6373622
1.6435307
1.6862358
1.6912506
1.6619055
1.6192763
1.6990381
1.6913033
1.6691117
1.718137
1.8012377
1.703583
1.6243237
1.6946647
1.6499537
1.8057824
1.6330899
1.6697552
1.6710749
1.740616
1.6753298
1.6943313
1.7199175
1.6279652
1.7745705
1.610924
1.7429457
1.7036461
1.6975015
1.7180678
1.7098165
1.6664333
1.7358994
1.6553563
1.6085755
1.6631693
1.683167
