26.286448
26.073795
25.119303
25.004953
24.756824
24.363892
24.060204
23.883612
23.686209
23.342152
22.507986
21.519476
20.974922
19.594357
19.675081
17.971066
16.71664
15.047094
12.398506
9.091353
7.618725
6.426222
7.570284
8.654151
8.845656
7.345594
6.6853085
5.570239
6.7639303
6.512941
6.511671
7.198071
7.571188
6.3577886
6.0244985
6.176355
4.886298
5.1755257
5.786823
4.95573
4.783677
6.348744
5.9146094
5.796811
6.096605
5.144881
4.253604
4.922205
4.6181545
4.3048306
4.2611284
4.549945
4.509024
4.594345
4.7271123
4.9591646
4.838109
4.763028
4.754334
4.115414
4.103514
4.115465
4.2368636
4.1256943
4.283105
4.334179
4.395759
4.4761667
4.893385
4.7227244
4.671583
4.323279
4.146038
4.0949984
4.029711
4.169099
3.915188
3.9195943
4.0986977
4.1047277
4.1815085
4.3482103
4.318068
4.317261
4.1985226
4.143448
3.9739726
3.7955236
3.9394546
3.7539976
3.6764176
3.812501
4.1607575
3.9953523
4.1169114
4.1829705
4.399579
4.364686
4.240972
4.4144554
3.9751565
4.0139546
4.204844
4.0101013
4.098531
4.074264
4.165166
4.0538974
4.205237
4.190402
3.8271115
4.089833
3.5857615
3.8725953
3.671892
3.757776
3.661802
3.758637
3.938479
3.8320904
3.9455414
3.9830458
3.930936
3.8152997
3.8636549
3.567581
3.7207537
3.7974885
3.7536032
3.9121914
3.605741
4.014173
4.0543118
3.9660873
4.0508523
4.1172924
3.9408772
3.875298
3.9990854
3.5612504
3.9036682
3.5911133
3.6634333
3.7948697
3.8885753
3.7719696
3.9412324
3.772407
3.972169
3.8751335
3.7652423
3.963699
3.9499166
3.9614947
3.914594
3.866055
3.8857262
3.943409
3.853725
3.835511
3.6920924
3.916068
4.0028853
3.7817066
4.470772
4.197367
4.2421803
4.0048842
3.971164
3.7853932
3.8606255
3.8983974
3.7161715
3.9394114
3.5951843
3.604354
3.6230602
3.608541
3.7117727
3.463711
3.6396558
3.748877
3.580421
3.8789134
3.6308346
3.7894194
3.5504382
3.8903594
3.8339827
3.9589543
4.114727
3.677929
4.025169
3.6240177
3.6225038
3.6633754
3.5240016
3.4880712
3.8668494
3.6365604
3.8914983
4.246272
3.953767
3.7638664
3.6582375
3.4037676
3.6814933
3.4538345
3.5844405
3.4463644
3.7072341
3.3457396
3.5950115
3.5973716
3.6111207
3.5669525
3.7327645
3.661716
3.4343557
3.4018157
3.5079205
3.6271687
3.469517
3.6858735
3.7144666
3.7987044
3.555391
3.499289
3.343439
3.3484905
3.3722548
3.259152
3.3894556
3.5589936
3.619672
3.5612721
3.4044387
3.7585795
3.325118
3.544005
3.3899245
3.646426
3.4678988
3.5246685
3.5108075
3.5473592
3.4988456
3.4981766
3.310768
3.4001215
3.2057514
3.5640378
3.2049222
3.668846
3.396411
3.9344559
3.4601464
3.723708
3.199578
3.466822
3.4214268
3.2950976
3.5305085
3.310914
3.320567
3.2021866
3.209382
3.0599556
2.9670951
3.064321
3.1706164
3.0386014
3.0560036
2.9738564
3.175595
3.0810366
3.169058
3.087262
3.0447874
3.2010076
3.2033756
3.069767
3.151827
3.3165195
3.1285627
3.1456654
3.1303954
3.0924451
3.220996
2.9060922
3.261513
3.093587
3.1505105
2.9431596
3.086342
3.1205034
2.907655
3.0703459
3.0758693
3.0548525
3.1698966
2.8656716
3.0314147
3.2062535
3.0282664
3.1115303
2.8751504
2.9233046
2.9399002
2.989321
3.1075647
2.992437
2.943924
3.3305817
2.9546967
3.220251
2.9904094
3.559548
2.9643972
3.528587
2.9434085
3.3038294
2.833557
3.0052438
3.0738134
2.9086113
3.427264
3.1694694
3.0185845
2.833907
3.206898
2.8325734
2.872744
2.8757582
2.7782505
2.8372173
2.893128
2.6853924
2.936203
2.74967
2.670658
3.089969
2.6957598
2.8200414
3.1432176
2.8485484
2.7757065
2.879607
2.944833
2.728402
2.7869775
2.6253648
2.8198621
2.9627628
2.744642
2.9280057
2.8600593
3.1713848
2.7708907
3.0357935
2.784178
2.7691724
2.687976
2.752
2.9521987
2.8452115
2.7606194
2.844264
2.8007255
2.7456362
3.438678
2.6375487
2.782271
3.063417
2.8026538
2.957485
2.87303
2.5179546
2.5848944
2.9495485
2.6184046
2.6873126
2.8615303
2.4957678
2.452406
2.469248
2.7431452
2.4249783
2.558157
2.560254
2.7329967
2.6296594
2.6177945
2.701385
2.2847116
2.352291
2.4863944
2.4845555
2.5082524
2.57334
2.434716
2.451094
2.4076715
2.379172
2.3234298
2.330222
2.5722728
2.440989
2.544106
2.5311313
2.4427073
2.4299815
2.401538
2.346796
2.3761353
2.4133525
2.332849
2.36372
2.2744834
2.3891938
2.3707495
2.2742734
2.333407
2.4067075
2.2425365
2.31617
2.466531
2.3302395
2.263904
2.3615055
2.217958
2.320669
2.4491003
2.229824
2.4266856
2.3272414
2.249185
2.21115
2.4165485
2.1803815
2.2556725
2.3020663
2.36489
2.2151663
2.277899
2.281712
2.3495674
2.290795
2.306343
2.222927
2.2070634
2.2223895
2.147334
2.0685315
2.163976
2.147006
2.0927818
2.39107
2.1948204
2.0844238
2.1109414
2.13914
2.2349615
2.233571
2.2171
2.2131724
2.1488667
2.244826
2.1584928
2.0905077
2.1599555
2.236277
2.158287
2.2137163
2.0526278
2.1658802
2.1319425
2.206565
2.205458
2.0907402
2.2061532
2.2439926
2.1924424
2.1664257
2.0648105
2.199986
2.2029524
2.130583
2.13228
2.1817706
2.0820165
2.1371925
2.2209916
2.1308005
2.210426
2.118007
2.226691
2.2116377
2.0949485
2.1801944
2.2108865
2.13828
1.9985304
2.2113986
2.140304
2.0085697
2.1599228
2.0573437
2.078883
1.9876765
2.0265439
2.1303475
2.0438151
2.2441256
2.040292
2.0399776
2.0361114
2.2974095
2.1494977
2.055061
2.105064
2.112779
1.9983703
2.1023755
2.295719
2.1433861
1.920455
1.9373395
2.0416486
1.9483898
2.0187614
2.2786903
1.9925083
2.0745833
1.9872148
2.051214
1.9867886
2.1023695
2.0692744
2.0457146
1.9602903
2.0624783
1.9847383
2.0711575
2.046698
2.157608
1.9607513
2.0688336
2.0537288
2.0556698
1.9650605
2.0183604
2.0923507
2.2006774
1.951728
2.083742
2.041722
2.0306814
2.2212856
2.067974
1.9577726
2.2548103
1.9381638
1.958938
2.0551739
1.9540572
2.041028
2.1632297
2.007358
2.0420702
1.9833063
2.0633566
1.9766364
1.9703779
1.9602077
1.8522785
2.052576
2.0429664
1.9265908
1.8434416
1.9231155
1.971948
1.861233
1.8959706
2.033065
1.9332422
1.9327414
2.0916345
2.049678
1.9923372
1.8140405
1.822088
1.9259355
2.0251122
1.9799068
1.878924
1.9812462
1.9014047
1.9490935
2.0301576
1.888123
2.083826
1.9465605
1.9353229
1.9612383
2.18986
2.0657573
1.9969509
2.2447786
1.8875264
1.9494182
2.0917876
1.9957931
2.0250642
2.012734
2.01358
1.9400197
1.9219643
2.07306
2.0736866
1.890677
2.0660021
1.8924881
1.8648295
1.8748462
1.9421365
2.0289555
1.8800575
1.8774047
1.9529945
1.9226367
1.8437363
2.174587
2.0369942
1.9934193
2.0611067
2.162486
2.0221927
2.2426133
1.92718
2.2149374
2.203671
1.8348817
2.1484573
2.1091905
2.0331388
1.922171
2.008302
2.2179408
1.9551407
1.8960394
2.0082712
1.9338565
1.935851
1.831154
1.9583292
2.1430376
2.0012362
1.8491538
2.099472
2.200065
2.1269736
1.924708
1.898309
1.9221101
2.0768456
2.0090473
1.9431581
2.0355737
1.9840605
2.0919275
1.8563075
1.8403692
1.9070762
1.9715084
1.902254
2.0065734
1.944195
1.9299176
1.9229437
1.80072
1.8741432
1.9911708
1.7604756
1.9908483
1.8934072
1.8356955
1.8934195
1.8965315
1.9435087
1.9747715
1.8739662
1.9882245
2.0493011
1.8272705
1.898395
1.952134
1.911882
1.8370125
1.8493725
1.8990519
1.915085
1.7770464
1.8830644
1.9489493
1.8566465
1.8334624
1.7813555
1.8179239
1.9281658
1.7516859
1.8119588
1.7685081
1.767802
1.8561485
1.7705698
1.8578918
1.8465047
1.7548914
1.8241601
1.8527418
1.8142303
1.77206
1.8352824
1.7845751
1.7131747
1.790542
1.8064908
1.7887195
1.7150055
1.8816513
1.7726352
1.7883495
1.7687389
1.8341928
1.8291605
1.7747849
1.8698802
1.8479238
2.0467005
1.8729908
1.9182534
1.7627922
1.8717605
1.9262727
1.8827853
1.788008
1.8664367
1.9430656
1.9329906
1.7875221
1.7905464
1.91127
1.807701
1.7940468
1.8820242
1.9116174
1.998662
1.8586336
1.7537845
1.862361
1.8530843
1.8810753
1.8505188
1.9425892
1.89469
1.8624194
1.977025
1.7949768
2.0010405
1.8594823
1.7653592
1.8453813
1.7884856
1.7507972
1.8089609
1.9334368
1.8584095
1.8959296
1.8824425
1.7604436
1.8442148
1.9026769
1.8203012
1.7738187
1.7453619
1.8264493
1.9446574
1.80866
1.8330754
1.7166396
1.9300107
1.7349105
1.7355516
1.9102633
1.8244417
1.8375497
1.8969822
1.8179787
1.851647
1.9207197
1.737503
1.7002672
1.8213187
1.8726553
1.8486613
1.7000669
1.8210148
1.7450175
1.8665377
1.7789091
1.8372655
1.8120971
1.862812
1.8793157
1.8849303
1.7689061
1.7414335
1.761342
1.9097178
1.6611804
1.934921
1.8942587
1.8258383
1.8146331
1.8478811
1.8707044
1.7507752
1.9281402
1.9412967
1.7078327
1.8869151
1.9631715
1.7830644
1.7245315
1.7344667
2.0484593
1.8042723
1.8209202
1.7333674
1.8989291
1.8071079
1.8304023
1.9161333
1.792222
2.0391793
1.7972553
1.8852477
1.824598
2.1000438
1.9534777
2.170009
1.7706461
1.7225902
1.8521137
1.761954
1.84819
1.907234
1.8883772
1.8256743
1.8219795
1.881186
1.8297925
1.828155
1.7654988
1.781086
1.8193934
1.7361852
1.8992121
1.8678555
1.7597371
1.877957
1.829275
1.9005145
1.897964
1.7439716
1.898591
1.7882875
2.0124888
1.8439708
1.7558315
1.6652962
1.6975694
1.7224355
1.6996682
1.6766604
1.8236446
1.7274623
1.649542
1.814541
1.8016822
1.6611903
1.6567534
1.7030746
1.8013847
1.7130288
1.778591
1.895423
1.7904065
1.7297485
1.749615
1.898012
1.6491003
1.6965837
1.9869027
1.8364424
1.7402883
1.7837352
1.8452414
1.7728838
1.6213871
1.799857
1.7209777
1.84058
1.811524
1.6583737
1.7196089
1.7751538
1.7780982
1.7475024
1.6975327
1.6190679
1.8068657
1.7595083
1.7970376
1.7329975
1.6925054
1.7339573
1.7859973
1.6932365
1.7438867
1.7214012
1.7953486
1.6323072
1.8021114
1.7430363
1.7884585
1.7519876
1.7453598
1.7663724
1.7618673
1.7341039
1.7122657
1.920018
1.8996454
1.6681798
1.8611816
2.182487
1.7825915
1.914713
2.119509
1.7659504
1.7315139
2.2374508
1.6658347
1.7837207
1.9770513
1.8287945
1.8524066
1.867786
1.7186505
1.737711
1.8599492
1.7566935
1.6768237
1.636641
1.915095
1.7994697
1.7677583
1.6740581
1.9278206
1.7145847
1.7144355
1.7880858
1.682658
1.6925458
1.6632518
1.8566809
1.6410083
1.6996058
1.8317822
1.6910309
1.6896852
1.898924
1.7231191
1.6635954
1.7205805
1.8517014
1.7102845
1.6986853
1.744587
1.6991543
1.7525085
1.7931198
1.6524518
1.6240481
1.731647
1.664219
1.7135856
1.7308236
1.71066
1.6565225
1.6902875
1.7447581
1.6941186
1.7185485
1.7277325
1.698649
1.7170756
1.677862
1.6704345
1.6527575
1.6823903
1.7046679
1.698845
1.6723539
1.626959
1.6762599
1.662486
1.7184149
1.600011
1.7113537
1.7239126
1.6765403
1.6490133
1.7569926
1.7043962
1.7124827
1.6416973
1.7079166
1.8284225
1.7040333
1.63424
1.804873
1.7224939
1.7146366
1.706889
1.6890873
1.5842953
1.667242
1.7271278
1.661009
1.7197137
1.6577072
1.6575425
1.6824111
1.6299005
1.6879289
1.7156006
1.7262993
1.7223815
1.7603475
1.6638056
1.8052903
1.6596228
1.650842
1.6915948
1.6649293
1.6778955
1.7238094
1.7480735
1.6897335
1.684337
1.7807486
1.6154033
1.6051295
1.73037
1.6599327
1.6431906
1.6944374
1.743744
1.656009
1.6182245
1.67847
1.7496046
1.652869
1.8102465
1.787831
1.7703569
1.6755905
1.938127
1.7351118
1.8331133
1.7486428
1.9881748
1.8329885
1.7382776
1.7874588
1.9740957
1.8214482
1.809145
1.9081674
1.9826906
1.8328995
1.7426683
2.264311
1.8751522
1.7169373
1.7173777
1.773388
1.64525
1.9510957
1.8570307
1.7633526
1.9353966
2.0649958
1.6195575
1.9997545
1.7166795
1.689149
2.0277898
1.7737674
1.6424205
1.7422943
1.8365347
1.737043
1.7752677
1.9581962
1.717838
1.7137299
1.830162
1.96067
1.7567225
1.7827431
1.9220753
1.8742995
1.7011985
1.686577
1.6323066
1.7318583
1.8104907
1.7551774
1.6497042
1.7099808
1.7964854
1.6621008
1.7060008
1.6861583
1.5993772
1.7080418
1.7506604
1.7486802
1.799805
1.7083169
1.6368318
1.7005919
1.6999705
2.136988
1.6597443
1.6998552
1.7068485
1.7156732
1.597934
1.8386369
1.7030133
1.6204842
1.6919749
1.7127793
1.6825995
1.6867126
1.8648788
1.8261899
1.7246264
2.022544
1.6528745
1.7106544
1.6405728
1.6752138
1.844945
1.6797414
1.7289118
1.70292
1.8353932
1.6791333
1.6149081
1.7269905
1.6751235
1.744519
1.6548957
1.6457078
1.704826
1.662276
1.6921101
1.8206079
1.7220043
1.6740205
1.6609781
1.725515
1.741073
1.7679627
1.7357701
1.6170303
1.9675993
1.6992147
1.676717
1.6645379
1.6983275
1.7762995
1.6903583
1.6722468
1.7595298
1.8064952
1.6643806
1.651941
1.7158531
1.6662742
1.687633
1.6719977
1.646938
1.6876835
1.8527598
1.7358388
1.6324283
1.6936895
1.721358
1.617784
1.6142908
1.6964841
1.6195215
1.6196952
1.6832097
1.6231537
1.6751566
1.6708415
1.6086552
1.7052075
1.7108759
1.685951
1.6564229
1.825797
1.6724294
1.6597264
1.727985
1.6901726
1.6458957
1.7007298
1.7280773
1.7021105
1.7319793
1.630054
1.5965482
1.5989517
1.6908971
1.6334976
1.5859385
1.5732018
1.656989
1.6750195
1.6434016
1.649836
1.659724
1.6749558
1.6232417
1.5974076
1.7382047
1.6672962
1.6764017
1.735322
1.580905
1.658661
1.6163412
1.6730545
1.6660256
1.6829695
1.6100159
1.7209444
1.7160084
1.6491575
1.684715
1.7118504
1.7825928
1.656327
1.5685695
1.67309
1.679302
1.6761342
1.689153
1.6441708
1.6230806
1.6043522
1.617819
1.6216805
1.739475
1.7479477
1.7745668
1.6937838
1.5520695
1.5978066
1.7424083
1.7652339
1.6100492
1.6809522
1.5940045
1.58671
1.5896207
1.7172346
1.6083221
1.6288785
1.6412853
1.7229811
1.610851
1.8997446
1.8259625
1.6499294
1.665726
1.9016278
1.6975968
1.5989007
1.7115908
1.8529643
1.5806288
1.6548938
1.6469307
1.8349715
1.7248452
1.7152582
2.089561
1.7067475
1.5843555
1.7868593
1.7864301
1.7839928
1.7015188
1.7959527
1.720628
1.687392
1.8606831
1.9472022
1.620663
1.8315791
1.8092353
1.792388
1.8171309
1.6978898
1.7851595
1.8668473
1.8413742
1.6844553
1.6989654
1.8562727
1.860888
1.691432
1.6528754
1.7055137
1.8804482
1.6740288
1.736215
1.739755
1.7349241
1.7221098
1.7109319
1.7032156
1.695327
1.7164053
1.6858054
1.709216
1.7235167
1.7260832
1.9453738
1.7480423
1.9628832
1.888783
1.6397697
1.6157889
1.9159973
1.6774902
1.6291493
1.6718376
1.649275
1.681777
1.6110867
1.6610554
1.6877738
1.5570565
1.7556335
1.7846785
1.7132841
1.598146
1.6098919
1.7212676
1.6820292
1.6476053
1.641574
1.6700307
1.6398082
1.595187
1.6311014
1.6249866
1.5882564
1.5693738
1.6010344
1.6572233
1.6397954
1.6311947
1.7223505
1.6787429
1.6626937
1.6444005
1.638179
1.637073
1.7991903
1.6046863
1.5629767
1.7139273
1.7354515
1.5654523
1.6376655
1.6785009
1.5797935
1.5751543
1.6459811
1.5766404
1.5655
1.5704964
1.6777421
1.5718052
1.6475707
1.5902122
1.5797242
1.7113405
1.5831312
1.644622
1.744328
1.6144811
1.6421772
1.6585875
1.6152387
1.749337
1.60445
1.667892
1.575197
1.5721428
1.6099439
1.5634044
1.6167618
1.5441117
1.593973
1.5630896
1.6158515
1.5371616
1.6021953
1.6729614
1.5536431
1.559541
1.6633097
1.5893378
1.6147202
1.6635919
1.5688503
1.5912267
1.5998532
1.6620028
1.5656192
1.5769047
1.7034509
1.7715983
1.6385113
1.6658463
1.7915969
1.6255809
1.6606491
1.7154636
1.8443718
1.597908
1.6546068
1.8310345
1.6233268
1.693791
1.611615
1.6432651
1.6330922
1.7602459
1.5962727
1.7236687
1.7999088
1.6610951
1.6692967
1.5746047
1.65562
1.8527788
1.698058
1.8778517
2.1361358
1.6370748
1.7216879
1.8948108
1.873987
1.7280164
1.8010231
1.750067
1.8728285
1.633456
1.8320737
1.9194624
1.7083309
1.6966202
1.7321342
1.7886356
1.7946817
1.7081755
1.622662
1.7858685
1.5616547
1.704159
1.7331771
1.7126412
1.6588898
1.6545788
1.6943063
1.6408112
1.6517377
1.782278
1.5800688
1.7173215
1.6561764
1.5872288
1.8700237
1.673699
1.612981
1.8397491
1.8273505
1.6567416
1.586322
1.7456528
1.8715006
1.6643285
1.8761957
1.828543
1.6548386
1.7495598
1.6476532
1.5563928
1.6287211
1.6800797
1.6054357
1.6638825
1.60102
1.6024532
1.7691164
1.626785
1.719204
1.7167557
1.6354016
1.6052587
1.6004995
1.6567723
1.632513
1.6333511
1.578894
1.6961145
1.5945731
1.5618218
1.6764162
1.6469008
1.6334879
1.5522182
1.6237923
1.6294446
1.7315656
1.5796299
1.7470046
1.7006232
1.6478139
1.5877076
1.8038026
1.7313719
1.5516024
1.6769209
1.5950015
1.6317812
1.6428975
1.6172675
1.8306835
1.8286502
1.582482
1.7150588
1.6818095
1.7252548
1.8125894
1.6361058
1.6699941
1.6744287
1.8332736
1.6817245
1.6282994
1.8290054
1.8244357
1.6350743
1.6222625
1.641473
1.6929638
1.698404
1.6715147
1.5870245
1.6102415
1.8739216
1.7257775
1.6698235
1.6939815
1.5839115
1.95203
2.016403
1.6535331
1.639336
1.7437698
1.7498014
1.8182263
1.6672871
1.6557999
1.8050895
1.6092052
1.8167155
1.677081
1.6244107
1.5730883
1.621298
1.7075537
1.8665501
1.6611897
1.5936753
1.6101352
1.8944702
1.6251541
1.5606765
1.5964242
1.9064081
1.6911916
1.7999562
1.6436477
1.7075628
1.7553428
1.6545675
1.7147852
1.6468611
1.62584
1.6154695
1.6474934
1.634193
1.7046216
1.801692
1.7248039
1.562414
1.6246396
1.5515991
1.6825572
1.6319079
1.7398955
1.6510094
1.6433812
1.6390148
1.5866158
1.6043473
1.6568228
1.6027492
1.6581898
1.7292585
1.7302604
1.6484817
1.5738597
1.6198612
1.6685213
1.6182741
1.6191745
1.6130781
1.6372278
1.696337
1.6283921
1.6359825
1.562083
1.5631375
1.5516038
1.5743748
1.7272576
1.6533183
1.5982326
1.6116912
1.6818417
1.6201062
1.5705255
1.611075
1.7238874
1.5989856
1.7119697
1.6497675
1.791561
1.799992
1.7439609
1.626788
1.7958555
1.7784088
1.5983287
1.6191789
1.7388722
1.9486985
1.5957359
1.6430258
1.6762365
1.84392
1.6786906
1.681644
1.7303684
1.7280912
1.8374103
1.8145518
1.672712
1.6409521
1.845103
1.696798
1.714615
1.6634785
1.7207992
1.6161578
1.6039342
1.6557834
1.8805062
1.6673743
1.5910207
1.8792483
1.787057
1.6188492
1.6223546
1.6085106
1.8272697
1.7243806
1.6044561
1.6887991
1.7636778
1.6717442
1.5956082
1.5988318
1.6477108
1.6903965
2.022448
1.6142505
1.6056387
1.6388313
1.8818115
1.8580625
1.5633886
1.746509
1.7294004
1.6875595
1.567614
1.6005645
1.735844
1.7562623
1.6032271
1.6099268
1.6586502
1.6216648
1.8453628
1.5863618
1.6067183
1.7506443
1.6112123
1.6077124
1.6202196
1.6655291
1.5551403
1.5841333
1.5924793
1.6477144
1.6513485
1.614718
1.5925955
1.6504053
1.5792167
1.6033571
1.8852522
1.6556667
1.5909138
1.735848
1.6983613
1.7361871
1.5847795
1.7530802
1.8174525
1.7134185
1.587791
1.6217562
1.686461
1.7519728
1.6936564
1.7138288
1.6017902
1.6638956
1.8392926
1.6522267
1.6466452
1.6854303
1.7637705
1.704033
1.614126
1.6892762
1.6601948
1.6092403
1.6154065
1.593075
1.6126249
1.6382056
1.6635681
1.5922195
1.5846118
1.5711045
1.6175406
1.6209756
1.6545515
1.5752296
1.5851578
1.6360441
1.7286782
1.6374366
1.5755563
1.5641592
1.5740535
1.5618073
1.5895628
1.6686647
1.5760392
1.5626651
1.6473302
1.580267
1.6104705
1.5413911
1.5378988
1.6039108
1.5458057
1.5986807
1.5599834
1.6021832
1.5896578
1.597773
1.5706564
1.5488007
1.5486238
1.6030155
1.6491944
1.5683053
1.5755913
1.5577217
1.6753576
1.5602745
1.5591394
1.6409664
1.5633974
1.586463
1.6021041
1.6225643
1.5826304
1.5843987
1.7185432
1.6580057
1.5779625
1.6595334
1.5621892
1.6596615
1.555957
1.6229967
1.6095202
1.6627257
1.552954
1.6780516
1.8201052
1.6148398
1.5869972
1.7240795
1.6451851
1.536705
1.5782137
1.6185336
1.6452267
1.657802
1.6845045
1.629742
1.57646
1.6231598
1.5502203
1.6750641
1.5878748
1.5637174
1.588223
1.7326964
1.6707766
1.6881105
1.6383401
1.605983
1.644711
1.6259677
1.6597575
1.5455595
1.5869657
1.5848515
1.7017076
1.6355473
1.5541308
1.5567693
1.6005214
1.7797906
1.6100734
1.638924
1.7889949
1.7118852
1.6682098
1.599262
1.6248118
1.6317462
1.6661155
1.6010249
1.630995
1.8128215
1.5871576
1.5707686
1.7503773
1.6591332
1.5691572
1.6177235
1.6251588
1.6851221
1.8135129
1.5836025
1.646717
1.7199552
1.6781906
1.6375389
1.6751086
1.5853353
1.667463
1.6253886
1.7753842
1.6198205
1.557505
1.6417024
1.6720798
1.7575053
1.5862089
1.6742162
1.6042652
1.6876339
1.6392467
1.6231728
1.5686581
1.6334544
1.6808908
1.6847221
1.5422823
1.5986911
1.639455
1.621907
1.5665635
1.558131
1.5852133
1.5833046
1.595398
1.6123762
1.6100045
1.5695455
1.6056182
1.6549774
1.573947
1.5681537
1.7039217
1.771754
1.52627
1.6120226
1.6446167
1.6819282
1.648813
1.608772
1.6895171
1.7246437
1.7727277
1.578918
1.5796132
1.6644645
1.6142416
1.7103689
1.55348
1.5630151
1.666589
1.7910057
1.6494128
1.5940328
1.660635
1.5519618
1.6868695
1.7402056
1.5839809
1.5635139
1.5684556
1.7838968
1.8172315
1.6643703
1.8306408
1.7779027
1.7832849
1.683597
1.5792236
1.748548
1.7017114
1.9389291
1.6404375
1.7031059
1.6427788
1.7016333
1.6568322
1.5752853
1.6334527
1.5358169
1.6064243
1.6953261
1.6594514
1.6072642
1.6028426
1.6339965
1.5854065
1.5900855
1.632001
1.6534812
1.7062868
1.5948223
1.5562333
1.5870272
1.6087587
1.6210226
1.5829793
1.6439513
1.7477328
1.6025121
1.6133305
1.6481825
1.5753497
1.616024
1.5602695
1.5952934
1.7201239
1.624791
1.6661274
1.7137312
1.717791
1.6241957
1.625527
1.7130047
1.5534633
1.6317662
1.6336563
1.5680507
1.8247283
1.5622177
1.6607724
1.575196
1.620421
1.5629563
1.5739545
1.6446774
1.5525123
1.5815563
1.5698055
1.6940643
1.5976428
1.611772
1.6409415
1.5885352
1.6224097
1.5507126
1.5958153
1.6285015
1.6176717
1.563475
1.5993246
1.542202
1.5418898
1.5902338
1.6080062
1.521233
1.5590605
1.641214
1.5586464
1.5340188
1.5657707
1.6079305
1.5519803
1.5888237
1.5740905
1.5694681
1.548426
1.5706497
1.545895
1.530622
1.540768
1.5856382
1.5550045
1.581405
1.5495702
1.664842
1.6963229
1.5713803
1.6094879
1.5826952
1.7174714
1.5486615
1.7067891
1.7472953
1.6519557
1.5549415
1.676609
1.8276267
1.5843709
1.5342805
1.7113905
1.7667427
1.698694
1.5500023
1.567864
1.7006055
1.7343384
1.628383
1.5610112
1.8028997
1.6829593
1.7224042
1.5841477
1.5489025
1.5396653
1.6301148
1.6292193
1.6828578
1.6397358
1.5660572
1.5962013
1.6603256
1.5867729
1.6159592
1.5674965
1.5588776
1.527668
1.5946202
1.6510445
1.5339924
1.601022
1.5989289
1.6160177
1.5617048
1.5280772
1.68445
1.6023834
1.6126515
1.6167665
1.5727428
1.622261
1.5569156
1.6265271
1.7602787
1.641737
1.539668
1.6067735
1.8286912
1.7678223
1.5468441
1.525555
1.7609856
1.7143507
1.5822862
1.530601
1.6393716
1.6282651
1.6720634
1.5612338
1.559976
1.6119109
1.6769536
1.588269
1.5477134
1.6831017
1.613535
1.7043927
1.5611342
1.5626755
1.5745064
1.5859575
1.608441
1.5968119
1.6257802
1.5480883
1.5499613
1.5968475
1.611922
1.6309074
1.7805666
1.671841
1.6250625
1.7370011
1.8292985
1.7066821
1.6846637
1.6402457
1.821752
1.8302357
1.7438133
1.595667
1.614277
1.6226476
1.8063953
1.6282908
1.5541372
1.7964143
1.6845435
1.6023587
1.637431
1.9214464
1.5825624
1.5279307
1.5953252
1.6576755
1.6407967
1.5800188
1.6406373
1.638
1.5616283
1.58011
1.67795
1.830177
1.7633009
1.5342728
1.6483966
1.8375422
1.7424773
1.6258374
1.6264699
1.6374876
1.6189682
1.6322519
1.6224563
1.7188758
1.5426475
1.583197
1.5725102
1.6575705
1.5428838
1.5739647
1.5719705
1.6064838
1.7156285
1.5953858
1.5654103
1.7272593
1.5372844
1.64321
1.5901709
1.6114064
1.629221
1.6395448
1.5322821
1.64034
1.570122
1.691442
1.5757247
1.62664
1.579828
1.610697
1.6747546
1.6167964
1.7243397
1.5908939
1.5950572
1.6309522
1.7773697
1.5552148
1.522501
1.5586454
1.5501697
1.639608
1.5588335
1.6799145
1.599313
1.6343795
1.5923545
1.5895445
1.6358862
1.5562575
1.5460957
1.5829605
1.5529863
1.5388042
1.51728
1.5471874
1.599238
1.5927132
1.54305
1.5631495
1.5888547
1.5835198
1.5513275
1.5697058
1.6222625
1.669603
1.6029147
1.5441315
1.5371084
1.5231119
1.5702248
1.6698545
1.7282636
1.534074
1.593663
1.6131475
1.6308374
1.5586935
1.6481942
1.596669
1.61173
1.6305457
1.586136
1.6412352
1.6185162
1.6352403
1.53363
1.5473725
1.5593188
1.5905583
1.53345
1.5503705
1.5795593
1.6274526
1.6129593
1.6635638
1.601456
1.6227263
1.7782941
1.6621325
1.8069944
1.6038598
1.6097262
1.7068567
1.695422
1.6343433
1.5525221
1.6883167
1.628635
1.6006874
1.6158981
1.594278
1.6342607
1.6515896
1.584405
1.629849
1.7676837
1.5966545
1.5962782
1.5746845
1.5667337
1.5501082
1.6611005
1.6941903
1.5941108
1.5535628
1.6533859
1.5422531
1.655683
1.6196995
1.6218687
1.6356841
1.5721707
1.6340729
1.6159221
1.5980607
1.693257
1.5601715
1.5452656
1.6362805
1.587477
1.6062568
1.5641602
1.5792327
1.6623001
1.6785307
1.5857053
1.6280347
1.7069114
1.6813939
1.542256
1.6002313
1.6669012
1.7279468
1.5545183
1.5759922
1.6554534
1.6058606
1.6563063
1.5634423
1.5993716
1.5623132
1.595687
1.5827214
1.532526
1.5708412
1.5977907
1.5485946
1.6737128
1.5874977
1.6846989
1.542934
1.5549234
1.5439905
1.5531768
1.5407548
1.5458323
1.5595595
1.6308035
1.6244
1.6542015
1.5358955
1.6493047
1.7441097
1.6538914
1.5168686
1.6481645
1.6632493
1.6416618
1.5886319
1.5429052
1.6665562
1.6161234
1.6341736
1.5702413
1.5458405
1.6102512
1.653514
1.6577297
1.5476041
1.6438386
1.6468548
1.6447648
1.718571
1.6215447
1.5678515
1.5424949
1.6780881
1.5369017
1.6166464
1.5897195
1.570708
1.5756323
1.6176085
1.5682431
1.5527185
1.574067
1.6118597
1.6408064
1.5440385
1.5651529
1.67802
1.530953
1.5640613
1.6103405
1.6054938
1.735198
1.5650831
1.5854686
1.5444247
1.525097
1.5364331
1.5980327
1.554975
1.5560966
1.5976963
1.5916641
1.558814
1.5871162
1.7040952
1.6287624
1.6410182
1.7665007
1.7357293
1.7038357
1.6445602
1.6243305
1.5648515
1.6156415
1.666589
1.6435697
1.5610209
1.5534213
1.6995838
1.8401854
1.5955327
1.7007978
1.5138083
1.51622
1.6254348
1.8197672
1.6279602
1.6824825
1.6153075
1.820351
1.971351
1.6451325
1.5452272
1.5606022
1.8334514
1.5607345
1.5584584
1.5611632
1.6360221
1.6622257
1.6265857
1.6551799
1.5536817
1.5909207
1.5539389
1.6519877
1.5821007
1.5687175
1.565626
1.5841928
1.6279109
1.6506768
1.5901142
1.6560056
1.6655778
1.6567404
1.6187117
1.6069777
1.5494365
1.5973812
1.701986
1.5815289
1.5608122
1.6249595
1.5885593
1.6373289
1.5668845
1.63018
1.5898367
1.554226
1.580217
1.5887456
1.5925423
1.5614339
1.6087028
1.581773
1.5778335
1.576599
1.5591061
1.5828806
1.6951373
1.6078908
1.624868
1.5784547
1.5772263
1.6353414
1.5995744
1.6082939
1.587358
1.595862
1.5861893
1.58874
1.5743803
1.5747533
1.5774658
1.515121
1.5659976
1.5433885
1.5467237
1.5700771
1.6718651
1.734687
1.5305568
1.6194752
1.6571405
1.611334
1.5349269
1.5576272
1.5349548
1.5842149
1.6613609
1.6055877
1.5217303
1.5377092
1.6298078
1.7380009
1.5699772
1.637475
1.5847003
1.6277415
1.6806628
1.6149228
1.5330825
1.5844122
1.5986727
1.5769011
1.6840531
1.5785713
1.6320183
1.6817069
1.688648
1.5632805
1.6117069
1.7336531
1.5507625
1.7179949
1.608987
1.632784
1.6813502
1.5749937
1.5874606
1.662136
1.60299
1.5564348
1.5501716
1.6656657
1.6571547
1.6475419
1.5858368
1.6067356
1.7669584
1.6262585
1.5365461
1.5319748
1.5947975
1.6589324
1.6257408
1.587424
1.6010692
1.5822037
1.6077777
1.674747
1.5369014
1.5936537
1.5526593
1.5203382
1.6259295
1.5397304
1.5553619
1.5591395
1.5861864
1.5557925
1.5885477
1.530267
1.6448567
1.6195188
1.5861228
1.524904
1.5345792
1.573236
1.5852786
1.5781548
1.614197
1.5377313
1.5659492
1.525301
1.632253
1.5870718
1.643258
1.6453549
1.6266522
1.5892661
1.6819278
1.7081896
1.6221597
1.5646977
1.6149467
1.5772762
1.5894319
1.5818914
1.582249
1.5835521
1.7134775
1.5910755
1.570978
1.5514661
1.7137792
1.6689873
1.7993531
1.7260091
1.5371385
1.5397128
1.6201541
1.7325605
1.5663308
1.582602
1.5732875
1.542824
1.6367933
1.5248559
1.6190315
1.5269054
1.5501895
1.5943892
1.7667178
1.6040751
1.5576228
1.519204
1.5744642
1.6745733
1.7334032
1.6351984
1.5552908
1.5911103
1.7290753
1.6004889
1.5612166
1.6121951
1.5373385
1.5220108
1.579088
1.5875103
1.5878428
1.5570469
1.6018035
1.5402104
1.6706885
1.5541909
1.5642138
1.5549338
1.5832994
1.584131
1.517506
1.5945892
1.5389017
1.535091
1.727919
1.56464
1.6095227
1.6178788
1.7193298
1.6959687
1.5470217
1.6167444
1.8404993
1.5730994
1.6493546
1.6538466
1.6293086
1.5702621
1.5663538
1.6083218
1.6419054
1.5783241
1.582814
1.6297212
1.7117548
1.521861
1.5791523
1.5705965
1.5134778
1.5698229
1.5663265
1.6109707
1.5395869
1.5463583
1.58532
1.543599
1.5414764
1.6670803
1.6073184
1.5740975
1.544309
1.6174393
1.6783278
1.573501
1.6109209
1.6035503
1.5329348
1.5733515
1.6292326
1.636952
1.5760345
1.5737619
1.5547342
1.5308135
1.5864217
1.6256145
1.6025198
1.6177317
1.5576677
1.7050732
1.570262
1.5424408
1.5290968
1.56891
1.5854776
1.6065369
1.541368
1.6667087
1.577066
1.6029482
1.5728658
1.6771146
1.6694735
1.7197772
1.6784314
1.6747736
1.556287
1.5865974
1.847503
1.583591
1.6603621
1.547756
1.7952864
1.6851326
1.5814289
1.5382028
1.6528046
1.6958576
1.6114751
1.5776798
1.516571
1.6410158
1.6239657
1.5520996
1.6348251
1.6009033
1.640647
1.6805345
1.6437372
1.5769777
1.6979445
1.7018477
1.8311163
1.6050199
1.6340537
1.722206
1.7081425
1.6199235
1.526185
1.602693
1.6856413
2.034351
1.6204056
1.621641
2.510633
3.6747046
3.3227665
3.0463228
2.1925504
1.999983
2.2985134
2.8280776
2.950085
2.4333816
1.876824
1.7006012
2.1582987
2.1554449
2.2428255
2.134116
1.8239149
1.6585813
1.7715789
1.8292379
2.231482
1.8093933
2.0172594
1.7290314
1.6623597
1.7098184
1.7513375
1.8041313
1.8688321
1.6262987
1.8503345
1.730042
1.767912
1.701502
1.7205338
1.5754832
1.6804984
1.7257718
1.6468682
1.6537801
1.689315
1.6441352
1.6792909
1.6299587
1.6375632
1.79371
1.6111528
1.7234994
1.6043828
1.6759832
1.5950842
1.6235515
1.6071508
1.6745933
1.6419495
1.6356094
1.5568109
1.623049
1.6166323
1.6035637
1.5855501
1.6144322
1.5870254
1.7077872
1.6422307
1.597807
1.5855473
1.5902793
1.6343154
1.6457233
1.647319
1.6017673
1.5861902
1.6372665
1.5418522
1.6077884
1.6095781
1.5442109
1.5948745
1.5571072
1.5369256
1.5558653
1.6520017
1.5750531
1.603265
1.5586334
1.5788232
1.5517969
1.6334625
1.6783003
1.6287005
1.7450563
1.603705
1.5984988
1.5792965
1.6225382
1.5843115
1.5493277
1.5628418
1.5847602
1.5280857
1.5824127
1.7073375
1.6173892
1.537264
1.5964752
1.5943948
1.6343042
1.569925
1.5752423
1.5547593
1.540111
1.551181
1.6336256
1.671242
1.6261675
1.5278448
1.5623695
1.585237
1.5515387
1.6097233
1.570767
1.5703443
1.5895243
1.6752987
1.6242292
1.5415448
1.6256027
1.6187263
1.7265824
1.5483887
1.641493
1.5851742
1.5448972
1.682103
1.6608571
1.6035782
1.5920419
1.639997
1.5575463
1.5924124
1.5393838
1.6479517
1.5743634
1.6484233
1.5339525
1.739718
1.6055553
1.6989515
1.6343895
1.5161537
1.5641646
1.7089975
1.6027753
1.6164918
1.7757396
1.5454906
1.534572
1.5867234
1.6934719
1.586125
1.6185209
1.546914
1.5712285
1.627136
1.5528617
1.7044448
1.6682715
1.6309885
1.6106256
1.6413463
1.6274518
1.711352
1.737571
1.7110095
1.8672035
1.5566441
1.7342538
1.744872
1.7303212
1.5958887
1.6352625
1.5303975
1.5958536
1.5919522
1.7159444
1.6140817
1.6310174
1.6335315
1.5527452
1.573445
1.589902
1.6359394
1.5929456
1.5594242
1.5662392
1.5493679
1.5674326
1.6396043
1.5845174
1.5823755
1.5369316
1.5436155
1.5609784
1.5693175
1.5683045
1.5283995
1.540742
1.5739436
1.5703591
1.5674285
1.5597388
1.5742912
1.5633179
1.5798255
1.6886852
1.5968214
1.5486465
1.5180641
1.5713472
1.5418245
1.5887961
1.550734
1.543511
1.5780249
1.5727552
1.5750922
1.5569905
1.600191
1.597154
1.5651911
1.5516877
1.6285415
1.5700498
1.6155423
1.6918838
1.5703515
1.5891733
1.6235102
1.5908347
1.6107492
1.633298
1.556025
1.5365655
1.59399
1.5476048
1.665444
1.7155505
1.5554255
1.5196537
1.6780822
1.6065171
1.6017905
1.6549855
1.6291417
1.5897073
1.6155925
1.5543842
1.5431118
1.5380704
1.596127
1.5566645
1.6401399
1.5378515
1.5606855
1.5940777
1.5692712
1.5822177
1.5572793
1.5733255
1.5455967
1.5737517
1.591545
1.5912008
1.5814842
1.6007435
1.5475974
1.531384
1.5863491
1.5998715
1.6420668
1.578221
1.5573275
1.5360979
1.6295004
1.5913477
1.5974633
1.5884978
1.6314907
1.6215885
1.5598054
1.6672615
1.5497
1.537339
1.5478135
1.6530608
1.5680163
1.6188133
1.557865
1.592867
1.5585109
1.6674155
1.6275774
1.5619285
1.5452802
1.593498
1.5954835
1.5954088
1.6005154
1.5664052
1.5463597
1.5479068
1.5991943
1.5585111
1.5480305
1.5985307
1.6464617
1.5987598
1.5932617
1.5458788
1.5472587
1.5392607
1.5741515
1.557419
1.5176568
1.6215022
1.5692236
1.5456016
1.5949023
1.6082481
1.627914
1.5599166
1.5317189
1.5243813
1.5321194
1.5756319
1.5973305
1.6513027
1.5407423
1.5560118
1.5312064
1.580936
1.5710567
1.5669564
1.5196488
1.5990583
1.5797225
1.536173
1.5850502
1.5516992
1.5834107
1.5984468
1.6759292
1.5615393
1.5490625
1.6236775
1.596029
1.7857745
1.6202929
1.682114
1.6849368
1.6854719
1.6627657
1.6855568
1.5654497
1.5663898
1.5568904
1.5389122
1.6988013
1.6766889
1.5264146
1.7089988
1.6428533
1.5425797
1.5323426
1.6340454
1.6124917
1.5490597
1.5740248
1.6606402
1.5810436
1.5502943
1.5409912
1.5967566
1.6421947
1.5766578
1.6449546
1.6065485
1.5615164
1.5561563
1.6014897
1.6213729
1.702721
1.5898652
1.6574538
1.5302218
1.5556234
1.5259242
1.5573566
1.5959762
1.55583
1.5974264
1.5496589
1.5471019
1.5500833
1.5581027
1.6342653
1.558069
1.5200453
1.5472734
1.6579565
1.5901242
1.5683625
1.5316843
1.5262003
1.7023386
1.5396777
1.6035455
1.6222323
1.5605294
1.542312
1.6035844
1.5568286
1.5374535
1.5290103
1.5645834
1.5770363
1.5834597
1.5870255
1.516459
1.5522472
1.6241425
1.5956101
1.5214843
1.5524086
1.5331565
1.5536585
1.5516379
1.548597
1.5382333
1.6406258
1.5481969
1.6196698
1.5429833
1.562733
1.64736
1.7289633
1.5657305
1.6478004
1.5633188
1.6169398
1.6625336
1.558118
1.6119374
1.67509
1.6254147
1.5452663
1.6221898
1.681437
1.5627186
1.5664784
1.5685805
1.5407587
1.5439868
1.5644577
1.5275942
1.5696805
1.6304101
1.5888435
1.5315608
1.6162534
1.6070912
1.6293207
1.6558622
1.5335295
1.6398059
1.6695178
1.5586175
1.5346217
1.5657355
1.6026362
1.6741484
1.6836214
1.5898752
1.5479913
1.7187915
1.7890085
1.6259906
1.5612515
1.5480747
1.5981563
1.6688225
1.7119673
1.6084619
1.5272447
1.5686023
1.57365
1.5763655
1.6241633
1.5793135
1.6935683
1.614309
1.6421288
1.5651257
1.582436
1.62081
1.56016
1.6104398
1.6549546
1.6299859
1.5397747
1.5704696
1.6197758
1.7064832
1.6217687
1.6043125
1.7427117
1.5931747
1.5248935
1.569307
1.5391037
1.7296745
1.6028887
1.6617553
1.6001008
1.5941079
1.6018327
1.5925545
1.72718
1.6866407
1.6190213
1.6722919
1.5729545
1.6881683
1.5440521
1.5417408
1.5940063
1.580971
1.7057437
1.6057358
1.5831411
1.6984917
1.634557
1.5923638
1.5784794
1.5520139
1.580384
1.570111
1.590333
1.5798099
1.5991352
1.6818175
1.5547758
1.5715553
1.6249214
1.6114638
1.6632524
1.5502312
1.5461372
1.5775187
1.5891082
1.6485003
1.6178946
1.5324208
1.6234405
1.5421513
1.6547037
1.6991972
1.5718255
1.5472586
1.6247942
1.6251658
1.6595869
1.5553842
1.5531237
1.589353
1.7359142
1.6191432
1.6408055
1.552402
1.5281067
1.5997977
1.7368445
1.6159748
1.6659734
1.6347219
1.5433502
1.5462245
1.6083031
1.657765
1.5934095
1.5740478
1.5811701
1.5648727
1.6412245
1.5410014
1.6086395
1.6543545
1.6597015
1.6835747
1.5625458
1.6209308
1.6157668
1.5998604
1.5644985
1.5488583
1.5274793
1.5497755
1.6618775
1.5575477
1.5653588
1.5876435
1.5486251
1.537972
1.517262
1.5408282
1.5468018
1.5898845
1.5345669
1.5295168
1.5494535
1.5480975
1.5554888
1.6171879
1.5623385
1.5578235
1.7013278
1.5418406
1.6213553
1.5231882
1.5548025
1.6368985
1.5733347
1.64226
1.662662
1.5471377
1.6354451
1.5615448
1.533574
1.5801816
1.6266141
1.5445902
1.6256835
1.5698819
1.5545235
1.565799
1.5490276
1.5453634
1.6005934
1.5892665
1.5690928
1.5552917
1.6116418
1.6417404
1.6984956
1.5616835
1.6056677
1.6012251
1.8005344
1.66504
1.6609032
1.5522017
1.564521
1.8041468
1.6831044
1.6256415
1.6174022
1.5885648
1.7443976
1.6203631
1.6314665
1.5636818
1.5312469
1.5499097
1.6774011
1.5505654
1.5681117
1.516843
1.5983198
1.5825025
1.5655501
1.6574855
1.5260689
1.5753949
1.6566539
1.5812769
1.5632384
1.6011792
1.5495529
1.5952432
1.6599072
1.6276398
1.5900413
1.5686312
1.6037138
1.5951792
1.6608384
1.7073393
1.5618308
1.5868378
1.5627837
1.7778535
1.6450828
1.5271529
1.524907
1.6044133
1.5787197
1.6362957
1.692443
1.6262612
1.5291203
1.5838836
1.655699
1.6307708
1.5902666
1.5211691
1.6363733
1.5811058
1.6960737
1.5597512
1.5803015
1.6127818
1.5661206
1.6248348
1.5773433
1.5794075
1.5395892
1.5524285
1.5789901
1.5796016
1.585947
1.5358106
1.5415678
1.6631718
1.6733055
1.5800209
1.5661358
1.565272
1.5625552
1.5642253
1.6134722
1.6832256
1.5598834
1.5694642
1.5186198
1.5151443
1.581372
1.6322417
1.5719275
1.5954072
1.5666678
1.5650251
1.6465615
1.5420167
1.5315394
1.5809495
1.5817101
1.5713071
1.6022363
1.5547197
1.5845462
1.5373155
1.6245518
1.5652875
1.5665225
1.5768512
1.607146
1.6473441
1.5289513
1.5561317
1.6079613
1.5613549
1.5687566
1.5402182
1.5520751
1.5646214
1.6475282
1.5320863
1.548829
1.5640745
1.7913315
1.579755
1.511983
1.5752715
1.6098032
1.5496396
1.5795445
1.5863752
1.5648069
1.6611413
1.5730208
1.516629
1.6614248
1.6205474
1.5548798
1.5891764
1.5871632
1.5490439
1.5651157
1.627849
1.5838572
1.536758
1.5789475
1.5161068
1.569825
1.5848253
1.5753553
1.5887561
1.632447
1.607785
1.5535803
1.6051909
1.521592
1.6192895
1.5616407
1.5612103
1.5465193
1.5637172
1.6336114
1.5939285
1.5723063
1.5446912
1.5824246
1.587511
1.5320894
1.6313189
1.5872055
1.5568248
1.6781348
1.6185012
1.5988927
1.6470472
1.6207069
1.5704197
1.5933608
1.6735842
1.6937473
1.645808
1.586578
1.6930184
1.7625965
1.6519876
1.6030598
1.6452132
1.6051217
1.6157093
1.6089159
1.5827284
1.6764457
1.6677994
1.7273185
1.5236689
1.6244904
1.6048105
1.636375
1.6615818
1.634288
1.6521857
1.5321265
1.545575
1.6269045
1.6806926
1.69028
1.6291822
1.616644
1.5642301
1.615725
1.583039
1.6536006
1.6679597
1.6127554
1.5294847
1.567503
1.613038
1.6035782
1.6441799
1.5797094
1.5859658
1.63182
1.6043897
1.6201012
1.5986465
1.5399309
1.5336968
1.552425
1.6128407
1.5619577
1.6428733
1.613233
1.556179
1.5871179
1.5479642
1.5847337
1.5757756
1.602688
1.5991505
1.5979087
1.5369272
1.5439278
1.5413729
1.7135123
1.5680056
1.5788428
1.588468
1.6345217
1.6518557
1.5662098
1.5967243
1.629533
1.7072365
1.6076617
1.5549883
1.606145
1.7362604
1.637104
1.6101748
1.5856752
1.6071193
1.635556
1.5582753
1.599617
1.5798028
1.5333438
1.5409563
1.526734
1.5534375
1.5572883
1.5932357
1.5329425
1.5639937
1.648566
1.5892142
1.5922413
1.6165994
1.5449699
1.6484995
1.6154782
1.5948945
1.6187944
1.5361623
1.5810695
1.6039659
1.5617622
1.583959
1.632217
1.5263052
1.5440133
1.5430195
1.546539
1.6176555
1.5417717
1.5743804
1.531166
1.569836
1.5262611
1.5732952
1.6081247
1.524635
1.6099757
1.5872966
1.5187572
1.5247041
1.5540898
1.5674349
1.5837216
1.5612442
1.5262835
1.5279691
1.6151507
1.5395772
1.5504622
1.574199
1.6188354
1.5478275
1.569604
1.6111736
1.5617782
1.5383941
1.5643249
1.5740052
1.6673609
1.5529127
1.6438402
1.5974133
1.5910197
1.5928447
1.6723063
1.654198
1.6146618
1.5857737
1.5530475
1.6547663
1.690531
1.634685
1.5365
1.5661292
1.526605
1.5565081
1.7491649
1.6062233
1.5533429
1.5836277
1.5624121
1.532632
1.5352772
1.5289454
1.5431404
1.6955328
1.5746495
1.568538
1.5251663
1.5162339
1.5731915
1.5554852
1.5432218
1.6643008
1.5274752
1.5597765
1.714253
1.6352332
1.5891604
1.5944829
1.7216297
1.5973443
1.6222734
1.547054
1.5582303
1.5891428
1.6657591
1.5580715
1.5523322
1.6669645
1.5308512
1.5411799
1.5593435
1.5619792
1.5615813
1.651607
1.5318333
1.5584052
1.5682807
1.5598168
1.6432195
1.5473877
1.5367644
1.5580113
1.5637467
1.5794444
1.5723033
1.5640802
1.5194048
1.5505205
1.5624913
1.5309607
1.536108
1.5889392
1.512662
1.6770235
1.6106151
1.5203129
1.5479063
1.5968227
1.6322315
1.5455705
1.597435
1.5497643
1.5404445
1.5683768
1.5212288
1.5319055
1.635895
1.6174172
1.5653946
1.6680052
1.8703725
1.614111
1.7357162
1.7960602
1.8579177
1.6775436
1.553661
1.5664017
1.6947387
1.7664198
1.7206153
1.6745209
1.6461437
1.5983506
1.606773
1.9545622
1.5912614
1.5813444
1.5684655
1.6132575
1.6084608
1.5748518
1.763857
1.6388992
1.56325
1.6256455
1.5998925
1.5954777
1.7402322
1.6214395
1.6055717
1.6013641
1.6640273
1.6639987
1.7746296
1.5677176
1.570688
1.5388641
1.631321
1.58543
1.6247678
1.6156497
1.635118
1.6150347
1.5701562
1.6296327
1.6246995
1.565935
1.593167
1.614359
1.5462894
1.5403026
1.5687042
1.5588225
1.5902495
1.61062
1.5700276
1.6470635
1.592281
1.5937027
1.5294746
1.6023908
1.5407146
1.662416
1.5900073
1.6410395
1.6503786
1.6035749
1.6070986
1.6556122
1.6326252
1.5227963
1.691939
1.6280239
1.5619718
1.5510576
1.5498478
1.5732422
1.5547864
1.5809025
1.6308954
1.5835418
1.6012572
1.52896
1.5795567
1.5497609
1.5795795
1.5214132
1.5675681
1.5467862
1.576734
1.5763279
1.5435548
1.583932
1.559555
1.5820138
1.5327479
1.5558306
1.5749259
1.554821
1.6006584
1.587905
1.598184
1.5225909
1.5140188
1.6479156
1.5699955
1.6235483
1.5565517
1.5607398
1.5821819
1.5864198
1.573907
1.5958787
1.592184
1.5253795
1.5980687
1.6057948
1.5565763
1.6204014
1.533664
1.6270185
1.5632672
1.589062
1.5627211
1.5881357
1.5818955
1.6779904
1.5952181
1.6611706
1.5895842
1.5976638
1.5856658
1.5574864
1.6294965
1.5831707
1.5697438
1.5363404
1.5610863
1.55334
1.5413975
1.63735
1.573799
1.5311464
1.5624733
1.5512925
1.5822887
1.6848516
1.591241
1.5376388
1.5816017
1.5843142
1.5406466
1.6300395
1.5905257
1.5504704
1.5690805
1.6849781
1.5933683
1.618769
1.5800345
1.655709
1.545339
1.5449193
1.6705736
1.5532408
1.6582545
1.6060537
1.5253003
1.5385883
1.6090715
1.6505805
1.557914
1.5893142
1.5347753
1.539689
1.5627967
1.7289462
1.5275499
1.5387832
1.5368435
1.5139065
1.5673127
1.714443
1.5786119
1.5523243
1.587868
1.5910374
1.5373315
1.5400969
1.656812
1.5766273
1.5405097
1.537524
1.59153
1.635154
1.7658705
1.7606217
1.5501465
1.6544266
1.6986163
1.7250985
1.7454547
1.7426152
1.5613135
1.6321009
1.7854418
1.7190357
1.6277556
1.600936
1.5891205
1.70935
1.5952678
1.7372762
1.6082085
1.5448369
1.6196047
1.5239745
1.5739547
1.6821245
1.7138265
1.6424044
1.5946211
1.6674049
1.584953
1.6378485
1.5739901
1.5914975
1.566943
1.5788115
1.5723586
1.5462292
1.5961632
1.6782995
1.5606877
1.5653485
1.5751408
1.6228956
1.5716658
1.6180412
1.5960886
1.6799716
1.5332518
1.5451251
1.5860833
1.6084751
1.5548217
1.6499537
1.57025
1.5997455
1.5543079
1.639657
1.5720161
1.5619216
1.6976737
1.6178976
1.5961895
1.5380331
1.6328288
1.628218
1.5894163
1.6427594
1.6322688
1.596174
1.61387
1.7707974
1.6401122
1.6228766
1.5765318
1.79721
1.638597
1.5501221
1.5411767
1.59847
1.6031263
1.6758883
1.5908475
1.5533341
1.6788675
1.5757347
1.5763416
1.5801673
1.6211077
1.6021849
1.5704893
1.5828584
1.6382055
1.545313
1.578691
1.6329169
1.6201704
1.5810295
1.5768993
1.5833696
1.5802717
1.5426862
1.596485
1.5782057
1.5639102
1.605251
1.536483
1.5322483
1.5538718
1.6234758
1.6180238
1.6947906
1.6226234
1.5604595
1.5488721
1.5729097
1.6042025
1.601537
1.671694
1.5658549
1.5571048
1.5754893
1.60211
1.6355339
1.5498976
1.5615108
1.6029103
1.5929796
1.5966862
1.5401958
1.5263505
1.5442947
1.6502022
1.628306
1.6631542
1.5804027
1.5828367
1.6438961
1.6241237
1.6900306
1.6134152
1.610387
1.591893
1.5886765
1.655481
1.527596
1.5459038
1.6385852
1.5935068
1.5983808
1.5496258
1.6007191
1.6653593
1.5900153
1.707045
1.645122
1.5901158
1.6013442
1.613233
1.6054493
1.6647161
1.6967744
1.5728462
1.6299915
1.7331109
1.9025211
1.6694522
1.6610082
1.6498867
1.5475829
1.6268208
1.6450081
1.6275358
1.7041295
1.5874318
1.6276655
1.6210643
1.5710357
1.6960745
1.5738581
1.5426008
1.587748
1.5853215
1.5718515
1.5631393
1.5609379
1.5861416
1.5966504
1.6294278
1.59077
1.5398571
1.5796629
1.6308748
1.7009158
1.542996
1.5896262
1.5778003
1.7037125
1.5938858
1.5607934
1.5384415
1.6583976
1.6175667
1.6161418
1.5535792
1.5437047
1.5725999
1.581935
1.5757844
1.5978642
1.6343875
1.6688694
1.5514628
1.5241332
1.6341305
1.643786
1.5917885
1.6162465
1.5140914
1.5957564
1.5989786
1.630937
1.618569
1.5540468
1.5539763
1.5758543
1.6713268
1.6184881
1.5473976
1.5299649
1.5595108
1.7670075
1.663501
1.6426796
1.5841652
1.541248
1.6349887
1.7430145
1.6289675
1.6533258
1.5493542
1.593581
1.557244
1.5509688
1.6183739
1.6162335
1.5639955
1.5336007
1.5706737
1.5403073
1.5292469
1.5962272
1.6351584
1.5441213
1.5826458
1.590554
1.5267079
1.5421033
1.5526028
1.6299012
1.5905863
1.5574995
1.5617765
1.60413
1.6420747
1.6013397
1.5612535
1.5890793
1.5231273
1.5696101
1.5229043
1.6354096
1.6320834
1.5477937
1.6363897
1.5370492
1.5576316
1.6118655
1.5332795
1.5871449
1.567721
1.5292202
1.6803254
1.6684996
1.5501596
1.6135269
1.5556223
1.5909536
1.5887088
1.5792922
1.5469
1.5635562
1.536905
1.6118985
1.5717895
1.5630364
1.5234612
1.613411
1.5597868
1.6294482
1.551423
1.5437403
1.5482458
1.6608368
1.641008
1.6063886
1.5387368
1.5857325
1.623746
1.7426548
1.6712501
1.5874305
1.531184
1.7964419
1.6590987
1.6866603
1.6070422
1.556266
1.6775924
1.6357602
1.6195055
1.5796207
1.5692117
1.6050439
1.691716
1.6353878
1.5372893
1.6200184
1.6129962
1.5675566
1.6284826
1.6209542
1.5316882
1.5924519
1.5760999
1.6941832
1.550841
1.6356373
1.6348125
1.5594146
1.5393692
1.5849912
1.5828485
1.6714188
1.5745444
1.6081264
1.5360969
1.5484986
1.560517
1.66613
1.6789827
1.6262277
1.589996
1.5902227
1.6392261
1.6239767
1.7165468
1.584986
1.5490848
1.5625403
1.700766
1.567542
1.5586379
1.5272518
1.59772
1.5806942
1.5955687
1.5614249
1.5669335
1.5603057
1.6174389
1.596184
1.6202853
1.7115704
1.577527
1.5667378
1.532409
1.6267397
1.5262092
1.5590935
1.5741998
1.5699263
1.5327994
1.577668
1.5792346
1.5404786
1.5243013
1.5959904
1.548592
1.5606698
1.6038578
1.5989943
1.5450019
1.5292063
1.576998
1.586743
1.5647296
1.514309
1.6317813
1.5304996
1.530922
1.5655283
1.5925775
1.580323
1.6069006
1.5743811
1.5935282
1.5684048
1.6580137
1.5615888
1.5371002
1.5962024
1.5293897
1.5197293
1.6364076
1.5905218
1.5927237
1.5831264
1.5192614
1.5705415
1.513083
1.5209697
1.5888269
1.5712081
1.6212612
1.564665
1.6440655
1.5423323
1.6126032
1.5688438
1.5282197
1.5519583
1.5652218
1.5621353
1.5518261
1.5303007
1.5286676
1.6215957
1.5257325
1.5404853
1.52502
1.5414182
1.6138645
1.5575593
1.5766817
1.5108702
1.5750511
1.5719513
1.5433695
1.559706
1.5854429
1.5656735
1.5580643
1.5583717
1.5308633
1.5553758
1.5603895
1.5639068
1.6008315
1.5289155
1.5157346
1.540294
1.5777572
1.5358839
1.5433655
1.5368088
1.5153615
1.5841823
1.5504578
1.5651115
1.5434896
1.5300107
1.5344108
1.6538604
1.6493542
1.5572667
1.508658
1.5536199
1.6405947
1.5439497
1.6105493
1.603549
1.5090045
1.5688947
1.6640741
1.7569077
1.6354368
1.5586184
1.584275
1.5229168
1.5690962
1.5600733
1.6821089
1.5861268
1.520611
1.585712
1.537511
1.5169704
1.5620072
1.609205
1.557175
1.5138581
1.5640755
1.5504084
1.5806086
1.549153
1.62272
1.5797182
1.6692009
1.5675887
1.809922
1.5663489
1.5711906
1.632169
1.5822753
1.5212682
1.5904305
1.5244516
1.5993105
1.6317405
1.6076236
1.5742145
1.5954152
1.5950837
1.5695351
1.5341078
1.5947205
1.5778675
1.5741335
1.5428147
1.5293902
1.589235
1.5753686
1.6788293
1.5821965
1.611213
1.5980194
1.5483935
1.587439
1.579726
1.5663129
1.7315111
1.5375787
1.590481
1.5461928
1.7037135
1.5994153
1.5960857
1.6823788
1.6220073
1.5573802
1.6300663
1.573055
1.6228732
1.6153034
1.6818517
1.5499171
1.6157525
1.6032991
1.6444713
1.5708603
1.6314616
1.5762228
1.5748845
1.5861177
1.5530016
1.568435
1.5771425
1.6451533
1.5870961
1.6653613
1.5696845
1.5492073
1.6275717
1.6880612
1.5855703
1.5609498
1.5389295
1.5704827
1.591413
1.6273102
1.5445715
1.5896353
1.6148611
1.5673065
1.6234818
1.6347862
1.6076247
1.6066177
1.7141278
1.7743735
1.563097
1.5493532
1.5971802
1.6043566
1.585501
1.7354487
1.5543174
1.5949537
1.5271314
1.5410885
1.5527139
1.6384745
1.6061612
1.6468667
1.5665162
1.5388688
1.5511566
1.6252803
1.5464052
1.5546715
1.570617
1.5361137
1.6479658
1.5557553
1.5863402
1.5773015
1.636897
1.5604914
1.6447924
1.56713
1.5363295
1.5511119
1.5891035
1.5201571
1.5316774
1.5570055
1.5585318
1.5482912
1.5771844
1.5517073
1.6267065
1.6484362
1.6418912
1.5887091
1.6024793
1.59111
1.5757556
1.61373
1.5482626
1.5855831
1.5627161
1.546773
1.6576164
1.6847117
1.5505182
1.6531125
1.8445505
1.6231714
1.588946
1.566453
1.5557427
1.5421193
1.5985388
1.6216549
1.639041
1.5414113
1.5442511
1.5465658
1.558525
1.6179937
1.5810649
1.5584861
1.5699219
1.5795193
1.6081572
1.5222633
1.5928197
1.523925
1.6253133
1.6254545
1.6047758
1.5345773
1.5673193
1.5863953
1.5667428
1.5758255
1.5526085
1.6263572
1.5752747
1.5509169
1.5716213
1.5332404
1.5630883
1.674903
1.672174
1.6172353
1.6106681
1.5303955
1.632827
1.6257583
1.5723875
1.5303103
1.5284674
1.5426456
1.5434366
1.5279607
1.6063515
1.6044993
1.5992227
1.5903666
1.5937132
1.5233086
1.683237
1.5846483
1.596966
1.5434022
1.5132518
1.6030377
1.5806891
1.6024905
1.6095487
1.6315725
1.5933809
1.5247985
1.5708283
1.5578864
1.5695558
1.5998147
1.5788405
1.6112733
1.6571252
1.5170825
1.5455352
1.5740256
1.5759972
1.5631983
1.6395285
1.575798
1.5575937
1.618326
1.5177072
1.5537778
1.557581
1.5998118
1.713987
1.524749
1.529313
1.554674
1.6318365
1.670384
1.5104042
1.5774709
1.5212132
1.6301728
1.6792855
1.601244
1.5424784
1.519572
1.6120356
1.5410163
1.6125638
1.627932
1.6470575
1.5937697
1.5613146
1.5720438
1.5744953
1.5491848
1.559315
1.6654464
1.5643289
1.674893
1.6954986
1.5633522
1.6158588
1.552797
1.5507795
1.5683447
1.5575564
1.6474975
1.5607592
1.6904048
1.5865854
1.5972009
1.573781
1.6358733
1.6098999
1.6275753
1.5514464
1.5372494
1.5792295
1.5293155
1.564334
1.593269
1.5610622
1.5509347
1.527715
1.5494314
1.5962805
1.6491505
1.5742624
1.5976136
1.569713
1.5277325
1.5534549
1.6590072
1.6125731
1.64718
1.751686
1.6122427
1.5928092
1.6762241
1.5803959
1.562985
1.5980885
1.595848
1.6122317
1.5720527
1.5583508
1.548623
1.5827312
1.579999
1.520628
1.5535722
1.5587592
1.5333552
1.5433499
1.5422177
1.5150837
1.5359918
1.6551098
1.5505953
1.6093531
1.5515287
1.5279355
1.5523432
1.5158517
1.5332222
1.6219474
1.562457
1.6134938
1.5192829
1.5232154
1.5839473
1.6202147
1.540041
1.6203171
1.5284617
1.555636
1.6064333
1.5758693
1.510119
1.5346735
1.5467417
1.5936782
1.5428386
1.5551605
1.5547023
1.55494
1.5784322
1.513971
1.5587867
1.5477755
1.5279173
1.5765707
1.5488904
1.5157664
1.522849
1.5520717
1.5204407
1.551947
1.6010283
1.528393
1.6174965
1.5134475
1.5601852
1.5813694
1.6047101
1.5507008
1.6232625
1.6692728
1.6888957
1.5780495
1.6551849
1.624556
1.7255373
1.5905178
1.6581215
1.5218822
1.5735402
1.7727406
1.6026403
1.5883495
1.6081188
1.5771246
1.5727416
1.5828197
1.5875697
1.6885626
1.5871862
1.5231206
1.5480847
1.6235901
1.5771092
1.6133448
1.5693171
1.6145582
1.5444572
1.5685829
1.5349725
1.5601445
