26.640688
27.162292
27.158163
27.009998
26.855087
26.216574
26.818304
26.435308
26.081913
25.995932
25.782372
25.295332
25.878555
25.515903
25.664257
24.804562
25.434927
25.220886
25.425741
24.922817
24.621784
24.503971
24.393389
24.11448
24.124979
24.157452
23.827353
23.698294
24.60866
23.42101
23.637241
23.199152
22.368095
22.591272
22.172369
22.335752
21.733263
21.349567
21.534838
20.95752
20.594635
20.679392
20.557463
20.146433
20.227531
19.663279
18.542788
18.398674
17.799149
17.394123
16.298458
16.614494
15.66528
15.846977
15.332262
15.17797
15.144103
14.303267
14.561973
13.57678
13.586208
13.858122
13.97106
12.900824
12.996044
13.098611
12.896316
12.85534
12.422361
12.44528
11.989969
12.645942
11.823548
12.448356
12.037118
11.619163
11.232359
11.556186
11.402502
11.686374
11.390295
10.965946
11.293848
11.130974
11.353428
10.702125
10.600744
10.6904745
10.795859
10.190389
10.059248
11.17115
10.813703
10.351626
10.200806
10.454428
9.715226
9.8241
9.971776
9.86804
9.272511
9.233299
9.81505
8.96248
9.559898
8.902138
8.967023
9.135148
9.039749
9.078725
8.454948
8.591921
8.913628
8.506649
8.427331
8.393399
7.735487
7.8620596
8.249052
8.221094
7.962035
7.8059454
7.671637
7.284213
7.2038507
7.479618
7.2436223
7.326192
7.30337
6.610352
6.865437
7.044387
6.665924
6.4007144
6.5339465
6.2973
6.660818
6.5360894
6.184355
6.051569
6.148704
5.951173
6.002507
6.320436
5.676973
5.6083198
5.919704
5.287864
5.559268
5.528012
5.3856754
5.774549
5.2519317
5.668356
5.485211
5.422533
5.447211
5.264376
5.12314
5.295638
5.2098937
5.4804726
5.295622
5.255206
5.402888
5.386529
5.239927
5.320665
5.0597525
4.62167
4.996172
5.131747
4.9345965
5.101208
5.2205925
4.9461308
5.009483
4.8727283
4.844508
4.632167
4.801413
4.9912453
4.7575283
4.600847
4.98433
5.0897174
5.394412
5.1569295
5.03243
4.986513
4.844553
4.590827
4.7019234
4.66532
4.5777345
4.536547
4.789724
4.697537
4.914888
4.731308
4.568565
4.8136287
4.608555
4.581722
4.9055557
4.835392
4.850854
4.9275455
5.1781363
5.141045
5.153665
5.091733
5.002703
5.102084
4.5776353
4.505266
4.6986723
4.789589
4.8387218
4.505705
4.7869563
4.82897
4.620836
4.75134
5.155152
5.084821
4.7909446
4.8691664
5.0702834
4.859945
4.497277
4.408358
4.770479
4.448998
4.6913815
4.708571
4.7396975
4.750626
4.629224
4.7496605
4.8017297
4.928392
4.606255
4.795183
4.519613
4.427362
4.5348334
4.4002137
4.5143914
4.428621
4.371029
4.424565
4.384445
4.552132
4.596783
4.381438
4.5275626
4.616669
4.513247
4.551499
4.417523
4.61673
4.3221154
4.243227
4.3270197
4.31713
4.553808
4.7472024
4.573298
4.591288
4.5415263
4.6342883
4.6409154
4.429001
4.6532025
4.7455487
4.481671
4.492005
4.65211
4.862929
4.518166
4.676202
4.515204
4.504408
4.7390203
4.638079
4.7387094
4.405104
4.258571
4.3817496
4.50138
4.43684
4.464498
4.493208
4.516502
4.601978
4.3702235
4.394726
4.369637
4.351948
4.3643336
4.110508
4.294315
4.454423
4.268025
4.396922
4.527479
4.467735
4.5395145
4.3920226
4.471405
4.465603
4.23994
4.1929016
4.36507
4.251839
4.1362457
4.371143
4.30803
4.601022
4.135593
4.1403813
4.3093405
4.37557
4.31985
4.287858
4.24215
4.3071566
4.230229
4.24409
4.506629
4.202681
3.8804152
4.112841
4.220964
4.109818
4.3364034
4.373957
4.407796
4.194043
4.2989306
4.158244
4.06595
4.334127
4.286145
4.2757215
3.9299026
4.105103
4.017516
3.9210503
4.0706964
3.9433248
4.1389995
4.3214808
4.016121
4.122773
4.262066
4.227728
4.174491
3.8618999
3.774592
3.926623
4.1485596
4.1868086
4.132933
4.0843105
4.175511
4.383791
4.266647
4.0187507
4.008755
3.9997916
3.8452947
3.953464
4.2110667
3.8835487
4.256017
4.3276744
4.542218
4.391512
4.244586
4.1684256
4.04089
3.9326217
3.940624
4.0642867
4.108203
4.040214
4.321672
3.9770129
4.1629467
4.2938304
4.3341255
4.028354
4.0076747
4.20762
4.1933985
4.033899
3.9158995
4.5044923
4.290163
4.105768
4.1575904
3.9694815
3.9628296
3.9776802
4.205268
3.9433496
4.291258
4.0662174
4.321221
4.3002267
4.4778433
4.443426
4.0853605
4.154956
4.084958
4.0389533
3.9396858
3.9821572
3.8231764
3.795464
4.1733704
4.0665693
3.9601395
3.870818
3.9115143
3.6958106
3.7077715
3.9219925
4.039324
4.247418
3.830549
3.9570522
4.315169
3.9904947
4.0525427
3.9267612
3.919993
3.770726
4.0780883
4.015489
3.8506217
4.005125
3.9246144
3.9045155
3.9442732
3.9266622
3.9985714
4.0042114
3.9790275
3.8182673
3.9954176
4.1001554
4.049613
4.015751
3.7899756
3.9028318
3.9049144
3.825857
4.0873103
4.0504107
3.9812365
4.0961504
3.9834025
4.038895
3.9250345
4.1915975
3.9014535
3.719027
4.131589
3.8552046
3.9626346
3.9194546
3.8133845
3.9069984
3.6523285
3.952345
4.0883923
3.7035916
3.7076938
3.943113
3.9967585
3.8127031
3.7767534
3.760158
3.7698655
3.691869
4.0684185
3.9813187
3.6172817
3.8028665
4.002586
3.926792
3.8121588
3.742857
3.683722
3.8702645
4.026309
4.0071354
3.8995013
4.145145
3.87706
3.723125
4.0799465
3.7916503
3.7499576
3.6005
3.688135
3.9519174
3.818829
3.90469
3.7852705
3.6964157
3.850524
3.678917
3.5287733
3.95099
3.927949
4.0127354
3.6807687
3.8972714
4.1133637
3.7392504
3.8401394
3.774675
3.6966984
3.9593587
4.1319942
3.5848937
3.8722959
4.0209327
4.1727853
4.0010867
3.7443335
3.67707
3.942418
3.4911299
3.7912745
3.7943046
3.7083924
3.6330173
3.7351825
3.794307
3.7689965
3.638338
3.6975405
3.724158
3.900117
3.5684714
3.490986
3.8841765
3.7759855
3.7289445
3.562231
3.5444226
3.740553
3.3977015
3.4802024
3.786166
3.723207
3.6378665
3.5349355
3.4637952
3.75507
3.739775
3.5102348
3.5768673
3.4850116
3.6954274
3.6682336
4.086071
3.8709757
3.7744849
3.54338
3.3726015
3.6173255
3.673627
3.6910527
3.6118023
3.6264875
3.6456485
3.6570776
3.8422477
3.623149
3.388504
3.4506028
3.811512
3.5334754
3.7257605
3.6913476
3.720016
3.6632862
3.3282163
3.515911
3.415634
3.57684
3.456798
3.4005685
3.5920215
3.5150764
3.625455
3.4004111
3.505165
3.3310385
3.4659607
3.3844752
3.6082401
3.387607
3.3078794
3.386095
3.3397646
3.4684527
3.4380994
3.4813817
3.4670727
3.3319075
3.5973666
3.714725
3.3587275
3.3899028
3.4815738
3.4486854
3.5646918
3.321071
3.368683
3.238027
3.307142
3.3073325
3.541241
3.446666
3.45635
3.454348
3.5669975
3.5063086
3.5203717
3.8595192
3.5410326
3.1147668
3.21476
3.371683
3.6238606
3.3036284
3.6198134
3.4903734
3.64313
3.4710493
3.591478
3.7206795
3.6255536
3.458079
3.6092684
3.459687
3.394348
3.6983547
3.5877259
3.5047114
3.4846509
3.482224
3.4550962
3.501393
3.478975
3.3688445
3.4208634
3.3810565
3.4906876
3.593775
3.5296946
3.489999
3.389253
3.316761
3.3057954
3.3705955
3.2034273
3.4893157
3.4041665
3.445351
3.3928485
3.2496135
3.4460714
3.2861898
3.431424
3.4485903
3.2156925
3.513453
3.28265
3.288837
3.5695257
3.458039
3.3694677
3.3259063
3.4501157
3.37531
3.2080739
3.4217744
3.2619576
3.358454
3.4298947
3.39646
3.457105
3.319097
3.406525
3.1465766
3.120197
3.5132015
3.1536617
3.2233407
3.3704214
3.3234115
3.3829155
3.1239257
3.2063224
3.2101715
3.327384
3.0597982
3.3663216
3.2605257
3.3221116
3.203594
3.382742
3.275508
3.2850404
3.1810908
3.3037817
3.160619
3.0901597
3.332723
3.1570568
3.3456404
3.2603235
3.2775345
3.4639382
3.2892206
3.2477045
3.236311
3.4831853
3.2431242
3.2296126
3.159008
3.3532827
3.208291
3.3747423
3.364026
3.112563
3.0735974
3.264318
2.9859293
3.1165946
3.0544646
3.1808262
3.12263
3.180706
3.1146698
3.1320424
2.9077024
3.085111
3.2711744
3.0805137
3.0584993
3.0292556
2.949176
3.3845668
3.123009
3.2041254
3.014885
3.1125746
3.138207
3.1355815
3.0694356
3.0610433
2.993972
3.0333278
2.7854846
2.968825
3.064338
3.0106137
3.3264906
3.3800564
3.0761275
3.142092
3.257164
3.1791415
3.1730034
2.956289
3.173061
3.057401
3.179345
3.260424
3.25401
3.252425
3.2016366
3.348981
3.1672018
2.976028
3.089762
3.014872
2.9822109
3.3335142
3.210918
3.1694648
3.039415
3.3456333
2.9736044
3.215105
3.2053673
3.087866
3.0290735
3.005149
3.0436244
2.9873946
3.0242944
3.0096254
2.8850756
2.907288
3.0191674
3.1172807
3.1938496
3.0439079
2.8898106
3.111012
3.2586136
2.90835
3.09023
2.9551816
2.9301798
3.1037955
3.0914178
3.0104415
2.886003
2.9728146
3.036922
3.0187743
3.2060316
3.0057707
3.098373
2.9309855
3.1281786
2.878002
3.2052085
3.023941
3.0431643
2.982636
3.0104518
3.1803682
3.274241
3.0394802
3.030096
3.0689416
2.9606638
3.071719
3.0706432
2.8811197
2.9887443
2.8744805
2.923497
2.8571079
3.1011624
3.0721638
2.8998325
2.977627
2.9809058
2.955931
3.1048675
2.8300667
3.045398
2.9175062
2.9706624
3.045289
3.0411606
2.9549904
2.898839
2.99083
2.9309056
2.888432
2.9881048
3.1731324
2.8236887
2.919343
3.0317419
2.8514428
2.8943315
3.0809119
2.9847665
3.050361
2.946058
2.929669
2.8011363
2.930805
2.8904355
2.848056
2.9780045
2.7635856
2.81831
2.926621
2.98486
2.8402517
2.9400933
3.0566537
2.9739976
2.8304749
2.8105252
3.0340219
2.987317
2.9464638
2.934137
3.016827
2.750585
2.777474
3.030341
2.7455318
2.876193
3.154238
2.875818
2.9592183
2.826814
2.8417668
2.96223
2.8990865
3.000233
2.8224576
2.9818335
2.8834095
2.853498
2.6127386
2.8899274
2.6944602
2.747846
2.922043
2.7181776
2.8993976
2.7874475
2.941295
3.0358107
2.776565
2.9887335
2.9240592
2.8049974
2.7923934
2.772025
2.7456925
3.0813015
2.963842
2.790793
2.7081914
2.9327571
2.6619167
2.9987555
2.9761374
2.9464645
2.8617015
3.1135383
2.892236
2.9174984
2.852505
2.6812923
2.9816585
2.978416
2.647544
2.864684
2.905807
2.9293995
2.816005
2.7616916
2.8506246
2.6853728
2.7753046
2.8000355
2.7424605
2.9764822
2.809421
2.9137511
2.8301516
2.735104
2.765264
2.766551
2.629041
2.5905945
2.8791988
2.564692
2.6655786
2.7235374
2.8097856
2.705305
2.6392324
2.868428
2.5444684
2.7583904
2.7074575
2.7259095
2.8077154
2.6042335
2.58644
2.6253426
2.8228893
2.788153
2.7345793
2.712641
2.7520413
2.796949
2.6185725
2.668615
2.6233332
2.7105296
2.596419
2.694056
2.913519
2.7186198
2.662927
2.7415667
2.6113584
2.7975452
2.722772
2.7789965
2.5993803
2.904224
2.7703042
2.6295016
2.8352456
2.8810167
2.7353652
2.710312
2.531215
2.6734724
2.697145
2.5861375
2.647871
2.7846813
2.6213112
2.6526155
2.6671925
2.744816
2.773582
2.7891567
2.6316102
3.0055077
2.7274415
2.6025584
2.6401403
2.6982358
2.6281106
2.8124197
2.8089237
2.72956
2.6354325
2.6712534
2.956821
2.885976
2.7340505
2.527225
2.847272
2.82223
2.890929
2.7470531
2.725078
2.536712
2.819018
2.9423592
2.633217
2.6704032
2.634432
2.6341574
2.7479284
2.8918703
2.7632015
2.657113
2.4218094
2.7616398
2.7231297
2.5549054
2.6410444
2.536467
2.8587625
2.8625784
2.5052404
2.5519028
2.634098
2.8379848
2.6771605
2.6768816
2.6545253
2.6461194
2.5878716
2.9615085
2.4863825
2.5082605
2.5639195
2.4743555
2.761761
2.515802
2.3574305
2.6682625
2.6446855
2.6090558
2.4693203
2.5171034
2.763228
2.664815
2.463161
2.5059836
2.4702117
2.5715742
2.6856604
2.7820747
2.575877
2.6168182
2.5391955
2.5874016
2.7331517
2.5303924
2.8638365
2.7172728
2.6973784
2.650457
2.4815452
2.7147214
2.734243
2.6898105
2.9252195
2.5354104
2.613905
2.6794615
2.531775
2.6007533
2.645439
2.46951
2.7047815
2.7727265
2.4008675
2.4326196
2.5394034
2.6210787
2.8195186
2.6290843
2.3751915
2.5005207
2.4551675
2.8632104
2.826108
2.5766041
2.4580276
2.639809
2.482694
2.8070862
2.2990944
2.7793064
2.6126528
2.5346656
2.581326
2.59658
2.6565006
2.5882
2.730086
2.460169
2.6310334
2.552949
2.4955602
2.3914595
2.4493675
2.402424
2.3328805
2.7548864
2.5940695
2.5544987
2.507793
2.3607526
2.361598
2.4566364
2.5921834
2.64319
2.552325
2.4520602
2.5296204
2.553153
2.7022884
2.4478464
2.6809776
2.3838513
2.5886621
2.4962265
2.8839283
2.756277
2.677359
2.4487946
2.6441445
2.6088617
2.4561658
2.398991
2.397668
2.708585
2.58332
2.494722
2.5457964
2.5104148
2.5449173
2.468092
2.4843333
2.5913203
2.6916084
2.4297125
2.4566503
2.4145617
2.4594455
2.505908
2.497681
2.7040064
2.5943594
2.4938238
2.3054774
2.4498966
2.5344472
2.7269294
2.392148
2.4487245
2.6581728
2.528146
2.5689664
2.625484
2.575665
2.4534514
2.705005
2.7440505
2.7272277
2.8076413
2.515138
2.4660325
2.585233
2.489452
2.727647
2.6597762
2.659104
2.543137
2.746536
2.4811292
2.7405155
2.5015678
2.6418016
2.6157725
2.5569606
2.6627843
2.551587
2.4894547
2.4242306
2.4828308
2.7269144
2.519883
2.4168813
2.627365
2.4885712
2.4181933
2.561419
2.5473788
2.5798595
2.605922
2.5489273
2.6916034
2.4117408
2.44139
2.532514
2.3782294
2.345491
2.5831025
2.4404511
2.3582218
2.501168
2.4648685
2.428583
2.4202914
2.5098462
2.5175335
2.5180168
2.589008
2.5148325
2.4082432
2.5454755
2.3760946
2.3863215
2.3692195
2.4832256
2.6283135
2.350135
2.4244998
2.3254354
2.4882796
2.4422424
2.4171796
2.4916842
2.191384
2.2619746
2.3275166
2.397292
2.292427
2.2973921
2.4015882
2.5104802
2.5766118
2.417299
2.357136
2.4756787
2.462632
2.6715705
2.6559014
2.3621294
2.564342
2.4230525
2.3881588
2.522589
2.697446
2.4924557
2.4424496
2.7646995
2.5626814
2.635561
2.666458
2.842721
2.523474
2.8504186
2.486555
2.7266994
2.80208
2.692254
2.6627479
2.6428208
2.9244385
2.5145855
2.5309575
2.5916998
2.5358
2.6379845
2.372185
2.5467415
2.5368216
2.579693
2.4072661
2.4713297
2.2995167
2.4317198
2.386578
2.4810255
2.421861
2.334714
2.4070911
2.3635726
2.5678384
2.6503325
2.3736026
2.481268
2.5585606
2.3675244
2.5242732
2.4871902
2.4585075
2.4935346
2.6567578
2.5339525
2.547339
2.4121256
2.3693295
2.51158
2.4580765
2.4175184
2.439124
2.2911975
2.2630868
2.37726
2.4239674
2.4415305
2.3310435
2.3611593
2.0914714
2.2278786
2.374103
2.4083881
2.394124
2.324821
2.3821545
2.259779
2.2930613
2.1941597
2.315507
2.4012003
2.3584542
2.5429986
2.185277
2.4327326
2.4857576
2.607103
2.388265
2.3079662
2.5019376
2.4306505
2.4403896
2.478248
2.315971
2.3329222
2.5092878
2.325055
2.343642
2.4051476
2.3073893
2.36146
2.339889
2.494261
2.3261087
2.3064632
2.4536324
2.2973979
2.4779835
2.2986906
2.1502275
2.2643185
2.3973448
2.2704773
2.212591
2.0778685
2.4169617
2.2505283
2.2967036
2.4114442
2.405644
2.5745864
2.324728
2.2528365
2.3485985
2.294374
2.4910784
2.41335
2.125457
2.7062874
2.630353
2.469821
2.3084953
2.570657
2.5782342
2.45564
2.3045404
2.4874275
2.305315
2.5893135
2.2954178
2.397912
2.3407855
2.254507
2.4921818
2.2845545
2.3724205
2.3115137
2.2090907
2.2030287
2.262333
2.300722
2.2894444
2.28496
2.242281
2.3342626
2.244653
2.3292234
2.21192
2.2043295
2.2916477
2.3741715
2.2662978
2.41636
2.3240955
2.2792203
2.1638694
2.2618792
2.2495248
2.2823224
2.3488493
2.2945294
2.278704
2.311149
2.4114356
2.375647
2.351334
2.4894164
2.3821065
2.3283975
2.4143486
2.3016226
2.3402004
2.5309978
2.465611
2.3675704
2.356009
2.4789424
2.5403569
2.3476624
2.2560763
2.4246588
2.4855244
2.4048073
2.2650373
2.5631845
2.489559
2.4286804
2.3320074
2.4816935
2.45214
2.3400886
2.195483
2.260268
2.424368
2.5318666
2.336541
2.3344104
2.560971
2.5077815
2.2758248
2.1614897
2.2799084
2.4450815
2.506451
2.2684476
2.440176
2.674262
2.437579
2.302368
2.424591
2.3540366
2.5983043
2.3597214
2.2302105
2.665173
2.6275086
2.4239714
2.4210145
2.443653
2.602138
2.7459629
2.4523735
2.486482
3.1318674
2.2662807
2.4215994
2.6196375
2.556057
2.404157
2.4478464
2.573996
2.780202
2.3512685
2.2440202
2.6434445
2.2916894
2.269037
2.1939585
2.2986772
2.457227
2.2669868
2.338645
2.3378234
2.232532
2.1860435
2.2703686
2.2753677
2.4693334
2.3200996
2.273285
2.2192109
2.362573
2.5041776
2.3741922
2.295816
2.6878524
2.458297
2.2499206
2.393355
2.425365
2.4573653
2.295195
2.5857522
2.400058
2.469231
2.408277
2.5026424
2.3869371
2.4366078
2.5061715
2.2572036
2.2733958
2.3061662
2.3602266
2.199943
2.1171205
2.1860363
2.4756546
2.4920826
2.476443
2.1952453
2.1171174
2.270409
2.1598268
2.1819253
2.196081
2.372225
2.314639
2.2191632
2.4097865
2.2634733
2.2963834
2.174302
2.310069
2.3256712
2.566439
2.331494
2.407356
2.1175592
2.2591763
2.4484384
2.3738005
2.2831955
2.30102
2.2311594
2.3173866
2.3965805
2.3212912
2.4449043
2.2746058
2.2771254
2.2105424
2.291196
2.356402
2.182776
2.2338924
2.0688534
2.2832065
2.3956075
2.3807974
2.3890665
2.348035
2.203173
2.2712436
2.184284
2.1467848
2.1463327
2.268664
2.2013488
2.295759
2.2747898
2.252218
2.0690343
2.301384
2.2905662
2.205093
2.0904367
2.2732558
2.2347102
2.1778975
2.1472454
2.188737
2.337687
2.3282714
2.2327192
2.2370718
2.2549624
2.316988
2.2732666
2.2452765
2.4003525
2.4556656
2.2599702
2.0339081
2.549393
2.3209326
2.1363044
2.152573
2.4681756
2.2927506
2.3890283
2.156434
2.3657222
2.422754
2.1755955
2.299215
2.5409641
2.2841089
2.2877934
2.30003
2.3666472
2.3847058
2.105447
2.1387146
2.387176
2.1936905
2.1864705
2.1789355
2.372165
2.288946
2.378838
2.267636
2.6126902
2.2958415
2.3235326
2.0681858
2.284332
2.1487913
2.3645802
2.0922816
2.1694365
2.4755166
2.1929855
2.129244
2.2999082
2.1036737
2.2705476
2.279926
2.2746017
2.2478867
2.260722
2.082804
2.3426888
2.4034274
2.1656542
2.1500025
2.3384795
2.3924606
2.4049115
2.1726205
2.1730676
2.2306638
2.196774
2.09353
2.1580486
2.233743
2.115375
2.1471343
2.1818252
2.1858385
2.2265506
2.1807437
2.212868
2.230993
2.221452
2.188381
2.173971
2.1949844
2.3692346
2.0621953
2.2728136
2.188302
2.233987
2.1541004
2.2641644
2.079267
2.321934
2.139048
2.1480908
2.194394
2.2416391
2.1620395
2.3129115
2.0629709
2.1055167
2.3385286
2.158444
2.0688782
2.1254687
2.130393
2.008852
2.0939505
2.1811638
2.1355996
2.142351
2.408625
2.15859
2.2077832
2.380678
2.2177122
2.0216837
2.3168159
2.2668343
2.3082695
2.230415
2.266176
2.0612743
2.1319528
2.089322
2.1790385
2.3205073
2.2800012
2.2157724
2.1994505
2.226432
2.2033484
2.1257632
2.0756414
2.2271676
2.081917
2.190128
2.114495
2.032415
2.193643
2.097728
1.9715472
2.083977
2.1094599
1.987756
2.0582209
1.996992
2.2309816
2.1383731
2.019381
1.9857035
2.326782
2.2628775
2.1554506
2.065251
2.0113516
2.1067784
2.0797536
2.1396005
1.9486675
2.136701
2.0801706
2.0204246
2.197611
2.1243143
2.0699308
2.1367736
2.1578474
2.1927793
2.0826292
2.0942743
2.1110663
2.050796
2.035073
2.0850024
2.054525
2.0645041
2.0685265
2.2270865
2.187138
2.143735
2.0223877
2.281539
2.0511746
2.1743124
2.2856646
2.0704107
2.1947675
2.2303028
2.1942692
2.2818608
1.9187573
2.122202
2.170279
2.2299435
2.0405145
2.133386
2.207445
2.1602855
2.163366
2.16957
2.0635388
2.1352334
2.0848463
2.2844245
2.0272114
2.0746617
2.0318694
2.299829
2.0788522
2.0864897
2.2672246
2.21181
2.1198559
1.9639516
2.1056936
2.0761302
2.0608811
2.1165442
1.9689983
1.9039687
2.0723193
2.0030496
2.0215063
2.1579704
2.002761
1.9775217
2.0013235
2.0808156
2.1314147
1.9996247
1.9415885
2.0136662
2.0568347
2.2774026
2.0225527
2.045331
1.988927
2.0282664
2.057196
2.1681075
1.9945129
2.051082
2.1241448
2.1947944
2.1276815
2.190848
2.052235
2.136668
2.1351726
2.1588354
2.6731405
2.1078193
2.000766
2.1315284
2.2554545
2.0825338
1.9177895
2.163453
2.352583
1.942844
1.9647884
2.0052822
2.04891
2.0843759
2.0686135
2.0454566
1.9958215
2.045944
2.0150628
2.0586863
2.0861993
2.0208447
1.9684983
2.0778189
1.9828295
1.9134535
1.9814754
2.0854955
2.054842
2.0012195
2.101627
2.2583194
1.9756368
1.9340495
2.0176904
2.0725584
1.9021083
1.9595205
2.215999
1.9515115
2.145639
2.0602608
2.0637321
2.1144812
2.1075902
2.1187384
2.0848274
2.0026624
1.977905
2.0686798
2.0715473
2.1115842
1.9006205
2.0943747
2.2341764
1.9900117
1.8862243
2.0228589
2.052034
1.9711072
1.9874327
1.9858973
1.9859078
2.0343354
1.935363
1.9349631
1.990544
1.9737293
2.16048
2.0007446
1.9309113
1.9515531
1.9881275
2.0684178
1.9745896
1.9536531
2.187784
2.124023
2.1326983
1.9743786
2.1022222
2.005688
2.018123
2.171873
2.003051
2.0295274
2.124972
2.30865
1.9789331
2.0895154
2.261143
2.111289
2.1862187
2.2578444
2.272758
1.9917068
2.3805325
2.157418
2.0007832
1.889745
2.0393238
1.9530967
1.848244
2.0115056
2.1117744
2.0997393
2.0410666
2.0011654
1.934943
2.0920658
2.2451212
2.030882
1.9423728
2.0341105
2.1331387
2.0856025
2.026401
1.9498572
2.0820007
2.0421588
2.0660684
1.9707062
1.9936525
2.091096
2.1349885
2.003981
2.0597224
2.2316427
2.0263166
2.1409035
2.0016494
2.0994039
2.0648324
2.4106472
1.986678
2.1657717
1.9296302
2.1043632
1.8358753
2.0414598
1.9743915
1.957578
2.0711224
1.9887997
2.0970902
1.930606
2.0807867
1.9917247
2.060754
2.2278373
2.1330001
1.9356413
1.870376
1.9504998
2.0691304
2.0493908
2.104249
2.0911617
1.9523935
2.1311715
2.0333579
2.1073124
2.1807
1.95721
2.0816722
1.9835002
2.1661744
1.958156
1.9358625
1.9399425
2.0745828
2.108692
1.9652373
2.1201572
2.0010347
2.0735328
2.0426862
2.1566205
1.9689481
1.9656528
2.028858
1.9390063
2.1337585
2.0984156
1.9673784
2.001407
1.850394
1.9191421
1.9818525
2.0829043
2.0461037
1.972315
2.046543
2.02904
2.0678058
1.9320358
1.8888267
1.9496189
2.2210126
2.104184
2.0187244
2.0076625
2.2099295
1.9502275
1.9364938
2.194754
2.0632832
1.9685497
2.0769205
1.944953
1.9462872
2.0420303
2.000003
2.052711
2.021215
2.0375447
2.130398
2.0227313
1.9383907
1.9756874
2.0643315
1.9736725
1.8847569
1.9146456
2.069111
1.9609056
1.8056457
2.0355337
1.8311633
1.8830181
1.7155925
1.8878232
1.9607743
1.858374
1.9602318
2.0908241
1.8974016
1.8674904
1.9906627
2.0363345
2.0621698
1.9651723
2.0304067
2.0737617
2.0377612
1.9398153
2.4317245
2.1362474
2.005101
2.085643
2.0386107
1.9059707
1.8680545
1.955518
2.0410578
1.8989398
1.8950764
1.9780825
2.0392113
2.066129
1.919904
2.0934548
1.9869274
1.966248
2.0838056
2.4811525
2.121732
2.0288038
2.2287138
2.1061604
1.982591
2.1413908
2.024982
1.9666498
1.9975545
2.0160108
2.0229785
1.8785386
1.8914515
1.9133477
2.1397188
2.1249754
2.0851548
1.8975662
2.145911
1.9595528
1.957167
1.949089
1.9730961
1.9573808
1.8907502
1.9606045
2.0183644
1.866571
1.9373024
2.009838
2.0004032
2.015413
1.949606
1.7720193
1.9215891
1.9598904
1.8488309
1.9305339
1.786949
1.9732152
2.0005846
1.8627998
2.0352287
1.9727576
2.0715628
1.9298794
1.9577732
1.8298689
2.0752819
1.9794283
1.940513
2.0976245
1.816114
1.914052
2.0838788
1.9802879
2.0038009
1.8750082
1.8602817
1.9212908
1.9811738
1.9027865
1.8732481
1.7570784
1.8489232
1.8317306
1.8369254
1.7921451
1.9184293
1.8698423
1.8052542
1.8348686
1.8748903
1.8724625
1.8916032
1.7667215
1.8814902
1.9272575
1.8756002
1.822335
1.8509535
1.8880848
1.8018085
1.9949208
1.8494632
1.8331523
1.8960507
2.0661545
1.9593507
1.9240286
2.05824
1.9082736
1.8665257
1.9219807
2.053259
1.8101922
1.9134877
1.845907
1.9798583
2.0090148
1.9326922
1.9221511
1.8491199
1.9721648
1.911605
1.9120827
1.9217511
2.142054
2.0418828
1.943158
1.9501642
1.957228
1.9060277
1.944764
1.88317
1.9888045
1.979623
1.936836
1.896688
1.8561375
2.161163
2.0938036
1.8614517
1.9563495
2.0197275
2.1105578
1.9311073
1.8398693
2.0428956
2.460597
1.9761176
1.8982346
2.0833273
2.0170968
2.0219765
1.878809
2.0418093
2.1140995
1.9495842
1.8939306
1.9460775
1.8403362
1.9272814
1.8674091
1.8730215
1.9558097
2.0095513
1.9569412
1.9657459
1.9463917
1.8431875
1.950846
2.0609014
1.8693467
1.9929776
1.8345336
1.8040701
1.8632932
1.9152433
1.862033
1.76372
2.0356727
1.858869
1.9188807
1.9017025
1.8922461
1.9727927
1.9684621
1.9944172
1.9048015
1.8956075
2.009109
1.8369095
2.0985076
1.8205323
1.8996463
1.8735051
2.1999927
1.8781044
1.909644
2.1070132
2.1213336
2.0067215
1.9647545
1.967297
2.0988657
1.8987869
2.1239595
1.943347
2.010909
2.2103674
2.185669
2.0701735
1.9027619
1.9427705
2.0362148
2.0236356
1.882748
1.9873538
1.9350948
1.8820769
2.05335
1.952114
1.8565216
2.0373938
2.010577
1.8707743
1.996853
1.9515873
2.0169537
2.083743
1.9950649
1.8367608
1.9573747
2.1668255
2.014469
1.7629772
1.8986804
2.0185032
1.9732575
1.8463125
1.7578357
1.8794299
1.9454952
2.0232663
1.8556417
1.7768058
1.7990721
1.9120582
1.8966962
1.7754723
1.8368592
1.791926
2.0857024
1.9963741
1.8874795
1.986377
1.8729732
1.9665823
2.0544748
1.9374185
1.830208
1.8182355
1.8929955
1.8947858
1.9193805
1.860078
1.9417658
1.9080855
1.9482808
1.9480938
1.9304659
1.8187832
1.846202
1.8424177
1.845506
2.0002577
1.9243385
1.8943918
1.8931569
1.9904122
1.9941336
1.9391122
1.866151
2.0087295
2.007172
2.01081
1.9635197
2.1656704
1.9827068
2.0082712
1.8776196
1.8408402
2.058597
1.886531
1.7890928
1.9213607
2.0069408
1.8885576
1.8907979
1.8691462
1.8881668
1.8767188
1.8846443
1.9806635
1.8296417
1.9368438
1.9558855
1.83244
1.8549501
1.9817042
1.929375
1.9101155
1.9720248
1.9472471
1.8481456
1.8171012
1.9429173
1.889886
1.934283
1.7822084
1.8245345
1.8809327
1.8829788
1.9536363
1.9108399
1.8467603
1.8098588
1.9156425
1.9122057
1.744165
1.9606209
1.9937092
1.902813
1.9633342
1.8456064
1.872534
2.0289025
1.7441134
1.8937583
1.8888735
2.045749
1.9249498
1.834424
2.1801326
1.9265527
1.9036252
1.8906641
1.9535373
1.7892722
2.1887546
1.8516934
1.8396686
1.9670002
1.8710532
1.8795372
1.9715741
1.9551739
1.9017869
2.0039625
2.0482266
1.8412256
1.8903295
2.0956287
1.834479
1.8206668
1.9074948
1.8634982
1.8669163
1.8677027
1.8109962
1.8772173
1.803878
1.7310917
1.8999473
1.8085438
1.8804604
2.0018253
1.9875327
1.9454147
1.9780927
1.951591
1.8586582
1.9972475
2.2287717
2.063132
1.8862427
1.9338641
2.0261464
1.8801188
1.8360467
2.003302
1.9893523
1.8875972
2.151199
1.938661
1.9226346
1.9233062
1.8859994
1.819397
1.9722054
2.161889
1.8707472
1.9981021
1.8988005
1.919269
1.8638294
1.9891652
1.8195598
1.8133212
2.0814095
1.8453249
1.847868
1.8827009
1.9786359
2.1117373
1.8064892
1.7820175
2.0403335
1.8710852
1.7993398
1.8264033
1.7940272
1.9716053
1.9338516
1.8614734
1.9138716
1.7708187
1.9080467
1.965727
1.917888
1.8656201
1.919954
1.9754173
1.8691965
1.8420615
1.7944325
1.9145613
1.9655495
1.9736048
1.9764485
1.992272
1.9585468
1.8685017
1.862648
1.9958482
1.9284427
1.8633988
1.9666245
1.834457
2.04537
1.8805255
1.9666072
1.8466191
1.8234755
1.8844568
1.955545
1.9018859
1.831668
2.0721045
1.8929048
1.9065713
1.9461105
1.8090589
2.0234654
1.8827897
1.8390454
1.7870477
1.854203
1.825973
1.801851
1.7634573
1.8324038
1.8372762
2.0319936
1.8832633
1.7340763
1.808044
1.8612225
1.8323959
2.049461
1.913807
1.8617578
1.8688742
1.7916914
1.8308097
1.8625058
2.006848
1.8432436
1.9142449
1.9319142
1.893392
1.9832062
1.7726997
1.9582715
1.7743597
2.0254376
1.830475
1.9894298
1.9426194
2.010489
1.8776428
2.0719986
2.0982654
1.9781582
2.0800369
1.943109
1.89964
1.9096055
2.0319316
1.9865272
1.8114326
1.9616655
1.8188695
1.8923463
1.892459
1.7909163
1.9924778
1.957316
1.7806445
1.8664552
1.870311
1.8662038
1.7217175
1.8037729
1.7252694
1.8511395
1.8717834
1.8433888
1.879209
1.8462
1.9056429
1.852375
1.7759463
1.944919
1.8785635
1.8539366
1.9501243
2.0442362
1.8602467
1.9025308
2.0240266
1.882997
1.8468283
1.8697324
1.80476
1.966165
1.8178425
1.8931999
1.8372188
1.9577005
1.6844143
1.7828562
1.7616363
1.6980315
1.6967794
1.8050588
1.7471676
1.9104463
1.8223928
1.8291595
1.8033535
1.8541428
1.9483261
1.8739951
1.985332
1.8967441
1.9217713
1.9024713
1.7448184
2.0476637
2.0380788
1.9447161
1.846561
1.9127845
1.8290393
1.8033432
1.8549109
1.915823
1.8133942
1.9415402
1.854122
1.8288565
1.852083
1.8571732
1.7796311
1.815699
1.7946538
1.8422492
1.7530607
2.0129688
1.8261592
1.9621681
1.8877183
1.752529
1.8419952
1.8383743
1.7764927
1.6941637
1.7585024
1.8822713
1.7460084
1.7966307
1.8875895
1.8127615
1.7560055
1.8198328
1.8373102
1.7579212
1.7513813
1.8709228
1.9529847
1.770717
1.7578743
1.7193055
1.7748498
1.742574
1.7684175
1.894409
1.7447385
2.0016308
1.9091803
1.7565554
1.8572752
1.7200102
1.894085
1.9162381
1.9676517
1.9142461
1.9589018
1.9572862
1.8548279
1.9578538
2.0154006
1.812137
1.8261665
2.0558512
1.913732
1.8904845
1.9867702
1.9029675
1.879892
1.809637
1.9071026
1.8715837
1.9045562
1.8537586
1.8442981
1.8304518
1.9449248
1.7596655
1.8913467
1.9648575
2.0440056
2.1231587
1.9405744
1.8817016
2.1947045
2.065847
2.2516375
2.4614882
2.114769
2.227905
2.382646
1.9460356
1.7944285
2.2200506
1.9425387
1.7862703
1.8415558
2.085365
1.8932201
1.9855692
1.8314548
1.8210251
1.920887
1.916841
1.977659
1.842258
1.7621682
2.1750195
1.8759987
1.9000002
1.9303203
1.9754493
2.0977802
1.9334874
1.8216884
1.9642987
1.832026
1.8933988
1.8120968
1.9948361
1.8812412
1.948199
1.7958398
1.939204
1.8827424
1.8009683
1.8923784
1.9610943
1.8323158
1.8033472
1.9663043
1.884666
1.7302368
1.8346181
1.7442005
1.7825531
1.88588
1.9388782
1.7924898
1.8248961
1.8146145
1.8525637
1.8459715
1.7322812
1.8162926
1.8690878
1.821167
1.8669945
1.7919264
1.856886
1.8081298
1.8620679
1.9904231
1.8612
1.6845119
1.8843495
1.7930521
1.8178297
1.8173795
1.759697
1.8289233
1.7024966
1.837023
1.829235
1.7850738
1.7375458
1.8004133
1.7145858
1.8281227
1.8162075
1.9259076
1.9869949
1.8420279
2.025213
1.8827752
1.8953861
1.8989264
1.9113116
1.8339202
1.7157447
1.794281
1.8318745
1.8819817
1.8296833
1.7847674
1.9671584
1.8649834
1.88565
1.8603379
2.0264096
1.8086419
1.8161175
1.7059858
2.0172327
1.7446628
1.8242161
1.8366587
1.9192475
1.7436836
1.7387258
2.0585275
1.8208481
1.7447126
1.920058
2.2989295
1.858156
1.8604884
1.7838567
1.9267918
1.948181
1.9080416
1.9752514
1.8193889
1.8485837
1.9597225
1.8808925
1.8552473
1.8077455
1.8872572
1.8226784
1.8696525
1.842609
1.763627
1.7929891
1.7588456
1.8621563
1.731094
1.8163425
1.8272105
1.829461
1.8443102
1.9061427
1.8543048
1.7899754
1.8567402
1.795034
1.8052065
1.888793
1.7763438
1.9082989
1.8724005
1.9434307
1.685953
1.860857
1.7400926
1.8395237
1.803127
1.9919075
1.93154
1.814188
1.8033316
1.8086298
2.0834851
1.8095162
1.7145753
1.7989612
1.7870853
1.821292
1.8297541
2.0135903
1.7664177
1.8107295
1.8811133
1.7523812
1.8188343
1.8729502
1.9650878
1.8190807
1.8210125
1.8652507
1.7892436
1.7990823
1.7975882
1.9416906
1.9125811
1.851753
1.8322673
1.8169237
1.7126287
1.8428726
1.7874798
1.8799838
1.8370285
1.7654803
1.816447
1.940763
1.8111364
1.7929054
1.8703185
1.7845002
1.8985789
1.7061328
1.8506768
1.8633481
1.7415514
1.8554481
1.7308817
1.71949
1.7946844
1.8558267
1.7892503
1.9214172
1.9593859
1.78818
1.7930391
1.9660087
1.850753
1.73331
1.8042698
1.794025
1.8394587
1.8455696
1.7563705
1.846641
1.8021867
1.833967
1.7784115
1.8239695
1.8336363
1.7114885
1.8391337
1.7525971
1.7485034
1.763558
1.7398286
1.8454865
1.8032525
1.8481348
1.9056053
1.7281147
1.953856
1.7657652
1.757135
1.8676357
1.767731
1.8025408
1.7605083
2.0005755
1.8006613
1.756307
1.791869
1.8774017
1.7822239
1.7474995
1.8476112
1.8540093
1.9273052
1.841787
1.6888068
1.8012595
1.6659079
1.8484647
1.8620621
2.0349493
1.9830767
1.775126
1.859867
2.0305738
1.7500362
1.8167738
1.8498667
1.9846642
1.8203381
1.7877955
1.8779938
1.8266708
1.9041367
1.7836647
1.8421069
1.8579793
1.7924201
1.9958593
1.9522932
1.7859132
1.9100586
1.8562442
1.8589655
1.8461403
1.8659748
1.8786497
1.8201678
1.7904607
1.8560739
1.8336937
1.7649429
1.7759403
1.8273672
1.7159667
1.7887549
1.9462544
1.8155247
1.8698722
1.905139
1.7847266
1.7210585
1.7952987
2.0223334
1.9021202
1.7073246
1.7426345
1.8462557
1.8386397
1.8262463
1.9525591
1.895197
1.7711498
1.8266437
1.8725884
1.7665031
1.7263
1.7613494
1.8082594
1.6879321
1.8066303
1.789821
1.7414342
1.980682
1.7929033
1.7824799
1.8485379
1.8638449
1.9349
1.8525345
1.8007498
1.8373787
1.9793271
1.8225405
1.7429501
1.791199
1.6942515
1.7339498
1.7790658
1.8210057
1.7141956
1.7660005
1.7651907
1.767438
1.7387285
1.7757088
1.7756028
1.7513578
1.7212238
1.7762278
1.834248
1.7635261
1.6513935
1.8095425
1.7641789
1.691204
1.7971958
1.7617301
1.7443585
1.7866511
1.8813971
1.73009
1.835078
1.7066495
1.7790108
1.8161383
1.7976038
1.8080708
1.77816
1.7964425
1.7561715
1.881083
1.7584423
1.6734174
1.828429
1.8198165
1.7570394
1.7400945
1.7076732
1.7903517
1.8361751
2.1104486
1.7354534
1.862672
1.7637994
1.8445909
1.779723
1.7564358
1.736091
2.0690088
1.9276321
1.8221624
1.9391472
1.7790382
1.8746958
1.8932693
1.9700567
1.8793043
1.9011656
1.8535669
1.9587135
1.8045017
1.8211552
1.918804
1.8667035
1.7932175
1.7557307
1.8278003
1.9551426
1.957124
1.7697824
1.7969162
1.7276645
1.8896205
1.8747662
1.8441815
1.9223545
1.7549256
1.7858233
1.7757524
1.7718335
1.872321
1.702399
1.8688133
1.9190673
1.7006737
1.8269992
1.9140427
1.6981682
1.923763
1.8701775
1.9078232
1.875769
1.8939973
1.8743521
1.7895231
1.8833088
1.9300215
1.7941557
1.8679242
1.8146383
1.9738342
1.7872154
1.7087845
1.8411597
1.8407778
1.7848927
1.8614928
1.6626347
1.932452
1.7312853
1.840406
1.7956867
1.816245
1.8035694
1.6707462
1.8751016
1.8367676
1.8399769
1.7077476
1.8712002
1.889124
1.8188272
1.885927
1.8084867
2.0053046
1.692091
1.845403
1.990031
1.8864278
1.871352
1.8121282
2.1059165
1.8773067
1.81032
1.7707545
1.8173517
1.722081
1.6861645
1.7582831
1.7656107
1.8960238
1.7774729
1.8193525
1.782264
1.8204038
1.7258153
1.8597159
1.7033582
1.8119408
1.9195857
1.8065935
1.8678515
1.9223238
2.0365198
1.8617015
1.7431391
1.7304562
1.9510708
1.8468672
1.7494568
1.8137393
1.8023555
1.7283279
1.7191962
1.8768069
1.6755534
1.689821
1.7828606
1.7470781
1.8465732
1.9614692
1.9426067
1.8964865
1.7442613
1.753736
1.8127327
1.8130512
1.8443974
1.7928437
1.9608959
1.8204013
1.7791444
1.7483507
1.7012117
1.7515529
1.9376132
1.8331454
1.7810483
1.8535433
1.7952572
1.8984191
1.803195
1.7548157
1.7943091
1.7602346
1.74487
1.8723705
1.7425224
1.7241157
1.8803165
1.7053967
1.770919
1.8262322
1.8487648
1.980976
1.7375972
1.8396671
1.8041332
1.8397449
1.7922934
1.7804025
1.8585315
2.0843518
1.7742981
1.9078578
1.7322216
1.7856493
1.9193681
1.9190394
1.7964325
1.752236
2.0787385
1.8300419
1.7476196
1.9976075
1.7923487
1.7912343
1.8104389
1.7245215
1.7026817
1.8730084
1.904471
1.7304118
1.7808926
1.7125193
1.8028523
1.7957233
1.8068545
1.7507372
1.8468493
1.8596247
1.7933232
1.7220187
1.9224522
1.8016574
1.8632301
1.809634
1.8732418
1.9179553
1.9080206
1.9061569
1.8708353
1.8770152
1.792232
1.6949035
2.1215785
1.7739372
1.8247089
1.8305403
1.8696649
1.8218205
1.7885454
1.7651705
1.8851777
1.8940419
1.7541628
1.8386089
1.7798749
1.7949368
1.8971225
1.7683707
1.6980529
1.8558387
1.7959572
1.9946784
1.7890924
1.8565706
1.7227205
1.892017
1.8729082
1.889766
1.895823
1.934942
1.9533633
1.7719345
1.8107179
1.922367
1.8957324
1.9414794
1.672812
1.7823945
1.9292393
1.7224263
1.7678158
1.745787
1.7645161
1.7394997
1.784467
1.7529087
1.7599283
1.7743708
1.7493668
1.725088
1.835953
1.8264275
1.7880541
1.814845
1.7823697
1.8984817
1.8698086
1.8350475
1.8217126
1.8115683
1.811768
1.7278898
1.7812377
1.8065026
1.7462397
1.7934914
1.809297
1.6847554
1.7997258
1.723064
1.9532461
1.7159939
1.7793207
1.937104
1.8967935
1.6846801
1.7540808
1.7227474
1.7936683
1.8753856
1.6849067
1.7668488
1.7346015
1.8002434
1.8088638
1.8061643
1.7874107
1.7380809
1.8800316
2.0021424
1.8229793
1.8839157
1.7689755
1.8497342
1.8616505
1.7295274
1.7773448
1.720574
1.9042314
1.8250577
1.8904467
1.8025547
1.8229061
1.8617154
1.7224495
1.725255
1.8323567
1.7526788
1.7402477
1.770219
1.8706443
1.6719174
1.9074948
1.8377349
1.7889804
1.8212681
1.7802978
1.7106023
1.8324785
1.8268045
1.7169007
1.8040265
1.7468463
1.821977
1.7135135
1.7324405
1.7795362
1.6571265
1.7318169
1.810473
1.7275892
1.774452
1.8367352
1.800231
1.8038087
1.9174484
1.8502698
1.7504803
1.7572697
1.6915197
1.8290495
1.8674183
1.6912576
1.784001
1.8228567
1.7714528
1.6607193
1.7327559
1.6759038
1.8907626
1.9029708
1.7260182
1.7029196
1.7840005
1.7957991
1.8138984
1.739618
1.8609034
1.7588948
1.7767732
1.7580948
1.8046608
1.7707323
1.7887806
1.7535051
1.7970192
1.739923
1.6874694
1.7227455
1.8153566
1.8301338
1.8265017
1.791302
1.680648
1.8383173
1.7307894
1.834731
1.7746648
1.7244452
1.8334849
1.6746918
1.6470517
1.7030232
1.7806243
1.7905637
1.7904948
3.1016989
3.6001887
2.536661
2.5519075
3.623451
3.1517656
2.0104818
2.1033835
2.657763
2.3698554
1.9012395
1.9498303
2.157855
2.2371976
2.047996
1.872385
1.6895933
1.8517668
1.9059825
1.9700823
1.8737588
1.759931
1.7749968
1.9849713
1.8585865
1.7530725
1.9196821
1.9443333
1.9297208
1.9035705
1.7792065
1.8302785
1.9264895
1.8732536
1.8618398
1.8557171
1.9894124
1.9905494
1.9293243
2.018808
1.9988316
1.7868191
1.7468264
1.9130428
1.7687763
1.8041226
1.7010235
1.9233544
1.9068081
1.8314612
1.8266685
1.8385382
1.8366958
1.7073263
1.7782009
1.6780564
1.965994
1.9425055
1.768527
1.9006387
1.8168058
1.9166896
1.7282162
1.8138613
1.8611045
1.7484632
1.7630944
1.7621697
1.81609
1.7721117
1.697855
1.8035899
1.8379202
1.7485567
1.8865973
1.699097
1.7928387
1.894438
1.7267402
1.8133435
1.7238219
1.8707078
1.8163221
1.7263982
1.8166275
1.783915
1.9165092
1.8723705
1.7652745
1.8380226
1.8290416
1.7629668
1.8533329
1.8525208
1.7932786
1.7331074
1.7441323
1.8377728
1.6728556
1.7298639
1.7526052
1.8355975
1.8232223
1.9056536
1.6886659
1.7544575
1.8027881
1.8412652
1.7439817
1.716859
1.7884961
1.8382516
1.740958
1.8477087
1.890504
1.7955327
1.8014382
1.79423
1.6864548
1.7927692
1.8266871
1.8421787
1.8174392
1.8890495
1.6950375
1.896352
1.8288401
1.7763512
1.828105
1.830992
1.8168018
1.8076687
1.862393
1.7953538
1.7899376
1.7047083
1.7679765
1.897468
1.9024775
1.7491503
1.739754
1.7585415
1.7430507
1.7454464
1.7334211
1.7767633
1.8325603
1.7678772
1.7919267
1.8547041
1.7684875
1.9058615
1.790955
1.7730664
1.772307
1.8143682
1.84249
1.7879539
1.7663863
1.8309115
1.740418
1.7196965
1.695734
1.798045
1.693095
1.9109323
1.7464916
1.8768648
1.8349278
1.7819676
1.7553991
1.9388252
1.968025
1.7442492
1.7931883
1.8254513
1.9844145
1.878603
1.8467913
1.7674084
1.8795722
1.8380206
1.7606957
1.730732
1.7461858
1.7514371
1.9553498
1.7236693
1.853503
1.7628893
1.8151945
1.8364803
1.7160004
1.7631847
1.705919
1.7959934
1.9834968
1.6820209
1.762705
1.8096025
1.7849777
1.7747526
1.8230662
1.7125775
1.690948
1.707245
1.7446507
1.7517514
1.6584394
1.7120875
1.719671
1.7027965
1.730559
1.7233621
1.7183486
1.734596
1.9443512
1.9045162
1.768714
1.7943164
1.8258083
1.7075796
1.8083177
1.7191538
1.7240665
1.7406706
1.8265202
1.7959931
1.7426491
1.7424963
1.6590958
1.7300094
1.9708874
1.7305567
1.7037627
1.696968
1.7586447
1.7528826
1.8446892
1.6983609
1.8324127
1.8203938
1.7586687
1.7861115
1.798635
1.6782792
1.8769764
1.7531015
1.7947567
1.773474
1.7329524
1.8016751
1.8076047
1.7857944
1.7414985
1.68647
1.7694017
1.7786984
1.7577454
1.7828605
1.6958985
1.7405725
1.7046458
1.8215821
1.7000679
1.7866542
1.709824
1.7331883
1.7433692
1.7239621
1.7617276
1.6696157
1.7537771
1.6866755
1.7789108
1.7821327
1.699484
1.7727382
1.743067
1.7090162
1.7990094
1.660928
1.6871803
1.711023
1.7038382
1.7478622
1.6945
1.70186
1.7088575
1.71751
1.6714746
1.8402499
1.7230191
1.7153335
1.8713132
1.8906595
1.7227707
1.647563
1.6678898
1.6866145
1.6834035
1.7919499
1.7144637
1.7517892
1.7323295
1.6562164
1.7328087
1.8159952
1.747167
1.786468
1.8040061
1.7366407
1.726781
1.6864512
1.7850825
1.809467
1.7002832
1.7241863
1.6762122
1.7299733
1.7914066
1.7735116
1.9178442
1.7546138
1.7271678
1.7979615
1.7631553
1.9471574
1.7634085
1.6937525
1.7953527
1.7790856
1.8367779
1.7159017
1.695892
1.716145
1.9228667
1.732125
1.6769092
1.7309233
1.8255125
1.7311115
1.8072312
1.7152805
1.8088284
1.7390047
1.8604102
1.6626347
1.7693002
1.8870813
1.8039707
1.7434431
1.8452592
1.6801791
1.8256735
1.6874932
1.7603959
1.725655
1.8267246
1.735281
1.6953228
1.7906518
1.7481145
1.7731307
1.6866863
1.7995249
1.8363826
1.8399382
1.6679902
1.6675618
1.7371405
1.7770913
1.8045119
1.7684636
1.7378751
1.7185467
1.7143497
1.8095932
1.7049425
1.6665156
1.7443845
1.695216
1.7563996
1.727318
1.773284
1.7629638
1.69045
1.7740293
1.7467853
1.7505149
1.7474879
1.6942149
1.6918018
1.761942
1.79589
1.6396534
1.6249213
1.842874
1.7509725
1.907286
1.758438
1.9326984
1.9541427
1.6874931
1.6432247
1.6680086
1.7290412
1.8174522
1.7854023
1.699526
1.7297999
1.6541675
1.804443
1.8211411
1.7717458
1.7253703
1.80671
1.7980182
1.6957827
1.8156133
1.8258188
1.7980874
1.7188076
1.8351879
1.6862264
1.791351
1.7352237
1.7479945
1.7682484
1.8330235
1.7742515
1.7563205
1.6586173
1.7657427
1.734116
1.8130702
1.6892912
1.8986143
1.6774203
1.6947707
1.764048
1.8029852
1.8453383
1.74296
1.7265162
1.7095088
1.7102928
1.7450671
1.725839
1.7149132
1.8821447
1.7319705
1.872668
1.7510905
1.6772475
1.742132
1.7578204
1.724477
1.8806223
1.6849653
1.8259771
1.7505525
1.7822015
1.715351
1.7104895
1.7571696
1.7095414
1.7424052
1.7157112
1.74471
1.6695651
1.8356482
1.7983575
1.7414541
1.708159
1.7489711
1.7077475
1.8127859
1.719404
1.6268742
1.669688
1.719516
1.821978
1.7250159
1.6296922
1.809428
1.7433233
1.722756
1.6869287
1.6393906
1.6540678
1.7790681
1.7854925
1.6648389
1.7887803
1.6625755
1.6959223
1.7283515
1.813995
1.7818929
1.6659727
1.6931692
1.8170738
1.8069831
1.8193443
1.8980508
1.771609
1.7604152
1.7105736
1.6605227
1.7171497
1.8026215
1.6697891
1.6425861
1.68388
1.7099465
1.6053532
1.6990609
1.781726
1.7140415
1.6553338
1.7107179
1.7421614
1.7044286
1.8742548
1.7489657
1.794615
1.669577
1.7570626
1.8486824
1.6922492
1.7244833
1.7202065
1.706123
1.6599385
1.7027346
1.8015479
1.744672
1.6989441
1.7364538
1.9128594
1.7071325
1.6543216
1.6333207
1.7748868
1.6896691
1.619364
1.768822
1.6854438
1.8224661
1.6284895
1.8759332
1.7343098
1.6954473
1.6835772
1.7608668
1.630461
1.7296172
1.7618111
1.7200476
1.6962638
1.7309442
1.7837353
1.7487375
1.7464178
1.8246803
1.7276801
1.6702021
1.8281755
1.9148865
1.7979248
1.7564242
1.7899541
1.8487045
1.7718124
1.6896198
1.7690423
1.8050333
1.7325135
1.7679745
1.6964778
1.7973459
1.675769
1.7511625
1.7054392
1.7477572
1.7593399
1.7073145
1.7006735
1.7407407
1.6419016
1.7512527
1.6821077
1.7221953
1.7027972
1.755972
1.7993164
1.7653255
1.7085376
1.7463902
1.8521729
1.6695994
1.7690568
1.7419144
1.8352836
1.7999685
1.6542946
1.6680197
1.6375934
1.7580518
1.6912689
1.7377658
1.7516189
1.8046919
1.6770432
1.8728505
1.66035
1.8576895
1.7630951
1.7239401
1.6084082
1.6512462
1.7847538
1.8776604
1.6615642
1.7740506
1.7599611
1.835831
1.6913967
1.65742
1.785483
1.6997607
1.7450196
1.6165365
1.7859864
1.8111068
1.710328
1.8040887
1.7935348
1.7563701
1.7675755
1.722671
1.6587515
1.6520172
1.7680563
1.7680162
1.706316
1.8088921
1.7287002
1.7509593
1.7921865
1.8756993
1.8216245
1.8108857
1.69521
1.7396276
1.6866592
1.7916123
1.8518767
1.86318
1.8660372
1.8111572
1.7812035
1.774178
1.6974185
1.8158617
1.7246058
1.6553787
1.771276
1.7764585
1.7200147
1.6496129
1.6880733
1.6773973
1.8582282
1.8743858
1.6368386
1.7844517
1.7677015
1.8172165
1.6553179
1.626509
1.730376
1.7357355
1.7667063
1.7269793
1.8275565
1.6961868
1.8023427
1.7097392
1.8488526
1.7051009
1.7155341
1.7444435
1.6883829
1.721954
1.7241522
1.672924
1.795187
1.8636425
1.791793
1.751693
1.7325623
1.820418
1.8536595
1.6065475
1.689483
1.72138
1.685571
1.7252789
1.7365491
1.6729506
1.765252
1.8133876
1.7274168
1.7651789
1.7987124
1.6821195
1.8197942
1.8136669
1.7501177
1.816291
1.7795335
1.6996757
1.735743
1.7214625
1.8192481
1.8486527
1.7971141
1.7744743
1.7208792
2.0016048
1.7904084
1.6798155
1.7548342
1.8764173
1.9336997
1.7267976
1.7611144
1.8378168
1.9560198
1.6759152
1.690185
1.6593022
1.7569045
1.6371372
1.7183533
1.742281
1.7148165
1.658368
1.7043663
1.7189667
1.7775418
1.6454265
1.7450113
1.7741132
1.6788491
1.7864585
1.7662883
1.8012544
1.6872382
1.6918865
1.8314577
1.946151
1.7093468
1.763209
1.703486
1.705097
1.7031378
1.7893455
1.7710787
1.887725
1.9191468
1.7570485
1.7762748
1.7470723
1.758695
1.7633507
1.692495
1.7377865
1.8080385
1.8378241
1.8399696
1.902979
1.8079966
1.6795815
1.8109981
1.8094485
1.760438
1.7864027
1.77894
1.8062711
1.74937
1.704396
1.7345365
1.7672135
1.7126151
1.7247872
1.7324303
1.6876924
1.7154483
1.8310326
1.718984
1.722596
1.6558483
1.9375417
1.8184605
1.8563095
1.7132589
1.6801172
1.7483095
1.7506438
1.7655574
1.774605
1.8551043
1.8222451
1.6915375
1.659059
1.7498716
1.8142079
1.7650774
1.7902819
1.770707
1.7432225
1.826282
1.7074767
1.7982852
1.6199148
1.702946
1.7396591
1.7159734
1.8344957
1.7587982
1.7892518
1.6613344
1.8032141
1.7622173
1.8649917
1.7890669
1.7886922
1.7160678
1.7796245
1.7647997
1.722227
1.6701392
1.7295427
1.727562
1.6734874
1.7299474
1.6925834
1.6512092
1.7296805
1.7147408
1.7869695
1.7149677
1.6545329
1.7712678
1.7077245
1.7532343
1.7033161
1.650733
1.7326827
1.8060695
1.7409236
1.8872752
1.7914875
1.777317
1.7775962
1.6963978
1.6150676
1.8074259
1.7656744
1.7259345
1.6785212
1.74673
1.690162
1.7045884
1.7299365
1.7039442
1.8470927
1.6812203
1.7622094
1.7097707
1.8030695
1.7098305
1.6592922
1.7455091
1.7848233
1.7892334
1.6837068
1.7900072
1.8323747
1.7447177
1.7848921
1.7228373
1.6762595
1.684994
1.7235166
1.7135463
1.6956631
1.7073219
1.7294075
1.6989877
1.680259
1.7411579
1.8318467
1.7200677
1.702541
1.7296557
1.7412903
1.8383154
1.7522538
1.67896
1.7559208
1.9527892
1.9606835
1.713109
1.7983339
1.8863683
1.9644587
1.6562105
1.8301767
1.71356
1.7905319
1.6727557
1.7853953
1.855252
1.7895229
1.8539625
1.9029522
1.7601117
1.6882807
1.7523175
1.8891248
1.8300349
1.73163
1.7234426
1.8303431
1.73922
1.7401785
1.8447082
1.7708428
1.7840208
1.7192593
1.9285252
1.8951967
1.7723517
1.710655
1.82393
1.7610875
1.6812522
1.7160234
1.753526
1.7835277
1.7558976
1.754829
1.8477455
1.7962116
1.7381147
1.7851235
1.7831123
1.7761165
1.7773542
1.6651033
2.0197856
1.7569836
1.7018143
1.7943933
1.7450436
1.7241331
1.7687781
1.752312
1.6893578
1.799293
1.9393455
1.8075935
1.7226117
1.7029728
1.8228194
1.8258629
1.7216457
1.7117567
1.7036133
1.8898526
1.8326113
1.7877492
1.780412
1.7492326
1.7434872
1.8519999
1.6899891
1.700441
1.6937468
1.736828
1.7785037
1.6306357
1.6960886
1.818283
1.6908008
1.7152236
1.7644866
1.7109342
1.7398603
1.7667438
1.711035
1.6715664
1.77335
1.8673154
1.8051533
1.804598
1.7717294
1.8632225
1.9860822
1.8885951
1.8321338
2.0561996
1.842476
1.7458931
1.7342738
1.8992342
1.747029
1.7729645
1.8039386
1.907139
1.7806575
1.7479783
1.6759198
1.6626593
1.7978624
1.8852042
1.7716734
1.7820644
1.6899608
1.8121872
1.8023332
1.7663512
1.6756849
1.8415402
1.755573
1.7810063
1.7604113
1.8623235
1.7284456
1.853956
1.7520378
1.747682
1.7652975
1.7846694
1.7753466
1.703033
1.8848232
1.7070217
1.7429056
1.665843
1.8832287
1.799408
1.746552
1.7518077
1.7292342
1.8170755
1.7976305
1.7539436
1.7089647
1.7367935
1.799497
1.7714616
1.7101032
1.6554438
1.7725388
1.7566955
1.7594862
1.7176179
1.8793738
1.9325494
1.7879065
1.6506863
1.894279
1.8390262
1.7382966
1.718583
1.7539994
1.7323754
1.8993745
1.7446524
1.6716688
1.8492014
1.7961836
1.859533
1.7680883
1.7848791
1.785182
1.825502
1.727807
1.7797158
1.7693248
1.8282496
1.7407635
1.6254956
1.7303678
1.7400533
1.7730877
1.667988
1.6777564
1.813553
1.7212304
1.8066357
1.6820112
1.7936312
1.8529402
1.8176458
1.7374642
1.8495245
1.7298591
1.835117
1.69829
1.9224375
1.7188888
1.6787562
1.6868771
1.9341732
1.7528495
1.8070474
1.7294945
1.8324955
1.7911621
1.6859322
1.715532
1.636693
1.8156942
1.7870085
1.7051042
1.8123939
1.7418458
1.6944512
1.7986257
1.864139
1.6542528
1.7890677
1.667853
1.7502906
1.8726778
1.756415
1.7462097
1.7395449
1.7909869
1.7042111
1.6858047
1.6494783
1.7206578
1.7831377
1.6941003
1.6319975
1.6608771
1.8212936
1.7360598
1.7596947
1.786886
1.6360662
1.700247
1.6679085
1.7202075
1.7872915
1.7200935
1.7627097
1.7368749
1.723722
1.7476509
1.6987654
1.7386392
1.7105376
1.639943
1.8784307
1.8362464
1.8269601
1.8264363
1.7560972
1.8319075
1.7229812
2.0592651
1.8887823
1.7278693
1.9477028
1.895405
1.88203
1.7389271
1.7113502
1.9810838
1.8982619
1.754427
1.7509053
1.7518147
1.8652737
1.7346792
1.6535405
1.7159365
1.7972847
1.8658695
1.8169905
1.8640834
1.8534734
1.6529992
1.744479
1.8216056
1.765463
1.7683642
1.6272668
1.686802
1.7309003
1.7188481
1.807948
1.680785
1.6843817
1.676084
1.7315778
1.6649674
1.662355
1.7108829
1.7818203
1.6788099
1.8421955
1.784825
1.7705005
1.7576325
1.8236653
1.6573707
1.7527206
1.7048221
1.7718482
1.7281742
1.7358401
1.6534991
1.7545439
1.8522464
1.8195903
1.7998325
1.736897
1.8743283
1.8148787
1.8366152
1.729837
1.64039
1.7367887
1.7211453
1.6931413
1.7316396
1.679108
1.792177
1.7251714
1.7581962
1.7291429
1.7593998
1.7505773
1.6318384
1.712251
1.7322458
1.7590762
1.6755472
1.9193705
1.6934235
1.7257183
1.7444358
1.8677177
1.7821157
1.7504417
1.6585662
1.7636957
1.7960767
1.7855155
1.6087422
1.7502953
1.8054193
1.839687
1.7359519
1.7096025
1.8097862
1.7393683
1.6312834
1.7464802
1.8471535
1.68317
1.7392122
1.7244792
1.8388977
1.8450807
1.7242452
1.68259
1.698675
1.7486994
1.7740514
1.7169995
1.6590518
1.7048457
1.6938343
1.7841243
2.0637994
1.6820883
1.6835227
1.8318378
1.7882771
1.7162659
1.8060353
1.7379705
1.8670435
1.7250323
1.8157245
1.6370403
1.6921088
1.7832065
1.76891
1.7765251
1.7082291
1.7865845
1.6736708
1.7595878
1.767022
1.7244703
1.8606112
1.6612469
1.7157333
1.7986
1.7586
1.7410127
1.731459
1.8544675
1.7294183
1.7275054
1.7275472
1.7211351
1.7771283
1.697665
1.762424
1.849774
1.734346
1.8090597
1.8009722
1.6581695
1.7793227
1.7148867
1.6368665
1.7180818
1.8448538
1.6910943
1.6984748
1.7624903
1.6891993
1.638906
1.6636145
1.7302487
1.6178489
1.8820252
1.7945637
1.830303
1.7626843
1.7836922
1.6803468
1.7516825
1.8361647
1.7836565
1.6453803
1.7009435
1.744428
1.8600701
1.7722057
1.8589792
1.8174001
1.8574485
1.800943
1.6330547
1.8515621
1.8299785
1.7069721
1.775347
1.7086318
1.6759763
1.6309656
1.699124
1.7383602
1.702265
1.7073207
1.77807
1.7935708
1.7171602
1.6921809
1.7374372
1.6570435
1.6777245
1.6907464
1.630051
1.6639115
1.783443
1.6755748
1.7105533
1.6577957
1.7385753
1.7279388
1.6782014
1.6856146
1.8259505
1.634783
1.7156527
1.8008225
1.862808
1.7312051
1.6943603
