26.438734
27.121159
25.908161
25.319143
26.03202
24.865536
25.179792
24.719751
24.780666
24.161264
24.249565
24.65532
24.199411
24.213129
24.31403
23.080584
23.433027
22.877396
23.174252
22.504332
22.079767
21.896317
21.646715
20.733652
20.051512
19.35958
17.63877
17.251741
16.230444
15.125812
14.079211
12.396086
11.1488695
11.367402
11.062807
9.632571
7.1919956
6.548715
5.9599657
6.176813
6.5047913
6.3163943
6.5390315
6.564809
6.3445477
6.4057355
6.065043
6.039454
5.698687
5.818984
5.8057494
6.145513
6.023349
6.117582
5.349479
4.977271
5.29317
5.107366
5.350571
5.324402
5.5287404
5.666253
5.6326675
5.078771
5.288153
4.845546
4.7039084
4.780465
4.506697
4.996539
4.816134
4.8928366
4.848343
4.820586
4.820901
4.817176
4.4565086
4.389312
4.7434783
4.554986
4.7936435
4.381438
4.572446
4.699784
4.821977
4.7347727
4.48325
4.563492
4.335653
4.0526156
4.135237
4.0773497
4.443902
4.0421906
4.49577
4.5722957
4.4560556
4.510917
4.267929
4.236501
4.309173
4.2487555
4.465917
4.347501
4.337053
4.2678404
4.2525826
3.9760275
4.1071424
4.2382336
3.7910035
4.223139
4.1901317
4.250445
4.247026
4.3921337
4.1535797
4.175713
3.8948238
3.8591826
3.906319
3.853023
3.9106
3.7238545
3.8882847
4.048405
4.0626388
4.415207
4.4295454
4.2652
4.157961
4.0559406
4.134604
3.971809
3.9128232
3.8393996
3.785535
3.8681715
3.8046243
3.819283
4.016104
3.7310178
3.9374435
3.942351
3.963833
3.9193516
3.96733
3.8971672
3.7953024
3.7849422
3.878116
3.8625317
3.7846296
3.9083054
3.9610984
3.8267946
3.909246
4.058351
3.8472588
3.5309937
3.7256615
4.0284123
3.6848223
3.801021
4.501112
4.6113367
4.6204114
4.201526
3.7031984
3.7033756
3.664246
4.1345177
3.8742385
4.1367016
4.5175543
4.47111
4.273569
3.7163975
3.729551
3.6569018
3.9800317
3.7074475
3.6031992
3.794714
4.1503277
3.9792955
3.8076825
3.8997824
3.639943
3.5598564
3.632119
3.728012
3.6967766
3.6688442
3.625614
3.70777
3.5244544
3.390977
3.6360376
3.5920217
3.643437
3.567668
3.6919322
3.777307
3.8866782
3.8708146
3.9213307
3.5075533
3.605812
3.803661
3.7040906
3.9128258
3.928133
4.1576376
4.310873
4.456001
4.8005767
3.96669
3.819833
3.948844
3.8353336
4.204043
4.120195
4.185018
4.3181753
4.411447
4.101679
3.7603664
3.9671562
3.7060006
3.414196
4.2939563
4.14397
4.031692
4.285697
3.518133
3.6407576
3.9620454
3.6146228
3.4756775
3.926581
4.0375657
3.7539434
3.7071025
3.8995945
3.4117575
3.434074
3.698535
3.6455104
3.6021454
3.9444864
3.5804255
3.477795
3.751741
3.4863496
3.448607
3.691774
3.5000496
3.290962
3.5388165
3.53008
3.342101
3.7822685
3.7097354
3.639292
3.4808939
3.5237155
3.5519555
3.588632
3.5293577
3.502794
3.6556
3.6876717
4.17874
3.7247386
3.8413355
3.5570276
3.326465
3.710274
3.5061512
3.4490736
4.06918
3.5161295
3.6614254
4.0498686
3.2341423
3.990347
3.6244955
3.751199
4.1595683
3.4964266
3.6824255
3.7891176
3.419698
4.208548
3.734896
3.75383
3.871138
3.3536792
3.858044
3.4192567
3.305207
3.62237
3.5294573
3.5873716
3.7028825
3.3556645
3.3714325
3.2111099
3.302566
3.28972
3.3215115
3.3928
3.5082128
3.4585993
3.3959005
3.4677985
3.443501
3.1594748
3.6055999
3.3128486
3.6700256
3.509124
3.4585407
3.2986982
3.3208017
3.652247
3.379208
3.6690018
3.2849374
3.5952408
3.5716977
3.6990204
3.4872575
3.7956996
3.313509
3.3248606
3.245824
3.197148
3.0948927
3.156265
3.153365
3.4546382
3.5049107
3.459103
3.3701603
3.1522875
3.2071345
3.4011345
3.3030555
3.3754754
3.311196
3.2707767
3.2876546
3.259804
3.2702296
3.288923
3.2469702
3.3494751
3.2266998
2.981774
3.0664215
3.3434556
3.0444214
3.3488784
3.4871893
3.8000112
3.382017
3.0634975
3.2789311
3.1638055
3.210198
3.2402494
3.3672287
3.578177
3.0433683
3.0825162
3.23954
3.201342
3.216826
3.2356818
3.6303785
3.289451
3.0575805
3.1461883
3.2094595
3.307121
3.655086
3.4242535
3.0369282
3.3154874
3.518321
3.3620834
3.6764135
3.244786
3.301995
3.2033935
3.245395
3.9724345
3.3311377
3.8519006
3.6899402
3.318926
3.7469683
3.2637615
2.9374635
3.4916146
3.6684825
4.2935815
3.0878437
3.725969
3.3921146
3.13538
3.245549
3.2779055
3.2612293
3.129909
3.0592241
3.5462255
3.2358067
3.3171704
3.6252885
3.4464881
3.2330778
3.4472694
2.9324214
3.018855
3.0051599
3.0980377
3.1248918
3.243097
2.915963
2.9543836
3.3402276
3.1507895
3.0038755
3.069439
3.2457175
3.263332
3.5578008
3.386687
3.1703665
3.5741127
3.0600722
3.2178545
3.4378264
3.3214905
3.0357602
2.8900404
3.2958302
3.0263014
3.2759635
3.6043565
3.0778556
3.0968494
3.110951
2.7659378
2.9862683
3.1835926
2.7750475
3.0492215
3.241327
3.048507
2.9636996
2.8570545
3.0836935
2.9959736
2.9697814
3.2617662
3.117747
2.8471427
2.9309876
3.0132499
2.895076
2.7326283
2.8309376
2.9823685
2.897073
2.8455362
2.828241
2.8501775
2.8996003
2.802018
2.9014604
2.8404677
2.8276021
2.9793315
2.8490186
3.1669605
3.1070633
2.9208198
2.732122
2.9476259
2.802869
2.990841
3.074237
2.779324
2.8217847
3.059462
2.7543335
3.0724368
3.4425275
2.726622
2.7150586
3.1665165
3.101549
3.0498207
3.2040944
2.7532427
2.9603715
2.9658945
2.782404
2.7102058
3.0813706
2.8353336
2.7542434
2.7197008
2.8444655
2.801611
2.7678382
2.9765155
2.777282
2.7371304
2.587548
2.7070255
2.8632653
2.7448986
2.8115933
2.837846
2.6453
2.8405366
2.8820803
2.8155887
2.93016
2.837431
2.611955
2.7604105
2.7717464
2.7351
2.8418345
2.8774385
2.8252249
2.755523
2.6113985
2.748573
3.0090716
2.8952007
2.824167
2.891002
2.6327481
2.5263014
2.6339567
2.9782865
2.8294835
2.579179
2.7719455
2.7239811
2.4584713
2.713929
2.820953
2.5905843
2.4405365
2.6382897
2.6050525
2.5885425
2.5857987
2.5983975
2.627188
2.7548687
2.5663004
2.464061
2.9936593
2.551075
2.667811
3.0691926
2.5417988
2.667199
2.653749
3.030689
2.442279
2.7828228
2.7314298
2.5897944
2.4573934
2.5463824
2.804415
2.775073
2.7918894
2.839671
2.70767
2.5704556
2.5765698
2.427103
2.5085807
2.4450495
2.403847
2.4596963
2.5444515
2.6813767
2.3908725
2.461369
2.6445165
2.4562376
2.2827902
2.6386626
2.677292
2.5529363
2.4423275
2.361355
2.3932478
2.301062
2.3571615
2.356832
2.4788525
2.4056573
2.3135495
2.4448736
2.582381
2.4894762
2.489413
2.515233
2.3662
2.361317
2.3380644
2.3334024
2.6497483
2.367348
2.600904
2.6593366
2.38854
2.3473284
2.353273
2.6417072
2.354264
2.500509
2.7574265
2.6045294
2.331732
2.3394325
2.3774748
2.3042948
2.2835286
2.3641303
2.352307
2.3384435
2.3832645
2.2301633
2.4291706
2.5314746
2.3761363
2.2454667
2.435391
2.5685976
2.378819
2.2228966
2.5047467
2.3445077
2.2543344
2.4042833
2.4042015
2.304622
2.4043756
2.1356905
2.189302
2.095222
2.1704364
2.2992406
2.1771774
2.2239783
2.1449914
2.2163742
2.3203313
2.282257
2.2588923
2.5022733
2.352605
2.152478
2.351655
2.4458716
2.1283097
2.1750855
2.3507814
2.4827366
2.0908446
2.3758442
2.2410984
2.1865578
2.1878488
2.2454536
2.164028
2.1365845
2.1881135
2.310853
2.1771173
2.2096224
2.2833176
2.2296515
2.2738857
2.2656088
2.263774
2.126291
2.1091962
2.1118414
2.2294214
2.1265554
2.0578034
2.0818775
2.2243142
2.1122456
2.053301
2.0583384
2.157136
2.0472853
2.143996
2.1461372
2.1297657
2.0643284
2.1013784
2.176146
2.136062
2.246638
2.301895
2.0422468
1.988251
2.159421
2.245287
2.266933
2.282723
2.1584747
2.1891205
2.3527899
2.2685668
2.1879244
2.291478
2.2288067
2.0438902
2.1456885
2.230108
2.2022586
2.0134392
2.0280082
2.1986818
2.252332
2.0251393
1.9955076
2.0691364
2.0796628
2.1204386
2.1260242
2.0108519
2.0850782
2.0672286
2.166874
2.2528167
2.060518
2.0159771
2.160348
2.182062
2.0684278
2.1118643
2.061684
2.0631819
2.1006787
2.0454056
2.0640025
1.9746058
2.0474463
2.160305
1.96037
2.1572995
1.9544343
2.0615318
1.9102278
1.9394245
2.1006746
2.0424845
2.0617611
2.1170363
1.9453447
2.0708048
2.158131
2.0496233
2.017938
1.973154
2.059012
2.0127158
2.0521092
2.1319022
1.9685957
1.9935137
1.9572049
1.9989367
2.0007699
1.951491
2.0454261
2.0008535
1.9669814
2.0098698
1.9436206
2.094538
2.0329733
1.9413738
1.9058934
1.918699
2.042585
2.0620275
1.931788
2.0043302
1.8886387
1.9179505
1.8522238
1.9068668
1.9087647
1.8595363
2.0031905
1.8663077
2.0353096
1.8981106
1.99761
1.9761704
2.0118337
2.0034528
1.932792
2.102873
2.1225886
2.0402248
2.0713348
2.0301096
2.1408997
1.9859
1.9851853
2.019209
2.1012218
1.855898
2.0976462
2.0812974
2.149222
2.0077682
2.1564975
1.9004728
2.076261
2.267396
1.9805517
2.0688925
2.128689
1.9863267
1.9031912
2.0757532
1.9459647
1.9063783
1.8683236
2.0874438
1.9386563
1.8684515
1.9123585
1.9115262
2.0904875
2.001119
1.8466682
1.9249096
1.923004
1.920437
2.0573833
1.8495684
2.041549
1.9720745
1.8955775
1.9403253
1.9011589
1.9745263
1.8691946
1.9033087
1.863108
2.0153031
1.861081
1.8691181
1.7818425
1.8132765
1.8551497
1.8129865
1.8788533
1.9098434
1.7791114
1.7782507
1.8071171
1.9113818
1.8933909
1.9325575
1.8665165
1.863202
1.910764
1.8904685
1.8137574
1.8735071
1.9310315
1.9161673
2.0796874
1.9853553
1.9597498
2.006886
1.8585865
1.8549608
1.933743
1.8617661
1.9055738
1.9497501
1.8901455
1.9104208
1.8171985
1.867253
1.8333721
2.0043066
1.7202033
1.8826034
1.8483448
1.919908
1.8746424
1.9212782
1.9355356
1.9441643
1.856801
2.005097
1.9238359
1.8519697
1.9988878
1.8779436
1.9298965
1.9126
1.8632296
1.7972758
1.8639953
1.8997045
1.9347057
1.775231
1.76961
1.8130178
1.8743743
1.8532847
1.7528971
1.8155222
1.8047966
2.0020964
1.921804
1.8117585
1.8458527
1.8000855
1.8955677
1.8415581
2.0306218
1.9246093
1.8422716
1.8440592
1.8908763
1.769845
1.8191534
1.8570902
1.9173048
1.7847418
1.8269292
1.8058968
1.8443364
1.9495758
2.0103307
1.8053697
1.7823435
1.7855357
1.8367832
1.9253902
1.9024853
1.7887442
1.8817874
1.894158
1.9144229
2.0649064
1.7964778
1.7770152
1.7101096
1.9782492
1.7723968
1.8962057
2.0670178
1.7803199
1.8029401
1.8683472
1.9037894
1.7767453
1.9238777
1.875463
1.9348543
1.8665534
1.8221473
1.7795068
1.8232546
1.7418582
1.7831812
1.7508385
1.7844175
1.6957386
1.7556467
1.8626407
1.8033012
1.8089231
1.7571375
1.848193
1.7558852
1.766505
1.9558845
1.8380877
1.7489024
1.8327779
1.7254237
1.820277
1.8013167
1.7674131
1.8182378
1.7432373
1.7425894
1.8773848
1.8373089
1.8804828
1.8096533
1.8504953
1.7305752
1.8553394
1.7266177
1.8679795
1.7135047
1.7628642
1.7980571
1.7529823
1.6984181
1.7643604
1.8104964
1.7389722
1.8691528
1.7246629
1.921027
1.8176337
1.834713
1.758011
1.9038948
1.8703585
1.8949642
1.7727175
1.8813895
1.7969575
1.7546088
1.7238239
1.8382298
1.7626734
1.7413619
1.7867953
1.9785023
1.7285137
1.9588244
2.0008545
1.7659185
1.9014758
1.8819605
1.8063114
1.7677124
1.7554375
1.731936
1.8032814
1.7050517
1.7271732
1.6918745
1.7102133
1.6710691
1.6488689
1.7877386
1.74649
1.7404717
1.657181
1.7000928
1.7990552
1.7532047
1.878035
1.7101905
1.731522
1.8491508
1.7054019
1.7958711
1.7691588
1.6660025
1.7651827
1.7188874
1.8029454
1.809861
1.6982578
1.7074596
1.8471881
1.8300256
1.6609439
1.7232262
1.7558597
1.9432071
1.8483025
1.6636112
1.7942678
1.7397392
1.7995079
1.7796292
1.7363915
1.7368737
1.7431703
1.7530391
1.7628105
1.6939278
1.752097
1.7770145
1.7176915
1.7411835
1.7380774
1.7123231
1.7356683
1.6903322
1.8069065
1.732793
1.7652442
1.6804755
1.7304319
1.7622114
1.6988002
1.8376157
1.8721043
1.7330456
1.6581433
2.0006592
1.7301928
1.7639245
1.6960403
1.8211995
1.7823298
1.6925606
1.6354384
1.6658337
1.7327932
1.6848664
1.658814
1.6963042
1.6862118
1.7270211
1.7592887
1.7874907
1.850532
1.770895
1.7230576
1.7266253
1.8650923
1.8763145
1.8041327
1.7460712
1.7402354
1.7710773
1.8324564
1.7484246
1.7357996
1.8778595
1.709311
1.7206945
1.788798
1.670608
1.7544228
1.692072
1.6980321
1.6160723
1.6745219
1.6617221
1.6606172
1.6888262
1.7759075
1.6226918
1.6845989
1.6786665
1.8339508
1.7423869
1.6596665
1.7010118
1.7430173
1.7562475
1.8124942
1.7950705
1.7555683
1.7767987
1.7194945
1.7886827
1.660125
1.6930337
1.8143766
1.7093592
1.6473358
1.9430399
1.6653324
1.7623178
1.8093418
1.824168
1.7264582
1.724207
1.8779868
1.687149
1.6958265
1.6095648
1.6587485
1.8916095
1.7380368
1.7328568
1.7173419
1.8368753
1.713864
1.6126114
1.7384857
1.7611697
1.7603562
1.7176713
1.7168032
1.8296134
1.872656
1.6766257
2.1030972
2.0515985
1.7910534
1.7338932
1.9054327
1.9425429
1.6450214
1.7425512
1.9305084
1.7245649
1.8711005
1.7186383
1.7698205
1.9158849
1.7764065
1.7505677
1.7028917
1.7328147
1.7581782
1.7326804
1.7708976
1.6868175
1.6716688
1.6219206
1.831619
1.7247398
1.6381937
1.7903817
1.775892
1.6904447
1.7148672
1.706072
1.716257
1.6235892
1.6803459
1.7058352
1.6771305
1.6835142
1.7557082
1.6773827
1.7544833
1.8388838
1.760053
1.741552
1.687794
1.7387267
1.688309
1.737066
1.655755
1.6982387
1.7261035
1.6524366
1.7031057
1.6229627
1.7400153
1.6834006
1.746447
1.6762615
1.6773676
1.687979
1.6700921
1.6753668
1.6283063
1.659486
1.6628128
1.6767609
1.7725372
1.619239
1.7325885
1.6941718
1.7031931
1.6159312
1.6442986
1.6258328
1.7275022
1.7711881
1.6112132
1.6284221
1.6620877
1.634424
1.6752578
1.6376151
1.72976
1.7119179
1.6498055
1.6474606
1.795157
1.8139048
1.6399328
1.587924
1.7545338
1.6839724
1.7476238
1.654415
1.7369092
1.7401427
1.7492722
1.6293215
1.960498
1.7926204
1.5982373
1.7073095
1.7888002
1.680423
1.6448215
1.6015631
1.9077976
1.706834
1.6804818
1.7211717
1.6712235
1.7761918
1.7440596
1.7236073
1.6040969
1.6332563
1.80036
1.5887172
1.6732782
1.645432
1.6477425
1.7337762
1.6841193
1.7100992
1.829318
1.6691785
1.6069753
1.6499972
1.604981
1.7277662
1.6810248
1.6651876
1.6311972
1.6570213
1.6519407
1.6555227
1.6042211
1.6293378
1.6614189
1.614395
1.603873
1.8158561
1.7000531
1.6743498
1.7235751
1.748373
1.7070314
1.642485
1.8310109
1.8651477
1.7965345
1.6372906
1.6788222
1.7915891
1.7824523
1.6964245
1.6477813
1.7481292
1.7775711
1.8456552
1.69471
1.6746616
1.8310225
1.7322625
1.7542202
1.5743401
1.7010272
1.5667665
1.7509882
1.7747302
1.5998408
1.7016683
1.6532775
1.7810932
1.904676
1.8093499
1.5814162
1.840692
2.014496
1.7266988
1.5869043
1.5957551
1.7361834
1.7487388
1.7144501
1.6776326
1.696159
1.5825243
1.6923457
1.7974447
1.7342107
1.7599853
1.7267882
1.6105515
1.6205829
1.7720562
1.8131882
1.705718
1.6076025
1.6138929
1.6850686
1.6828493
1.75792
1.7179976
1.6795167
1.7811393
1.6742564
1.7591416
1.9811997
1.7918657
1.7799835
1.855426
1.8936027
1.9160928
1.6911525
1.695136
1.7388746
1.6209686
1.6981565
1.906966
1.7182057
1.6892928
1.715136
1.7931513
1.7964654
1.7560601
1.6695642
1.7308682
1.8345088
1.7066568
1.695149
1.7781225
1.7953546
1.792094
1.7293347
1.7999732
1.8763052
1.6364217
1.6439097
1.6555384
1.6754596
1.9064096
1.687831
1.6986367
1.6418073
1.6953827
1.7827965
1.6814682
1.7133977
1.6610062
1.6622871
1.6433674
1.6635163
1.7373564
1.6682183
1.691701
1.6989658
1.6113178
1.6989918
1.6781296
1.739621
1.708687
1.7048578
1.7334259
1.6889538
1.6449863
1.6353104
1.7586085
1.7176123
1.5933223
1.6162515
1.5913904
1.6141298
1.7045345
1.6743062
1.5846331
1.6669942
1.6351702
1.7877145
1.5874846
1.6614152
1.756232
1.6754695
1.6245158
1.7539355
1.6514355
1.6181285
1.5713886
1.6493944
1.6319792
1.6039428
1.6383412
1.6108055
1.6414423
1.6637332
1.6712376
1.6287202
1.667996
1.624657
1.620504
1.6703131
1.7295123
1.6092787
1.6319855
1.7052385
1.6550952
1.6224235
1.6410623
1.6973147
1.6315395
1.7147717
1.6694418
1.6358572
1.6865267
1.6379882
1.588481
1.639516
1.6498448
1.6459398
1.6469482
1.6999972
1.6461267
1.7810768
1.5791228
1.7239101
1.6392491
1.6491303
1.7396282
1.6059743
1.6233188
1.6246042
1.6696818
1.6882278
1.7460775
1.725659
1.676512
1.7603898
1.6524341
1.6353928
1.615116
1.7130607
1.8013729
1.737389
1.6198385
1.6337668
1.8320285
1.7488892
1.5683765
1.6329376
1.6147863
1.7064998
1.6627058
1.5813303
1.7132298
1.9356475
1.781411
1.7666545
1.674917
1.743762
1.7964289
1.6742734
1.6936426
1.6568354
1.70536
1.6724925
1.5604068
1.6957663
1.7294953
1.9603049
1.7695253
1.7629755
1.763518
1.6793177
1.7342838
1.6557885
1.6933535
1.7977244
1.6884203
1.941489
1.8966492
1.7111132
1.7557095
1.7955582
1.7802608
1.7488036
1.6660224
1.6054605
1.6308264
1.6569945
1.6736435
1.6025814
1.5757707
1.5865536
1.6423528
1.6602623
1.6051021
1.7606107
1.571889
1.5998566
1.6529152
1.6100214
1.5721209
1.5772183
1.6551455
1.652373
1.6254847
1.5951878
1.5812541
1.5996603
1.6180798
1.5885575
1.8162055
1.5452946
1.6295277
1.7121404
1.5807278
1.6292253
1.6618418
1.6207328
1.6565536
1.6268762
1.6210157
1.6164613
1.5816755
1.5650373
1.6465343
1.6050758
1.6285857
1.6112384
1.5725061
1.5635911
1.5566063
1.6019474
1.6150702
1.6125582
1.562199
1.6988559
1.5809501
1.7645793
1.858759
1.7212267
1.8096957
1.6025312
1.663423
1.6443902
1.678785
1.6556677
1.6631744
1.6325479
1.5742142
1.6004741
1.6104544
1.6615155
1.7416542
1.629057
1.6276145
1.5977253
1.6717625
1.6209072
1.5979203
1.6362791
1.6062988
1.5836892
1.6644237
1.6021302
1.6319945
1.6674784
1.7036058
1.686564
1.712152
1.6767923
1.6021913
1.7031633
1.6984903
1.7118081
1.6244774
1.5577914
1.6523128
1.7102414
1.6425266
1.6794308
1.6878672
1.7981777
1.6338168
1.6219662
1.8333483
1.8048623
1.6660845
1.5697103
1.555867
1.6501797
1.653478
1.6969566
1.6484133
1.6006236
1.5705391
1.5956401
1.6441495
1.7160473
1.681189
1.6029055
1.6665941
1.6558682
1.622841
1.6542947
1.6263787
1.7406396
1.7453085
1.6476735
1.7005599
1.861252
1.6715605
1.5809141
1.6640761
1.6289849
1.7020429
1.5942335
1.6816918
1.6341352
1.640108
1.6601573
1.625202
1.628597
1.644771
1.6462271
1.6380087
1.6507825
1.6437203
1.6136085
1.7146823
1.6748523
1.637463
1.8051368
1.6178381
1.6414587
1.56287
1.5541494
1.6095515
1.6501175
1.6071366
1.5926281
1.6518502
1.6177403
1.6145632
1.5994407
1.6656938
1.6018674
1.637003
1.6077169
1.6593814
1.6367005
1.5725656
1.6422355
1.6807938
1.7644752
1.5543431
1.6716491
1.6456435
1.7172468
1.6623251
1.611303
1.6397835
1.7633702
1.6069355
1.6509179
1.6341772
1.6891682
1.717054
1.5877349
1.5617561
1.700035
1.6927016
1.5809193
1.5825912
1.5827731
1.5875068
1.575999
1.6441845
1.6517292
1.564776
1.647834
1.6053404
1.6446404
1.6473721
1.6329973
1.5749359
1.5849215
1.6719812
1.6561376
1.595265
1.5819573
1.6212867
1.8134888
1.618962
1.5766464
1.5759999
1.6955565
1.7288809
1.619825
1.6115203
1.5977551
1.738925
1.6912141
1.6030964
1.5724715
1.5580446
1.5931822
1.6045451
1.6079535
1.7383678
1.7272505
1.6344233
1.5794047
1.7027422
1.6069579
1.6749924
1.6966428
1.6411135
1.5726928
1.6065675
1.5675495
1.553496
1.5700074
1.573624
1.635137
1.5907065
1.5947995
1.5819759
1.573685
1.5828283
1.6640905
1.6564065
1.542521
1.605407
1.7059826
1.6897032
1.5931962
1.7011395
1.7771462
1.6541647
1.7099577
1.7357637
1.7375525
1.6018373
1.677542
1.66525
1.621975
1.5777497
1.5722942
1.5713267
1.6426826
1.6222441
1.573815
1.6703978
1.589434
1.5857962
1.5360522
1.581861
1.6477277
1.5897177
1.5617592
1.6385741
1.6337395
1.5352182
1.6079355
1.5530297
1.6801157
1.6305121
1.6236026
1.5773548
1.5382458
1.6310488
1.5986404
1.6121958
1.7462194
1.5667956
1.6059263
1.6086057
1.677395
1.6239055
1.6242068
1.6767039
1.6658797
1.6745183
1.6775733
1.5875293
1.6295623
1.6041498
1.6171305
1.7123098
1.7026495
1.5581468
1.6041169
1.7332813
1.586649
1.5921032
1.6693745
1.571661
1.5439525
1.6344423
1.6517884
1.6012009
1.5693637
1.5838077
1.5885993
1.6276295
1.5647844
1.5646225
1.6463411
1.6285617
1.5809648
1.5427585
1.5622218
1.6381003
1.5753485
1.5560138
1.7061485
1.5768318
1.5780371
1.6330112
1.6128592
1.5757911
1.5615113
1.6005316
1.6343745
1.6917
1.6105258
1.5937012
1.6162004
1.577284
1.5509233
1.556635
1.6242441
1.6014525
1.5963734
1.611564
1.5922465
1.5798635
1.6199232
1.6842037
1.5599965
1.6347867
1.6626678
1.5939747
1.6764737
1.6095158
1.6068169
1.7016728
1.642388
1.5974476
1.5593086
1.6182382
1.6012307
1.6901023
1.6183753
1.616356
1.6321675
1.6250753
1.5796069
1.57164
1.6065465
1.562713
1.6794121
1.6102098
1.6143086
1.6734799
1.6039671
1.5671737
1.6031674
1.5885192
1.5980108
1.5383008
1.6291198
1.6417313
1.6130475
1.5538085
1.5722085
1.5460668
1.610323
1.5585603
1.6411442
1.5988
1.5902115
1.5332676
1.5995067
1.5842534
1.6502628
1.5963492
1.5411053
1.5515797
1.6107465
1.5779665
1.6054635
1.5881373
1.533982
1.6469067
1.643154
1.5396022
1.576024
1.5773693
1.6089293
1.5652936
1.6497328
1.5739187
1.652722
1.605872
1.6089824
1.7499694
1.6396353
1.5764818
1.5861436
1.5806853
1.6764842
1.5938997
1.6733472
1.5450145
1.5932682
1.641635
1.5706277
1.6139075
1.6413364
1.5659015
1.6187098
1.5649664
1.6489296
1.5662061
1.5902863
1.6021688
1.6275388
1.6623377
1.715139
1.6668973
1.7367996
1.6569602
1.6622792
1.5758166
1.5755483
1.5753126
1.7878573
1.601421
1.583716
1.603874
1.6124995
1.8138275
1.6561968
1.571108
1.6441623
1.6359335
1.6698992
1.8601425
1.5565512
1.6326263
1.7543715
1.6732013
1.6633283
1.630397
1.6553339
1.58134
1.5515636
1.6458054
1.6029909
1.6325245
1.590795
1.5381255
1.5851022
1.6835825
1.6996788
1.6324081
1.6066563
1.6395377
1.653479
1.551016
1.6916186
1.5893155
1.5883718
1.6226681
1.6112337
1.5965922
1.6242838
1.5454472
1.6321253
1.5795383
1.5660291
1.5608393
1.5623263
1.6475058
1.6026722
1.5777948
1.584793
1.602078
1.5833861
1.5883795
1.6033638
1.6029037
1.6064245
1.5852282
1.5799958
1.6157367
1.6045473
1.5800227
1.577745
1.5875925
1.6188817
1.5254103
1.6643327
1.6642351
1.6438377
1.5975063
1.5967457
1.6342745
1.6244245
1.6584243
1.6022745
1.5803115
1.5327615
1.6274965
1.6596941
1.6348708
1.6514094
1.685618
1.6088961
1.5847784
1.7327462
1.5775822
1.6426152
1.6191708
1.5430412
1.6781914
1.6425227
1.6108743
1.598588
1.551217
1.6285776
1.5525485
1.5936145
1.5533402
1.644193
1.6007357
1.572127
1.5929917
1.569422
1.5604486
1.6123623
1.596037
1.6219255
1.5545055
1.5999645
1.5472625
1.5822264
1.6054742
1.6456344
1.5594947
1.5517745
1.5556062
1.5815526
1.6296113
1.65664
1.5776415
1.6052201
1.6996027
1.672575
1.6007814
1.5700635
1.5915862
1.7229248
1.6709195
1.6107728
1.5948088
1.6855907
1.6969815
1.7266254
1.6371675
1.5991832
1.714676
1.7605138
1.6038377
1.5501944
1.642531
1.6430182
1.5893275
1.6782525
1.5914757
1.607684
1.5809231
1.5554802
1.5599475
1.5545022
1.6000789
1.5643928
1.581353
1.6013432
1.585278
1.5768408
1.5858965
1.6392351
1.559432
1.5590655
1.546006
1.533271
1.5656626
1.6436952
1.5318723
1.567757
1.5377655
1.6045641
1.6396158
1.6049285
1.5518458
1.606106
1.6605893
1.6069444
1.5887558
1.5703195
1.7578276
1.5958422
1.5646211
1.5328522
1.5887003
1.5650723
1.562209
1.6284926
1.64945
1.5983808
1.6249145
1.5966715
1.6016626
1.5598634
1.5742089
1.7260913
1.6159551
1.603236
1.6670847
1.607664
1.5819788
1.5219171
1.6129047
1.6071293
1.6235083
1.6254865
1.6194528
1.56776
1.5241289
1.5819347
1.643621
1.5577047
1.6182983
1.569199
1.5424497
1.5509343
1.6056124
1.603064
1.6076185
1.598098
1.5802678
1.5415189
1.5945092
1.5714082
1.5481545
1.5989205
1.5682428
1.5849564
1.5256617
1.5692255
1.5289336
1.5328132
1.5531515
1.6409476
1.5524503
1.5551467
1.5723517
1.7259777
1.6324402
1.5787336
1.804935
1.7127752
1.6076722
1.5792719
1.8092077
1.585958
1.5710522
1.7547818
1.7056023
1.7563325
1.6460886
1.667069
1.6271511
1.5904675
1.6389552
1.5924238
1.5462598
1.548292
1.6654289
1.6306026
1.6105227
1.5961894
1.62104
1.6130354
1.6009195
1.608889
1.6049048
1.584194
1.564557
1.6503417
1.5681504
1.5762049
1.651515
1.5830382
1.5518361
1.6316966
1.5708581
1.674033
1.561769
1.574244
1.5938385
1.5501254
1.5380859
1.5904415
1.706042
1.538596
1.6138805
1.6148849
1.639887
1.668802
1.6253103
1.554723
1.582577
1.613673
1.5583849
1.650541
1.5655915
1.6768738
1.6288044
1.6859334
1.5976218
1.5670422
1.6470468
1.7366883
1.5477477
1.7308095
1.6410015
1.5274112
1.8150481
1.5759772
1.6437118
1.6974504
1.7206495
1.6270233
1.7252306
1.6673865
1.6121128
1.6905633
1.7552292
1.5600797
1.5398134
1.7947881
1.5995687
1.5828915
1.5659653
1.5726955
1.5742482
1.599373
1.6129205
1.5996132
1.5860533
1.6581535
1.547196
1.6826955
1.6022121
1.64274
1.6061122
1.5790035
1.6382561
1.6890254
1.621926
1.6634095
1.7525337
1.5664653
1.5427967
1.8691432
1.661218
1.5947984
1.5446079
1.6470464
1.7168965
1.7454207
1.5841807
1.6114885
1.618464
1.6116868
1.6667309
1.689112
1.5709522
1.5985057
1.656632
1.6901478
1.657156
1.5905693
1.6092345
1.6927142
1.701226
1.645288
1.5807015
1.5569656
1.5668037
1.6814568
1.5649122
1.5941749
1.6619675
1.641558
1.5692465
1.6501137
1.6190567
1.5531684
1.5780985
1.541778
1.5498829
1.586156
1.703552
1.5462404
1.5730387
1.5962973
1.6437539
1.6697285
1.592468
1.5318698
1.5953457
1.5557617
1.6641322
1.7093607
1.607195
1.577854
1.6491812
1.6188835
1.661658
1.601619
1.55114
1.5802631
1.5949756
1.6635001
1.5295547
1.6060176
1.6362985
1.6112332
1.5779278
1.6582812
1.5909791
1.5872014
1.5946987
1.5795101
1.6257297
1.5332835
1.65391
1.5578893
1.5330504
1.5646814
1.7235411
1.6315727
1.6353595
1.5997975
1.5872483
1.5829666
1.5815673
1.6087862
1.5338937
1.721296
1.5939125
1.5202541
1.5641507
1.6438848
1.5432354
1.5993522
1.5605698
1.6979091
1.7909606
1.58973
1.5863916
1.6106768
1.6373413
1.7115632
1.6437784
1.5606655
1.6315142
1.6805736
1.6127545
1.6477745
1.6100303
1.6023678
1.626597
1.6957369
1.544009
1.6000429
1.596089
1.5855507
1.5895865
1.6574559
1.6214223
1.566171
1.5780318
1.6032538
1.7176605
1.5469805
1.6035933
1.5912492
1.579559
1.666092
1.5774765
1.5390285
1.571445
1.5474578
1.624927
1.6031616
1.5329353
1.5665187
1.5474871
1.5920666
1.5594113
1.5753028
1.5981483
1.5903122
1.580715
1.6155074
1.6060573
1.681808
1.5643518
1.5897199
1.6488646
1.5707434
1.592717
1.5932392
1.5777824
1.5316615
1.5457094
1.5548038
1.5421056
1.548154
1.5529962
1.5463735
1.5687307
1.6320325
1.5391325
1.5229584
1.562331
1.5614082
1.6914194
1.586809
1.613256
1.659258
1.5363755
1.5653311
1.5660007
1.5813905
1.523518
1.6175567
1.5215702
1.5453407
1.606433
1.5481641
1.53798
1.5930955
1.5867995
1.552972
1.5569892
1.6012747
1.5273346
1.6233765
1.5923165
1.5391796
1.5735377
1.5719786
1.5714197
1.5935205
1.662406
1.5841901
1.6556727
1.576056
1.6584421
1.560805
1.6084532
1.5821882
1.5288643
1.5888108
1.5740387
1.7143395
1.6221403
1.5727967
1.5519537
1.5768757
1.5423443
1.5362926
1.5593463
1.6382675
1.6386095
1.5460868
1.5486671
1.5894351
1.7434617
1.595961
1.5550348
1.5566924
1.6367977
1.5382495
1.5359883
1.5651355
1.5443321
1.5311689
1.571357
1.7363533
1.5691444
1.54496
1.614146
1.6817437
1.6317008
1.8062435
1.6244123
1.5820267
1.9723004
1.744676
1.5897223
1.618377
1.7283027
1.9921167
1.7420468
1.606413
1.6062806
1.61163
1.6906615
1.6108121
1.7902093
1.5976202
1.518569
1.6750134
1.755556
1.621471
1.6083792
1.6748451
1.5962157
1.5989636
1.6749372
1.6384172
1.6170996
1.6043047
1.6028746
1.6111104
1.5812902
1.5318236
1.5516955
1.5748957
1.5465157
1.595665
1.5317693
1.5726211
1.552665
1.538654
1.5952605
1.5898368
1.5812312
1.5561635
1.5557594
1.6036545
1.5386412
1.5875521
1.542288
1.5323514
1.5876055
1.5581049
1.6003537
1.7179978
1.5688332
1.546093
1.560352
1.6808473
1.6347305
1.5587027
1.5209346
1.5658988
1.6216393
1.5628054
1.58076
1.6103994
1.6054585
1.5760175
1.6648372
1.6857743
1.6033927
1.5690336
1.6832235
1.7413002
1.6666995
1.6303482
1.5878185
1.6578465
1.732041
1.5842484
1.658816
1.5614178
1.5672907
1.537653
1.6348357
1.7132984
1.5836581
1.5260005
1.5762028
1.6184758
1.5705501
1.5843874
1.6082573
1.7034118
1.5613276
1.597504
1.6724918
1.5590886
1.7732154
1.5988806
1.5484371
1.6586792
1.9473315
1.5425948
1.5329959
1.550498
1.5985311
1.6599766
1.6899657
1.566175
1.5530491
1.5768683
1.6270789
1.6316617
1.5844297
1.784793
1.5464834
1.5648274
1.5922918
1.577202
1.5595696
1.5444177
1.5570959
1.5878999
1.6394694
1.5256953
1.5488545
1.5516925
1.5828317
1.633702
1.586556
1.5252801
1.5723767
1.6068285
1.566288
1.597501
1.5797367
1.5306722
1.5425699
1.6191624
1.5999985
1.537218
1.6173455
1.5875902
1.5666355
1.5319306
1.531527
1.544927
1.6340405
1.5724674
1.5349506
1.6097507
1.6451879
1.5584809
1.6145457
1.5941114
1.5721087
1.614653
1.6328131
1.6071665
1.5896271
1.6744045
1.6966867
1.5767045
1.5296509
1.7140845
1.6867396
1.6921825
1.6116793
1.5977765
1.7170655
1.582775
1.5455809
1.6787637
1.5587176
1.69821
1.5654289
1.5376915
1.6169486
1.6028795
1.5985091
1.6175493
1.5900574
1.5447732
1.5877873
1.5359957
1.643715
1.5920625
1.5579504
1.5991192
1.616622
1.6712098
1.6158063
1.621535
1.5994962
1.596297
1.6293328
1.6070359
1.583305
1.5800648
1.571304
1.5742817
1.6058583
1.6121112
1.556265
1.5252447
1.5364709
1.5504788
1.5886515
1.6254188
1.5850997
1.5996393
1.5588584
1.534734
1.541273
1.5636255
1.5419333
1.5444571
1.6161069
1.5260572
1.619754
1.5885572
1.6480275
1.577948
1.575625
1.5609225
1.5568888
1.6249428
1.7644098
1.5579498
1.552343
1.6142492
1.6323909
1.5647659
1.5315677
1.6605924
1.5806352
1.5649065
1.6182753
1.628693
1.6976827
1.6179358
1.5494789
1.5876666
1.5590237
1.5645965
1.6769345
1.5476685
1.5439495
1.6988021
1.6409912
1.5550703
1.5381615
1.6157522
1.6180586
1.6061565
1.544386
1.5322813
1.5432425
1.5937121
1.5806072
1.581494
1.602233
1.6028695
1.6207198
1.6163447
1.5736773
1.5490495
1.5527773
1.5405208
1.5276083
1.5821711
1.596534
1.55499
1.6315774
1.620353
1.7035915
1.6588985
1.589328
1.5715035
1.5441546
1.6567622
1.5452127
1.5212768
1.547862
1.5970815
1.543773
1.5905342
1.5304817
1.5798622
1.595308
1.5476604
1.532287
1.5286922
1.5352341
1.5323635
1.6168439
1.5633215
1.5263865
1.5325698
1.6458812
1.572877
1.5608412
1.6322885
1.5569665
1.5680884
1.5819379
1.5235041
1.6091915
1.5437917
1.565355
1.6794335
1.6105013
1.5132365
1.5904458
1.5252297
1.5621693
1.5770543
1.6354598
1.516696
1.5915908
1.5724971
1.6844707
1.5873545
1.5637398
1.6320653
1.7925164
1.6616776
1.5763069
1.5886508
1.75288
1.611869
1.606634
1.5627598
1.5782313
1.5964146
1.6916517
1.617517
1.5485215
1.621209
1.5846307
1.518937
1.6034266
1.5981985
1.6160723
1.5567755
1.5332183
1.524342
1.6351852
1.5795556
1.6641288
1.6429235
1.5759739
1.6327374
1.7150921
1.5680748
1.5830983
1.745728
1.5528758
1.557159
1.5529506
1.5379579
1.5992643
1.5899074
1.5889152
1.5716982
1.601251
1.5392512
1.5795902
1.5737692
1.5699971
1.5755049
1.5944442
1.5833
1.5440378
1.5627505
1.5770429
1.6644713
1.5818515
1.5527785
1.5488545
1.6735569
1.6042458
1.6142113
1.6736478
1.5270005
1.659766
1.5383247
1.5479574
1.5465498
1.5868342
1.6150441
1.5687658
1.608984
1.5340958
1.6387703
1.6331465
1.5521482
1.6090541
1.5380116
1.5746468
1.5673153
1.613862
1.568397
1.6220235
1.5710047
1.5301473
1.6393614
1.5313156
1.5888952
1.5341
1.5820843
1.5877924
1.6296334
1.5267286
1.6010302
1.637855
1.6428587
1.6156472
1.5607119
1.5263767
1.5485611
1.6353163
1.774742
1.6184658
1.5507334
1.6011446
1.6446366
1.6882845
1.6444051
1.5893929
1.6264845
1.5609963
1.728387
1.5699087
1.6090045
1.6103922
1.5970879
1.6298063
1.625896
1.6889462
1.6338632
1.5757219
1.625118
1.6397678
1.5752604
1.5424464
1.6258589
1.5965585
1.5320603
1.6376052
1.6902349
1.5778178
1.6559707
1.567589
1.5455834
1.6334189
1.5271735
1.5633721
1.5880343
1.6534772
1.5869952
1.567234
1.5557046
1.5516211
1.5909158
1.5279077
1.5746886
1.5929782
1.5525025
1.538568
1.7183275
1.5366952
1.5406396
1.6280757
1.5926936
1.5590073
1.5769347
1.6374441
1.6230812
1.6265785
1.6267493
1.5257002
1.5925363
1.633049
1.5510721
1.7895808
1.6204591
1.5554911
1.5494257
1.5732934
1.566028
1.5908343
1.5809175
1.5742848
1.5800737
1.5562593
1.5321401
1.5701382
1.666118
1.5375848
1.5239073
1.5603691
1.628118
1.6206336
1.6166868
1.5622045
1.6168147
1.6098831
1.525493
1.5581123
1.5685028
1.5421072
1.532403
1.6351702
1.5918138
1.5596412
1.574479
1.5276842
1.5343987
1.5400155
1.5989273
1.5555032
1.5283858
1.580139
1.5706762
1.5488403
1.5480845
1.5225775
1.5304593
1.5484678
1.5600255
1.5439632
1.5279665
1.6118168
1.5691895
1.5160953
1.5881768
1.5472745
1.5353647
1.5256258
1.6045213
1.5433099
1.5391673
1.5709794
1.5169383
1.6324657
1.5258069
1.5820768
1.5621418
1.6565802
1.5295409
1.5243467
1.5448928
1.6452761
1.6173557
1.605474
1.5530332
1.7299694
1.5379275
1.613496
1.5435032
1.5457785
1.5758379
1.5694523
1.6069559
1.7066491
1.5190035
1.5941147
1.6127638
1.740638
1.5933241
1.565441
1.546898
1.6972117
1.5754833
1.5661926
1.5777793
1.521147
1.5497756
1.5854057
1.5453248
1.6548994
1.5503377
1.5304772
1.5410215
1.6139302
1.6640406
1.6481645
1.5448554
1.583536
1.7022554
1.6814595
1.7154508
1.540694
1.5782638
1.6650683
1.6048118
1.6551481
1.7025898
1.6604493
1.5794396
1.5765145
1.6068637
1.7744642
1.6313483
1.6012001
1.6190653
1.5413393
1.5819355
1.6436992
1.599247
1.6056144
1.7335141
1.5487152
1.5991927
1.5835078
1.6058545
1.694082
1.5918674
1.5846583
1.5758375
1.564968
1.6051126
1.6390271
1.7011162
1.5871427
1.525179
1.7007375
1.7345295
1.6104683
1.5852195
1.6503447
1.6167665
1.655203
1.5872304
1.5972004
1.5932934
1.6350902
1.6290859
1.5962918
1.6092385
1.5795408
1.6348423
1.6635715
1.6167448
1.5398047
1.6576884
1.6311185
1.6388144
1.5861508
1.5993468
1.5701746
1.5451024
1.7368114
1.6117045
1.534967
1.655941
1.5522318
1.5881647
1.5194986
1.6254334
1.5799625
1.5862005
1.5395278
1.584694
1.7062098
1.5709033
1.5796982
1.6298757
1.5680182
1.6395469
1.5741895
1.5580612
1.5671706
1.5690342
1.6086712
1.5982808
1.5703654
1.6072588
1.5294209
1.5830756
1.7395545
1.543904
1.5409435
1.6464301
1.6133349
1.521904
1.5502944
1.633112
1.6312428
1.6983837
1.6385646
1.6170458
1.6272417
1.6162045
1.5657253
1.6325369
1.6386017
1.568874
1.719937
1.6032445
1.7476292
1.6069963
1.6100937
1.6949786
1.6047469
1.6008078
1.5740595
1.5316358
1.6079049
1.5898312
1.5566983
1.6819046
1.7435714
1.5855365
1.5573486
1.5492473
1.5267907
1.5483197
1.5719317
1.6211135
1.5962937
1.5535829
1.5521445
1.60609
1.5849668
1.5991325
1.6945188
1.5756699
1.5407147
1.7246176
1.7313615
1.5615481
1.5349172
1.5468212
1.5783727
1.6294452
1.6969744
1.605948
1.5491129
1.6841938
1.6749083
1.9187968
1.7282223
1.6121197
1.5904452
1.5597059
1.6717616
1.7639779
1.5991033
1.6014427
1.5687327
1.6455083
1.6031858
1.5927106
1.6991706
1.5472271
1.5509589
1.5386688
1.5482416
1.5682524
1.585546
1.6089423
1.57231
1.6274503
1.5898782
1.536471
1.6624267
1.563989
1.5397269
1.6114918
1.5683699
1.569308
1.5491863
1.5702301
1.6365106
1.5713626
1.7134867
1.5931774
1.6255568
1.6415223
1.6475277
1.760649
1.6445003
1.549217
1.5204811
1.5380621
1.611433
1.5344954
1.612493
1.6263238
1.5423661
1.566127
1.6084956
1.6286011
1.5523525
1.6831797
1.544355
1.5681161
1.5476766
1.6173092
1.6093591
1.5877225
1.6418403
1.556507
1.6132402
1.590584
1.686518
1.5437955
1.5842177
1.5987862
1.6116916
1.5436356
1.6025432
1.633576
1.5386182
1.5508542
1.5549884
1.5480887
1.524308
1.5277814
1.5633699
1.5260069
1.5500486
1.526372
1.5465845
1.5391258
1.540021
1.5677161
1.5954752
1.5319293
1.5764028
1.543097
1.7215416
1.5644332
1.5514905
1.7546643
1.5822772
1.6540568
1.6908445
1.591693
1.59288
1.551294
1.5812896
1.5629394
1.5326978
1.5996662
1.5507171
1.5925094
1.6695802
1.6234977
1.5282376
1.6422739
1.5980171
1.6846367
1.569358
1.5346252
1.5684125
1.5417429
1.5741482
1.607641
1.583732
1.6039909
1.5555928
1.5593654
1.5951698
1.567845
1.6492435
1.5886245
1.5347961
1.6422354
1.605467
1.6080171
1.5997856
1.6028417
1.592731
1.6293008
1.5397015
1.566362
1.5562971
1.5621518
1.5499527
1.562536
1.5603248
1.5370803
1.5156838
1.5452075
1.5173945
1.5359808
1.6829642
1.5888772
1.5381339
1.6484272
1.550436
1.5612853
1.7063645
1.6345983
1.5483842
1.7132494
1.6321688
1.6040227
1.6813567
1.6020374
1.5287837
1.5751147
1.599625
1.569428
1.5895047
1.6520284
1.7675414
1.544582
1.5127952
1.5521247
1.6182412
1.5561558
1.62787
1.5871003
1.5992262
1.5536485
1.5496693
1.6283815
1.6238416
1.595951
1.538789
1.5217716
1.587704
1.611665
1.587357
1.6053618
1.5516286
1.5338873
1.6563528
1.5747378
1.5175625
1.5244215
1.5344338
1.5826973
1.6237901
1.6157628
1.6058185
1.6520185
1.5438433
1.642996
1.6003909
1.5638522
1.5553368
1.5328243
1.538627
1.562767
1.6077027
1.535497
1.5285175
1.590888
1.6439723
1.5675017
1.5681709
1.582235
1.557581
1.5580572
1.5372444
1.5857849
1.54108
1.5501422
1.581876
1.5575958
1.5465375
1.5482053
1.5696691
1.5631608
1.5343596
1.5152415
1.5370667
1.5172735
1.5768814
1.525103
1.5832775
1.5197185
1.6788704
1.5378135
1.5289482
1.599726
1.634844
1.56059
1.5857764
1.6303135
1.5756342
1.7441533
1.5745721
1.5626786
1.5457553
1.6392138
1.5218499
1.6404862
1.5312363
1.5307032
1.523137
1.6245898
1.6202785
1.5514268
1.5863676
1.6559062
1.545507
1.5410632
1.5374718
1.5185877
1.5993422
1.6696901
1.5735096
1.6503505
1.5903863
1.612904
1.6273497
1.5497677
1.5959477
1.6437403
1.580233
1.5705588
1.5343503
1.5607005
1.5965558
1.6381874
1.555083
1.5878359
1.60497
1.5311728
1.5983387
1.6076396
1.5483661
1.531006
1.5231106
1.5666373
1.5829122
1.582392
1.5571929
1.5872781
1.6282921
1.6382087
1.6001797
1.5725096
1.5527164
1.6001185
1.6186991
1.6045487
1.5494537
1.6094545
1.5713243
1.6656573
1.6274465
1.6200732
1.5463967
1.699334
1.5987914
1.5365984
1.6310515
1.5453964
1.5769207
1.5576247
1.543343
1.541157
1.6278282
1.6662682
1.5229576
1.5635929
1.543611
1.6802065
1.5746511
1.5651734
1.546761
1.5703263
1.5840075
1.5830742
1.5812153
1.5849023
1.5922117
1.6225511
1.5570515
1.5907675
1.6413001
1.6103753
1.6472068
1.5441003
1.5542607
1.5322284
1.5564963
1.5400667
1.5714321
1.5720892
1.553708
1.6124477
1.5876185
1.6154258
1.6307337
1.6214871
1.6370045
1.5450695
1.5709783
1.5991592
1.6063602
1.6370028
1.5236559
1.5830054
1.5522145
1.813349
1.5446845
1.5147955
1.5252095
1.5799949
1.5877494
1.6943445
1.578015
1.6647061
1.5674801
1.597487
1.5530885
1.646767
1.6450015
1.5295545
1.5560925
1.595901
1.5607415
1.5818644
1.5444075
1.5325283
1.6429977
1.5960113
1.5350176
1.586539
1.5279278
1.5262011
1.5286453
1.6305653
1.5238479
1.5624624
1.5399637
1.63541
1.5715806
1.536321
1.6190512
1.561853
1.5388372
1.5308037
1.6168873
1.5664542
1.5735185
1.6041373
1.5528429
1.5540613
1.5241313
1.5911363
1.6487172
1.5466424
1.528949
1.571605
1.5269586
1.6275122
1.5659977
1.5414865
1.5887588
1.6416849
1.6295471
1.5490992
1.5454123
1.5627455
1.7868829
1.6119553
1.664807
1.5845917
1.6400357
1.6742234
1.6738745
1.5911107
1.53406
1.5381376
1.5490996
1.6534065
1.6776557
1.574556
1.6072153
1.5333122
1.5421305
1.6199354
1.6509485
1.5795525
1.6365265
1.6298952
1.5675771
1.5195388
1.6350976
1.5595125
1.6039766
1.718113
1.5523031
1.7311028
1.572238
1.6613665
1.6313978
1.5253017
1.572427
1.666934
1.810715
1.6029992
1.5517434
1.5310543
1.5897517
1.6479553
1.6439368
1.5865493
1.5309755
1.6114627
1.625724
1.6546308
1.5892745
1.5190687
1.5360914
1.5269614
1.5831143
1.6894395
1.5981379
1.5372298
1.6212816
1.5852805
1.6393145
1.6554573
1.543016
1.572608
1.573678
1.5902147
1.6558485
1.5786053
1.5787703
1.5311388
1.6439415
1.6759095
1.6182252
1.5706282
1.5248588
1.5641476
1.5492325
1.5957743
1.5430588
1.585875
1.5696375
1.5833025
1.518509
1.5581527
1.5389156
1.6015747
1.6185405
1.5983665
1.5215772
1.5881722
1.568295
1.5737985
1.5895348
1.6180753
1.6021585
1.6097772
1.6843797
1.5717672
1.6246272
1.5282923
1.5674119
1.5223563
1.5409298
1.5256659
1.556588
1.5432283
1.6777812
1.546828
1.570229
1.5524383
1.599898
1.5562255
1.5837188
1.5445377
1.5838704
1.5529627
1.5481753
1.6195459
1.6186191
1.5187105
1.5695688
1.5186492
1.5412817
1.5887336
1.5833387
1.584833
1.5446827
1.537782
1.5754533
1.6058985
1.5673343
1.5516675
1.6283529
1.5453345
1.564019
1.6302762
1.5228838
1.572649
1.5452813
1.5970578
1.551042
1.5609202
1.5684416
1.627415
1.5803608
1.521951
1.6294705
1.5580871
1.533677
1.5385385
1.5939152
1.6354203
1.5869875
1.5288827
1.5578518
1.5743845
1.5806253
1.5613748
1.5725797
1.5592128
1.632482
1.5792242
1.5983394
1.6347204
1.5838118
1.5484202
1.5900699
1.7077116
1.6305063
1.6115413
1.5441073
1.6448907
1.8627021
1.748367
1.5454178
1.5254219
1.5951612
1.5531765
1.5782804
1.6365861
1.5692397
1.573213
1.5958467
1.5997405
1.5460222
1.6030107
1.6464893
1.6949555
1.5468123
1.6087182
1.5709367
1.5814372
1.6635405
1.7484795
1.7007452
1.5495843
1.5445714
1.5606117
1.5625055
1.6459066
1.5798225
1.5778743
1.597418
1.6290168
1.707288
1.5630354
1.5725465
1.6422734
1.6014545
1.6445616
1.6476145
1.6066003
1.6759615
1.6586872
1.6392823
1.5296576
1.5330054
1.5658027
1.5573337
1.7146281
1.5477492
1.577734
1.5589405
1.5428795
1.5734967
1.5903316
1.564564
1.5721983
1.5239271
1.5524926
1.55018
1.6766754
1.577346
1.6171265
1.5675737
1.5728699
1.5596155
1.6665505
1.7230811
1.63609
1.5408957
1.6001455
1.76148
1.6037686
1.6863943
1.6838744
1.6037862
1.5527118
1.630029
1.620788
1.5458069
1.5822415
1.598646
1.6257467
1.6892327
1.6024264
1.5289469
1.6353663
1.5877843
1.5945535
1.5338268
1.5632772
1.5665365
1.5983342
1.6010292
1.662473
1.6149242
1.6684034
1.5494338
1.6434485
1.7458228
1.653939
1.5216367
1.5500699
1.6408255
1.5724423
1.6078968
1.6536876
1.5536965
1.5241176
1.586175
1.5489417
1.533991
1.573596
1.573419
1.560135
1.5585756
1.594473
1.5818927
1.6275209
1.6717675
1.6296496
1.62578
1.5673982
1.5720598
1.5986365
1.6201477
1.6451852
1.5558348
1.5789586
1.571714
1.6260512
1.5513618
1.5758418
1.5308138
1.571562
1.5385293
1.5413548
1.5507737
1.5285734
1.523452
1.5448625
1.6227407
1.623746
1.5939637
1.6257484
1.6734313
1.579924
1.5391684
1.565715
1.6361443
1.7367065
1.5940361
1.5779182
1.5404929
1.5386935
1.7074465
1.606087
1.5557183
1.5402317
1.5954003
1.5930421
1.6193414
1.5858614
1.6170278
1.6115383
1.5253435
1.5187539
1.5345278
1.5795697
1.623508
1.596712
1.5251187
1.5875262
1.5898212
1.580898
1.6122465
1.5654392
1.5759745
1.5387797
1.587603
1.6213282
1.5683486
1.5813947
1.6364117
1.653188
1.5559945
1.609898
1.5734074
1.5442861
1.6558727
1.7842752
1.6452551
1.6276561
1.5671297
1.5569445
1.6221644
1.570932
1.6486131
1.5805355
1.5783943
1.6478457
1.5836502
1.5388525
1.5612355
1.6250718
1.5987251
1.5688955
1.543003
1.5686913
1.6059171
1.5241863
1.6106565
1.631224
1.5224882
1.53779
1.5378321
1.5495728
1.6838171
1.6153448
1.5747716
1.5432007
1.5797912
1.5225074
1.5476656
1.6212785
1.5453619
1.593905
1.5177283
1.5445284
1.5614822
1.5330422
1.5836434
1.5259975
1.5705317
1.5302408
1.5219545
1.524991
1.5967704
1.565588
1.5706575
1.5260414
1.5175133
1.5168821
1.5232632
1.5622443
1.5435123
1.5260677
1.5790402
1.5549392
1.5262612
1.6204861
1.6291704
1.531286
1.5304003
1.5584079
1.7125895
1.5592777
1.5297338
1.5765177
1.5212905
1.568024
1.5762948
1.6208572
1.5890558
1.5545624
1.6202005
1.6032678
1.6391762
1.647613
1.639799
1.542502
1.5439594
1.5796742
1.6004636
1.582105
1.6450775
1.6600053
1.616324
1.6318388
1.5926766
1.8280089
1.7354362
1.5917145
1.5490429
1.5949471
1.7032938
1.6593881
1.6949595
1.6667321
1.5885377
1.6080405
1.620273
1.731319
1.7436914
1.5958631
1.5469605
1.5600584
1.5719924
1.602163
1.705232
1.632785
1.599431
1.5848454
1.6034651
1.5877547
1.5473522
1.5534985
1.5410632
1.5903345
1.6013435
1.5967401
1.5171999
1.5292501
1.5730532
1.6023686
1.5913682
1.5525912
1.578108
1.5195467
1.5636232
1.627031
1.6434305
1.5289464
1.5345526
1.5727313
1.5914237
1.5445039
1.58165
1.5903807
1.5701965
1.5893769
1.6014016
1.5273832
1.523394
1.6195276
1.6498202
1.5387974
1.5301749
1.5630472
1.5849166
1.5879235
1.5360678
1.5448045
1.540669
1.6116867
1.542965
1.5327723
1.6235228
1.559494
1.56666
1.5188315
1.5467513
1.5936689
1.5926398
1.621367
1.559846
1.553503
1.6494591
1.6478337
1.6660718
1.561487
1.5244076
1.5488733
1.5666138
1.595311
1.5830452
1.5399318
1.5715883
1.5230185
1.5514644
1.5986379
1.5341152
1.6059536
1.5434176
1.5623685
1.631644
1.5308373
1.5483443
1.5255088
1.5178802
1.5721972
1.5853544
1.5147415
1.5755405
1.5292349
1.5168698
1.5193667
1.6037623
1.517774
1.548635
1.5689719
1.5571887
1.5353384
1.5791806
1.54877
1.5536537
1.5607983
1.534783
1.5337849
1.5478655
1.5625154
1.5202395
1.5948735
1.5247107
1.5833005
1.5453466
1.5491664
1.5267234
1.5425514
1.6056725
1.5318763
1.5275044
1.6189096
1.5605736
1.6251818
1.5632567
1.5204972
1.6298755
1.5376946
1.570425
1.5222043
1.5529804
1.6144891
1.5516826
1.5780238
1.5778689
1.5448362
1.5434365
1.5168395
1.5130183
1.5429622
1.5487369
1.5152212
1.5334401
1.5431045
1.5125495
1.5392528
1.526583
1.5247099
1.5565355
1.5519403
1.6327525
1.549522
1.5361298
1.5890425
1.6141533
1.63797
1.6023395
1.6016574
1.5883056
1.6116842
1.5610387
1.6692249
1.5521355
1.5449777
1.5412266
1.5462532
1.6644132
1.5807606
1.6794815
1.5140817
1.5629776
1.5907012
1.6199919
1.5576942
1.5451849
1.6403307
1.5724418
1.5376103
1.5895487
1.7902358
1.6079421
1.5766897
1.5186335
1.551119
1.5629581
1.6720654
1.584047
1.5653424
1.5737888
1.5134696
1.570222
1.6327043
1.6638182
1.6891377
1.5397301
1.5437423
1.6377712
1.7972827
1.615956
1.5796353
1.5679884
1.5433065
1.5808924
1.5747166
1.757296
1.5614448
1.5759938
1.6014643
1.5540693
1.5414983
1.5182925
1.5776535
1.576634
1.5970098
1.6536795
1.5876029
1.5201154
1.5387795
1.5897068
1.5600499
1.5235223
1.555935
1.518505
1.553316
1.5273527
1.5956893
1.5808715
1.5465419
1.6228187
1.6161274
1.589723
1.5207726
1.5785004
1.565768
1.5838735
1.6248721
1.9013612
1.5655965
1.6347386
1.7205114
2.1235416
1.6886432
1.6096233
1.5175246
1.632825
1.625399
1.6460053
1.597248
1.6264486
1.599182
1.5936128
1.5316865
1.5547794
1.6187158
1.5654844
1.6363093
1.5586072
1.6039093
1.654693
1.7447548
1.609161
1.586747
1.6145225
1.6104145
1.6071192
1.569374
1.5275383
1.5199585
1.5736718
1.569871
1.577599
1.5586152
1.5483183
1.537444
1.5409472
1.5313596
1.5582511
1.5416472
1.5668443
1.5644038
1.604135
1.5437773
1.5255046
1.5378093
1.5659273
1.5313015
1.5368855
1.520852
1.5546824
1.536833
1.5761514
1.6806651
1.5984453
1.5389247
1.5527675
1.5543734
1.5840828
1.547911
1.5967188
1.5411803
1.5507498
1.692878
1.5587523
1.5599045
1.57436
1.5929937
1.5201159
1.516191
1.5270922
1.6070861
1.5466963
1.5584369
1.5356293
1.5922978
1.5361335
1.5372976
1.6394457
1.7124615
1.6714858
1.549536
1.5860578
1.6082706
1.5466969
1.5461956
1.6509253
1.6591547
1.5462949
1.610925
1.5429168
1.577515
1.5813261
1.607705
1.576996
1.5474863
1.6158109
1.5908902
1.5888592
1.6331593
1.623629
1.6651539
1.5692594
1.5337435
1.5257344
1.5669577
1.6931566
1.600271
1.5877893
1.576846
1.5924494
1.5634058
1.6603676
1.5889605
1.6002845
1.5239325
1.6249132
1.5687512
1.5568
1.5620815
1.5576282
1.586114
1.6311405
1.5831603
1.597171
1.529458
1.5150459
1.5815516
1.561197
1.5347755
1.627292
1.5236663
1.5348233
1.5685246
1.6503513
1.6238942
1.5324926
1.5212765
1.5546229
1.6755543
1.5761837
1.6104577
1.5379088
1.580253
1.526135
1.5388886
1.5575128
1.5293088
1.5288678
1.6183158
1.5222096
1.5210267
1.5623047
1.5733273
1.584817
1.5673318
1.5450528
1.5544068
1.6629256
1.5310353
1.5481797
1.5632795
1.5225837
1.5471618
1.5188342
1.5500302
1.6484443
1.5700963
1.5439
1.5623847
1.5305974
1.6040125
1.7152771
1.5696923
1.537221
1.648161
1.5735526
1.5629753
1.550786
1.519179
1.5693263
1.5610245
1.575839
1.5650897
1.5952119
1.5980043
1.5977645
1.540054
1.5338517
1.562137
1.518594
1.634099
1.6539391
1.5203003
1.5268645
1.5171127
1.59272
1.6453172
1.5546538
1.5360448
1.576376
1.5947293
1.6650856
1.6117425
1.5264013
1.5460099
1.5888863
1.5891111
1.5296848
1.5530157
1.5650817
1.5276585
1.561557
1.5508195
1.5929227
1.5502012
1.5309653
1.636361
1.5316535
1.5639838
1.5399008
1.562219
1.580622
1.5801543
1.6188853
1.5352848
1.5337218
1.5222853
1.5687028
1.5396929
1.554637
1.6159213
1.6695824
1.54072
1.5727935
1.5691103
1.5732424
1.5315785
1.5426942
1.5366834
1.5479198
1.560609
1.5797435
1.550292
1.5139215
1.5685891
1.6261649
1.6213925
1.5672033
1.5552425
1.5509841
1.5200007
1.5910165
1.6599382
1.5895847
1.5470288
1.5455213
1.5722469
1.6832465
1.5661324
1.5287102
1.6773462
1.515688
1.5456742
1.5778869
1.6079767
1.576955
1.5379622
1.5938965
1.5543838
1.5612698
1.5483177
1.5528184
1.529745
1.582676
1.6620473
1.5144918
1.5219126
1.5585542
1.695234
1.5690848
1.5516374
1.6304854
1.5601089
1.5243105
1.5605133
1.537033
1.5296255
1.5927492
1.569046
1.5300933
1.5513085
1.5462499
1.5865717
1.5418723
1.529695
1.543434
1.5259815
1.5508254
1.5178024
1.5477078
1.561998
1.5150952
1.5957854
1.648873
1.5866197
1.5592874
1.5815792
1.5425022
1.5650681
1.567925
1.6152986
1.86345
1.604596
1.5406603
1.5961105
1.645879
2.0141237
1.7456672
1.5522743
1.540337
1.6398098
1.7070551
1.5750889
1.5993176
1.572259
1.6329359
1.5844997
1.5258975
1.557258
1.6186055
1.5642123
1.558478
1.6231987
1.6029264
1.6082615
1.5661058
1.594328
1.539994
1.5565867
1.6106629
1.5913765
1.5550827
1.5970895
1.5252663
1.5514064
1.5237242
1.567634
1.6008002
1.559723
1.5340254
1.517257
1.5167958
1.5538799
1.5175084
1.595079
1.5662992
1.6319587
1.5786207
1.6449057
1.591698
1.6573952
1.5591338
1.5286341
1.5182167
1.551767
1.5993218
1.5502822
1.5240731
1.5899497
1.605482
1.6148419
1.5775304
1.618429
1.6495793
1.5397295
1.5455376
1.5350245
1.5542351
1.717492
1.593109
1.5707803
1.5446361
1.5643345
1.5247788
1.5630867
1.6360894
1.5714887
1.5314523
1.5384116
1.5408794
1.6496233
1.5771989
1.5487186
1.623102
1.525141
1.6432779
1.5743538
1.6175737
1.5551704
1.5468444
1.646459
1.5829058
1.5513465
1.5764607
1.5290959
1.528273
1.5189481
1.5386302
1.5548297
1.5506217
1.5325247
1.597142
1.530086
1.5353703
1.5669111
1.5178761
1.5311817
1.6041267
1.5591266
1.5888648
1.5157638
1.5299003
1.552241
1.5677147
1.6454324
1.533042
1.5144438
1.52946
1.5592319
1.6092124
1.5208082
1.5229044
1.5386261
1.5505682
1.5295682
1.5538218
1.532826
1.5206945
1.5339504
1.522395
1.5538325
1.6086315
1.5324675
1.5605077
1.5920047
1.5575875
1.5578127
1.5274243
1.5727137
1.5961163
1.5831149
1.5610399
1.5700445
1.6222723
1.6599243
1.5839635
1.5893911
1.5450029
1.6374058
1.6888493
1.6013223
1.5855106
1.61631
1.6084793
1.728565
1.5669999
1.5494359
1.556562
1.5845393
1.5269817
1.5294194
1.5155195
1.5674948
1.6033506
1.607025
1.538364
1.555373
1.5642931
1.6177533
1.5305427
1.5890331
1.5642295
1.8017541
1.6760048
1.6144878
1.5887746
1.553877
1.6457295
1.626771
1.6351547
1.6339188
1.5706306
1.5549241
1.5160568
1.5321202
1.6234328
1.5772263
1.6402067
1.6315713
1.5496473
1.653204
1.5449649
1.6554682
1.5887072
1.6477168
