26.803953
26.622759
26.729383
26.33377
26.108358
26.438492
26.137493
26.117208
25.516468
25.661509
26.485634
25.269312
25.302664
25.328749
25.872248
24.909002
25.7162
25.237333
25.60466
24.959324
25.027964
24.869144
25.07552
24.253912
24.289421
24.736042
24.228699
24.34764
24.150557
24.030914
24.212912
23.486755
22.877668
24.001469
23.35938
23.42932
23.375072
22.851704
23.074972
22.723673
22.795343
22.495672
22.356813
21.827135
21.580511
21.2225
20.619053
21.294533
20.867237
20.35667
19.88842
20.005833
19.524466
20.18234
19.239489
19.029415
19.1548
19.033312
18.831308
17.677134
17.791412
17.793213
17.392551
16.39855
16.626472
16.565224
16.316557
16.168547
15.604916
15.204344
14.702472
14.594843
13.445955
13.829808
13.219873
12.642963
11.913794
11.821313
11.266574
11.807704
11.739812
10.761351
10.799198
10.410836
9.610978
9.290436
8.672446
8.691197
8.46182
8.133962
7.6150985
7.9083548
7.5441227
6.779678
7.014286
6.835596
5.7308607
6.4400864
6.314523
5.9333525
5.819894
5.713222
5.356742
5.672259
5.609186
5.467253
5.3491173
5.364016
5.337283
5.3739004
4.853218
5.268044
5.188225
5.2899985
5.007119
5.341124
5.30899
5.2463
5.5259867
5.405585
5.2652073
5.023493
4.954949
4.853312
4.905136
4.784821
4.894538
5.157198
5.222012
4.880652
5.066726
5.028312
5.1662536
4.7789607
4.826792
4.8366966
5.237696
4.891357
5.0190744
4.747711
5.1657395
4.6368604
4.800941
4.65925
4.954435
4.602887
4.692515
4.477477
4.6283746
4.5554266
4.626632
4.689618
4.65385
4.772271
4.600944
4.551634
4.562591
4.749054
4.295731
4.391254
4.3454447
4.60661
4.457803
4.4424324
4.79052
4.5078926
4.621624
4.615236
4.500516
4.392752
4.346922
4.561006
4.324358
4.475357
4.3090177
4.330691
4.1062603
4.5230355
4.282431
4.1598644
4.2285967
4.3651724
4.264224
4.4193234
4.255944
4.0251164
4.318944
4.30548
4.14214
4.2044625
4.1743975
4.1314116
4.1008983
4.013519
4.1326556
4.0387206
4.009561
3.832926
4.1842866
3.870576
4.0967693
4.1187625
4.194071
4.057464
3.9337735
4.225135
4.0439653
4.105297
4.262929
3.8583753
4.1105084
4.059716
4.065593
4.4727807
4.0500646
4.046645
4.162895
4.0011106
3.9900775
4.1015143
3.9555595
4.1102905
3.769476
4.123139
4.0644946
4.1832685
3.9596372
3.9912694
3.895002
4.1086597
3.782221
4.007937
3.9988325
3.9023514
4.186645
3.9639134
3.9209971
3.9533231
3.9938178
3.7908804
4.054492
3.9530709
3.9168794
4.1213217
4.0979295
3.8687985
3.9658146
3.8023002
3.9090796
3.6727884
3.732255
3.6881833
3.8701556
3.5904996
3.79684
3.9233744
3.9161265
4.1420584
3.8856857
3.9592915
4.124132
4.0402913
3.8842912
3.8723545
4.042806
3.9317374
4.09707
3.9524913
4.0236716
4.0303235
3.9923058
3.9379954
3.7336073
3.6586385
4.160979
3.908623
3.7141678
3.8416276
3.751614
3.7261384
3.8824496
3.7226584
3.6667008
3.8808455
4.1455
3.8528926
3.980649
3.865399
3.5885365
3.7600214
3.5114236
3.5094259
3.6617603
3.496317
3.4546258
3.7510664
3.5744941
3.577636
3.5362248
3.6557655
3.5333395
3.452067
3.5258296
3.6379306
3.399495
3.622958
3.8284204
3.525074
3.4945424
3.650649
3.4571526
3.290935
3.287706
3.5597656
3.507257
3.559269
3.4124162
3.919946
3.6342509
3.713701
3.4683254
3.388654
3.5095184
3.4265535
3.6913612
3.48918
3.328966
3.4387126
3.385671
3.3194795
3.4729674
3.4104526
3.3198266
3.3339732
3.3576195
3.3864195
3.407002
3.3955846
3.5159955
3.284005
3.3491514
3.2098005
3.4436352
3.4997416
3.344658
3.4059985
3.2239473
3.5070765
3.4115195
3.5029874
3.3411484
3.4032955
3.2885354
3.2131145
3.360883
3.1768966
3.331201
3.259935
3.1775525
3.2450345
3.0122857
3.3440804
3.285398
3.2350783
3.3388178
3.3111417
3.185749
3.1274085
3.3611076
3.504558
3.1629581
3.3267171
3.135988
3.3622792
3.4289196
3.1719215
3.2650394
3.510605
3.430631
3.3328605
3.172
3.2567918
3.2320194
3.272202
3.1581094
3.3811576
3.3004587
3.240639
3.280625
3.0522532
3.47648
3.112544
3.3564165
3.361038
3.2166407
3.315242
3.2228506
3.1534042
3.129276
3.372294
3.1813753
3.1373856
3.1037354
3.149024
3.0321133
3.1297405
3.349079
3.1303785
3.2322543
3.5507157
3.214829
3.0983694
3.1894333
3.2336526
2.9775815
3.1834054
3.2205229
3.0701945
3.010297
3.1396747
2.963577
2.953658
3.0010417
3.0372167
2.886834
2.9767075
3.1111205
3.200152
2.981488
3.3278553
2.989027
3.0244784
3.05737
2.808064
2.992583
2.9509647
2.8789403
2.9401138
3.1119382
3.0086467
2.893253
2.9419396
3.1973953
2.88009
3.059638
3.0658329
3.275641
3.1926541
2.8763015
3.0743692
2.9029086
3.0031252
2.930165
3.007148
3.102416
3.192552
2.8382227
3.179321
3.1624095
3.0814872
3.0019336
3.0400038
2.972498
3.0501122
2.9526374
2.947611
2.9354718
3.2613273
3.0160625
3.0310879
3.0143197
3.0533519
3.0341537
3.1269977
3.039523
2.9276757
3.0765805
2.8952267
3.0857522
2.8276973
2.9345756
2.8591583
2.9345415
2.7067583
2.9152963
2.9372773
2.9937847
2.9493206
3.052549
2.9651961
2.9593284
3.1072404
3.0395694
2.932607
2.9655132
3.103055
3.0550718
2.9242926
2.966042
3.0625913
3.0413775
3.3743496
2.8039706
2.96465
3.2313294
2.820044
3.060873
2.7702644
2.859026
2.8938744
2.9861684
2.780792
2.8600335
2.6820297
2.760749
2.910966
2.692743
2.7708092
2.8272538
2.972648
2.8788285
2.961754
2.881421
2.750763
2.758806
2.9516492
2.7033398
2.8496795
2.861936
2.9835598
2.860516
2.9783492
3.0494456
2.910809
2.8243096
2.9363055
2.963203
2.8725362
3.0002599
2.8283484
2.6888485
2.8665872
2.8852332
2.7386
2.7063146
2.7600126
2.650538
2.723477
2.6635435
2.6690254
2.784621
2.658167
2.599008
2.590504
2.3938656
2.6328475
2.6614795
2.4917545
2.533922
2.611891
2.633856
2.6552744
2.556358
2.52024
2.5742645
2.566375
2.6489825
2.5452144
2.6248932
2.7096086
2.515699
2.858388
2.7809224
2.71818
2.6957521
2.5322707
2.8492105
2.595925
2.4672954
2.598928
2.8066752
2.4565685
2.5548384
2.674145
2.5371766
2.853525
2.5398288
2.859262
2.6627924
2.5850449
2.424626
2.560848
2.5187588
2.5862656
2.5158358
2.5372036
2.5708776
2.569701
2.5223062
2.5535164
2.488443
2.4625506
2.58377
2.3937204
2.4644825
2.4495668
2.5104856
2.507831
2.4835877
2.426279
2.4840167
2.5124362
2.5170527
2.611035
2.4747365
2.4620717
2.3917954
2.6182404
2.7656295
2.6856015
2.576263
2.6924956
2.725728
2.5145855
2.595075
2.4886823
2.370578
2.535323
2.6910346
2.6706765
2.5616374
2.5251825
2.5350924
2.5968652
2.4014232
2.593773
2.7705936
2.4395432
2.3856037
2.3883233
2.5082395
2.6500275
2.533623
2.4010816
2.5269685
2.5929198
2.6886826
2.6018274
2.6810236
2.470333
2.434337
2.5007262
2.561458
2.5173337
2.6143963
2.601332
2.5639725
2.5106685
2.457875
2.5091565
2.7321162
2.538741
2.5231578
2.4946394
2.5933511
2.4812324
2.545192
2.4527538
2.549161
2.460656
2.432357
2.3918405
2.559637
2.544097
2.4588594
2.4577918
2.449263
2.3176258
2.417633
2.415705
2.3175745
2.5321898
2.4984965
2.2052917
2.498816
2.5020914
2.4283755
2.4189327
2.4729326
2.326245
2.677702
2.356501
2.5795279
2.509952
2.6425066
2.433402
2.4242878
2.5592365
2.4773645
2.3816373
2.2519467
2.454114
2.272262
2.3361845
2.2940993
2.3472614
2.2821977
2.39495
2.4218428
2.484022
2.277883
2.347762
2.3808084
2.428477
2.3801908
2.4167714
2.4157245
2.405052
2.4638464
2.3660884
2.259901
2.3255312
2.3458219
2.341582
2.4136863
2.252605
2.4642146
2.4556375
2.3448176
2.3322384
2.2363036
2.368483
2.4710126
2.320701
2.3434448
2.3118212
2.244654
2.498951
2.4624093
2.3773363
2.321348
2.3612857
2.308863
2.397589
2.424409
2.5046942
2.1101165
2.2020695
2.4219315
2.306851
2.185886
2.2446413
2.318086
2.344887
2.0969365
2.190413
2.2524245
2.38423
2.3246124
2.1636517
2.2585766
2.2923636
2.240343
2.2027512
2.2967825
2.2660027
2.3058252
2.245848
2.2227767
2.4396682
2.3765464
2.315022
2.218536
2.230913
2.4041595
2.3163655
2.4149735
2.3888595
2.4007604
2.5576835
2.335316
2.3425565
2.2909884
2.3616564
2.4668314
2.281861
2.508736
2.444337
2.396092
2.4679494
2.2037275
2.4438448
2.3190203
2.2781968
2.3225696
2.3019655
2.263885
2.184733
2.2861764
2.4396
2.3257375
2.2987988
2.2163045
2.2121387
2.299233
2.4302268
2.3165977
2.2653842
2.219124
2.1484642
2.472734
2.2244544
2.2424304
2.2048886
2.4083414
2.35954
2.2848685
2.206809
2.0182471
2.321105
2.292518
2.372153
2.2633686
2.178447
2.1430304
2.2474532
2.269397
2.2190762
2.285928
2.2246852
2.2937856
2.2051778
2.2750325
2.1921606
2.2563
2.317949
2.3419936
2.127664
2.30426
2.178284
2.323966
2.1993017
2.094672
2.357453
2.1685433
2.3472762
2.242043
2.3193376
2.2155719
2.2718525
2.343132
2.2801917
2.235873
2.0985124
2.3238626
2.2510145
2.3352656
2.229453
2.3028905
2.1514482
2.156777
2.127942
2.174858
2.2724576
2.1162994
2.1370275
2.178904
2.346183
2.2120705
2.2151847
2.0520175
2.1762624
2.1359086
2.3548515
2.1178262
2.237355
2.056504
2.1628335
2.152416
2.1131902
2.1690216
2.192198
2.275995
2.0332222
2.259713
2.0703986
2.1617005
2.2374585
2.0568361
2.271449
2.242929
2.0441048
2.0488448
2.2279732
2.153397
2.0990129
2.0954752
2.2730396
2.2194624
2.2326777
2.2760873
2.114328
2.0695868
2.108265
2.2735524
2.136333
2.1611612
2.2252927
2.0365522
2.0704598
2.1171324
2.2272155
2.008682
2.2393296
2.136364
2.0806327
2.1577764
2.3410969
2.115398
2.2439244
2.159147
2.1901796
2.2715695
2.2177644
2.2521412
2.0093083
2.32694
2.2077396
2.0491233
2.0947547
2.14081
2.347607
2.3022103
2.127536
1.9969568
2.1436467
2.126026
2.3925824
2.0774198
2.1383326
2.2642303
2.1023417
2.104515
2.2015243
2.1578956
2.1670036
2.0769193
2.159632
2.44054
2.2043014
2.1425889
2.210319
2.108992
2.1418242
2.0061922
2.1753488
2.3771372
2.008322
2.1374016
2.266663
2.109473
2.1325662
2.0570264
1.9985944
2.035262
1.9548081
1.943654
1.8582754
2.0553176
1.9627697
2.2023206
2.276196
2.018937
1.926871
2.0146835
2.0803628
2.0510087
2.0833766
1.9171168
2.0529552
2.0855052
2.0136619
2.0460904
2.1875606
2.0891986
2.102792
2.153432
1.9200932
2.1410606
2.263202
2.1139624
2.2161994
2.2148955
2.3481934
2.0423143
2.0466723
2.3169625
2.1918528
2.115207
2.1191795
2.2232444
2.1828234
2.2074018
2.2496598
1.9856447
2.1044772
2.0654237
2.1095636
2.0819435
1.9679219
2.013016
1.9560564
2.1478884
1.9855915
1.9894545
2.1399045
1.970925
2.0743299
1.9548032
2.0052774
1.987235
2.1455455
2.0488234
2.0033922
2.0515976
2.1197495
2.0517342
1.9968464
1.9271603
2.0197046
2.091339
1.9653423
1.9270625
2.0952806
2.158753
2.0112991
2.105983
2.0934992
2.0462716
2.081422
2.0927758
1.9731815
2.1157434
2.1525683
1.9984727
2.186683
2.166249
2.1689773
1.9241198
2.109838
2.0965252
2.125883
2.0172284
2.1369798
1.9153764
2.0433648
2.127818
1.9332305
2.0238707
1.9788288
2.175297
2.2564914
2.0578594
1.9664409
1.9225867
2.0493257
2.1243281
2.1576884
2.0220962
1.9588437
2.118377
1.9528888
2.0039937
1.9334472
2.0305758
1.8798708
1.9584113
1.998463
1.971551
1.9949117
2.2613168
1.9973783
2.0996466
1.9550267
2.1322684
2.1158342
2.0161624
2.04467
1.946641
1.9616178
2.0012138
1.994432
2.0231898
2.0041022
2.0226078
2.0360003
2.096106
1.9325725
2.183899
2.0199575
2.1152675
2.060744
2.0020587
2.062955
1.9122345
2.0181465
2.0037394
2.027077
2.0112753
1.920285
1.9243875
1.900841
1.994687
1.9493457
1.9137884
1.9594015
1.9157615
1.9337349
1.8257942
1.9365296
1.866016
1.9338455
1.981099
1.9245024
1.9991742
2.064021
1.9746132
1.9474546
1.9270877
1.9631516
1.9695584
1.9530357
2.0872254
1.9156778
2.0656128
2.0194526
2.0140643
2.0608902
2.0554516
2.0038192
2.0972183
1.9989097
2.142513
1.9570203
1.9686873
1.9092125
1.887086
1.9097149
2.066842
2.1012905
1.9369743
1.9224588
1.8782365
1.987322
2.0838363
2.0126715
1.9010915
1.9142339
1.9031079
2.0077224
2.2339275
1.997683
1.866938
2.0689368
2.0562322
1.9606733
1.9484216
1.9807705
1.921501
2.0901725
2.0161092
1.8735532
1.8161501
1.9580778
1.9032012
2.0703144
1.9101607
1.9258331
1.8745108
1.950192
2.058361
1.9763299
2.1250215
2.0534403
1.95965
1.9635786
1.8908818
1.9866297
2.0440493
1.9989095
1.9453957
1.8569286
2.0075827
1.9901153
1.8942899
1.9230528
2.017986
2.190231
1.8263812
1.9554483
1.8131893
1.879903
1.9997131
1.8516569
1.9802053
1.9771862
1.979974
1.873537
1.8975986
1.8588839
1.853195
1.8913698
1.9266013
1.9253466
2.0018842
1.9581169
1.887846
1.8046436
1.9497393
2.002722
1.8948505
1.8164946
1.9552177
1.8039893
1.9637333
1.8490628
1.9762903
1.9246078
1.9348735
2.0561802
1.9939142
1.9453795
1.9553132
2.0359318
1.9259627
1.9454255
1.9699199
1.8830909
1.8429333
2.0029593
1.9020398
1.9031793
1.9168032
2.198478
1.9918605
1.771101
2.013697
1.912231
2.308717
1.9742728
1.9072348
1.8165926
2.0289714
1.9569244
1.8759794
1.8209976
2.0072384
2.0253003
1.7955345
1.7810248
1.8981498
1.9306866
1.8770567
1.8330605
1.9286855
1.9399741
1.9164997
1.9767745
1.8859776
1.8126627
1.8846256
1.9569645
1.9263366
1.9564447
1.8685327
1.955864
1.90534
1.9324251
1.9860218
1.7955518
1.8774626
1.855517
1.8539275
1.9026523
1.945046
1.9952358
1.7797018
1.7499083
1.8882489
1.9918019
1.8478065
1.8150302
1.9162848
1.9138513
2.0272577
1.8638395
1.8236432
1.936628
1.9931
1.8081698
1.9286774
1.8198465
1.9414736
1.9854517
1.8438314
1.7655035
1.8205096
1.8645554
1.844341
1.8826786
1.8145448
1.9771745
1.8356193
2.0215445
1.8031316
2.0369399
1.8545258
1.966144
1.887193
1.8760304
1.8657082
1.8131309
1.9949373
1.8462434
1.8662252
1.9917407
1.8977655
2.0000525
1.925763
1.8492348
1.8612596
1.8774093
1.9276998
1.8675009
1.7956986
2.0104299
1.8174608
2.1705155
1.983977
1.9092417
2.0818398
1.9045756
1.8397796
1.9730754
2.0298882
2.2843242
2.1059086
1.9801306
2.094862
1.8974003
1.9774972
1.8712385
2.0444963
1.9001292
1.8716898
2.0914059
1.8424938
1.7748154
1.8677832
1.8696543
1.9249487
1.8390563
1.8132843
1.751429
1.827041
1.9254388
1.8790526
1.8935487
1.8497158
1.899309
1.8369532
1.8324137
1.8940632
1.7928464
1.8518071
1.9056722
1.8804293
1.9090751
1.8499522
1.8531193
2.0972135
1.9766002
1.733381
1.8514324
1.8017282
1.909663
1.8000637
1.8297915
1.7618233
1.9002675
1.936087
1.852314
1.8205745
1.852291
1.8989782
1.9262137
1.8455646
1.9253795
1.850686
1.9894832
1.8126962
1.788926
2.0344186
1.9072043
1.8298267
1.9818839
1.907533
1.7615256
1.7833887
1.7913338
1.9233983
1.8721172
1.7471952
1.7463636
1.8174665
1.8526015
1.8862333
1.9718503
1.8911155
2.0013928
1.9615755
1.8151481
1.8614085
1.826229
1.8434112
2.0918424
1.8021553
1.9347192
1.7793792
2.0028558
1.8648545
1.8707857
2.0305448
1.9906733
1.8741622
2.0079236
1.8445443
1.8251876
1.922839
2.0290775
1.8123502
1.8535755
1.8936656
1.9140183
1.9253935
1.800709
1.8381683
1.9469532
1.9584736
1.7577035
2.0243015
1.9757117
1.9112439
1.8632069
1.7755674
1.9621395
1.7700593
1.7825783
1.8504692
1.80193
1.927773
1.8499187
1.843499
1.7693716
1.7969877
1.7933544
1.7684529
1.7692333
1.8366253
1.9454317
1.8081417
1.9134622
1.9798437
1.8500617
1.8828058
1.9528435
1.8904747
1.8282412
1.8966173
1.9304678
1.7735868
1.8384987
1.779512
1.8162632
1.9189004
1.9727199
1.8444129
1.8520087
1.8395202
1.8441391
2.0040803
1.900529
1.9172153
1.9388771
1.8743217
1.8994975
1.8230965
1.867247
1.8369485
1.810764
2.0146425
1.7807387
1.774454
1.976881
1.9593202
1.8161372
1.9808438
1.8894745
1.7915949
1.7438922
1.8887635
1.8756722
1.8802298
1.9217592
1.924073
1.8928719
1.9598082
1.8011242
1.8609879
2.1533887
2.0070784
1.7374704
1.7163787
1.8719885
2.0158477
1.8293176
1.827188
1.8666632
1.8863844
1.7681171
1.9007615
1.7123183
1.8772722
1.8014449
1.7994485
1.9316528
1.8395877
1.7120261
1.8538179
2.1180742
1.8443354
1.8963045
1.8651474
1.8714968
1.7958437
1.8239148
1.8165296
1.7344311
1.8490245
1.9047505
1.947132
1.8378677
1.8035122
1.817394
1.8397105
1.9868945
1.7828505
1.7026157
1.8071941
1.8609335
1.9361312
1.7628046
1.8303902
1.8278179
1.8770043
1.837635
1.8926667
1.8498458
1.7643499
2.0125933
1.8900383
1.7598778
1.7520709
1.8064808
1.7936043
1.9375796
1.8228891
1.6948215
1.8667438
1.8102808
1.7476175
1.7788308
1.7447319
1.7449021
1.8084263
1.8517634
1.7751255
1.969641
1.8162606
1.8628801
1.946249
1.7439024
1.7531011
1.79088
1.8088992
1.837477
1.8281018
1.8139372
1.9031935
1.8269185
1.9921458
1.8967134
1.7496055
1.6911182
1.9737283
1.9294492
1.814746
1.7182448
1.9033517
2.0211399
1.7558459
1.7935797
1.9090054
1.8615041
1.7349465
1.7859676
1.69392
1.7889109
1.7094525
1.8234477
1.7468894
1.7591467
1.7780987
1.7614063
1.7187527
1.8004438
1.8172882
1.7777739
1.7839037
1.8841516
1.7550654
1.8350443
1.8407692
1.8072741
1.8499312
1.746618
1.76275
1.8183362
1.8789905
1.966676
1.7608116
1.7032863
1.7015502
1.8588971
1.925718
1.8722953
1.726747
1.764015
1.7071724
1.8360579
1.9138675
1.8852435
1.7023792
1.6837926
1.8747519
1.8920435
1.8364798
1.797588
1.698954
1.8368043
1.9591856
1.907037
1.7980425
1.9455814
1.8187753
1.681628
1.8793086
1.8685855
1.7929552
1.7802408
1.7140623
1.7698262
1.8587117
1.7740942
1.7039508
1.7500739
1.7473067
1.7901647
1.8299339
1.746876
1.8973644
1.8405894
1.8166074
1.7349575
1.787922
1.8389876
1.8427291
1.8005689
2.003217
1.8833201
1.7688682
1.8531123
1.839005
1.8109063
1.8755565
1.8573767
1.80945
2.0219746
1.8982912
1.7867148
1.741636
1.8717172
1.787119
1.9157484
1.7202238
1.7558113
1.7926435
1.7023773
1.7858454
1.7438476
1.6622678
1.7172638
1.8511467
1.6988565
1.6568289
1.6931448
1.8341337
1.7943692
1.920723
1.7292528
1.7967244
1.9024224
1.904267
1.7216244
1.7657695
1.8846557
1.7694482
1.774645
1.7265987
1.9577905
1.7017126
1.75763
1.9469932
1.8205928
1.7179787
1.7694987
1.7547052
1.7658944
1.7795025
1.6683974
1.8070523
1.6734118
1.703656
1.731649
1.7632937
1.7765433
1.7232426
1.6411828
1.7565628
1.69694
1.9004867
1.9079592
1.821189
1.8130482
1.8451318
1.7874695
1.7252169
1.7147267
1.7675326
1.7707462
1.7308165
1.8155128
1.7151582
1.7488995
1.991725
1.7793043
1.7244132
1.8771592
1.8180058
1.8928808
1.9681457
1.7937332
1.8685981
1.8771158
1.8035141
1.7324595
1.750621
1.6836439
1.7031165
1.7470084
1.8255349
1.8597977
1.655733
1.8687044
1.7727854
1.925175
1.6894516
1.7519015
1.746963
1.8915617
1.8535218
1.851948
2.0185418
1.7764726
1.755489
1.9670924
1.8582453
1.7189629
1.6561542
1.7274052
1.8898927
1.7325197
1.7581061
1.7876375
1.6279461
1.7443384
1.6679219
1.739288
1.695202
1.8034735
1.6593755
1.6438129
1.7347875
1.770813
1.7886397
1.7299322
1.716047
1.6903328
1.7770114
1.8177948
1.7594806
1.9558231
1.7545701
1.7070732
1.7603732
1.8463367
1.7779143
1.767731
1.7406007
1.7791988
1.7836078
1.6809635
1.713311
1.6935142
1.7544315
1.7009035
1.7066592
1.713054
1.6977454
1.6922108
1.7528253
1.7399095
1.765945
1.8093851
1.8223047
1.7034917
1.7405635
1.7082615
1.7060215
1.7356575
1.8163928
1.6794248
1.7497282
1.8343079
1.8105958
1.6610475
1.7748543
1.7509894
1.7783254
1.6726385
1.7249904
1.6393483
1.6630827
1.8096136
1.663069
1.8034272
1.8608108
1.6622579
1.7910705
1.6945528
1.7538906
1.7747381
1.661535
1.6522964
1.6555655
1.8266199
1.695998
1.7516563
1.7279946
1.6716094
1.6330074
1.8201617
1.698408
1.7605405
1.7388004
1.6568962
1.6659486
1.7496475
1.7655782
1.6121361
1.6918538
1.7607137
1.7275628
1.773496
1.8071629
1.7580072
1.7895284
1.901423
1.7282848
1.9822873
1.741532
1.6632807
1.7359633
1.7585669
1.775903
1.7299346
1.7592467
1.7157195
1.7153594
1.8386728
1.63676
1.667357
1.7821342
1.6706822
1.7995275
1.7151706
1.6927905
1.8219295
1.728823
1.6458439
1.6884722
1.7095038
1.7649095
1.724611
1.7745265
1.7756255
1.6988186
1.8761116
1.9680666
1.710243
1.8060825
1.7365967
1.7693977
1.6860125
1.8520082
1.8368951
1.6793454
1.7268287
1.7110168
1.6716304
1.6602204
1.6672381
1.6601019
1.6384517
1.6787299
1.6843948
1.6500587
1.6762433
1.7844648
1.6948663
1.8171709
1.7486823
1.7788543
1.741673
1.7769955
1.7449806
1.7391522
1.7832795
1.8380073
1.7928977
1.7438648
1.786353
1.7670459
1.908601
1.7434994
1.8651063
1.6860697
1.6880503
1.698888
1.9978614
1.6709394
1.7529866
1.7878693
1.6404445
1.7869314
1.8011088
1.6662277
1.6740953
1.71543
1.8250095
1.8081918
1.7621464
1.7368083
1.6933806
1.715039
1.7211354
1.8346632
1.8135072
1.6367242
1.698735
1.8252147
1.8750366
1.7375028
1.7000346
1.7311985
1.7411572
1.7721187
1.8584578
1.6755133
1.8124952
1.7564353
1.8379931
1.7287045
1.6762165
1.7392029
1.6969506
1.7298408
1.6635215
1.8270103
1.7903092
1.6904852
1.6389812
1.769586
1.7178581
1.7311645
1.6682259
1.720116
1.6977956
1.713671
1.6777515
1.7213957
1.6370136
1.6835285
1.7271148
1.6433225
1.6370368
1.7642719
1.8416219
1.7690872
1.7225151
1.6127175
1.7257155
1.7581213
1.7747109
1.7665234
1.6572658
1.8027569
1.802821
1.6665746
1.6455996
1.6868968
1.7682246
1.6467363
1.7402455
1.631804
1.774257
1.688361
1.6277137
1.7370102
1.7426057
1.7373627
1.7143037
1.6287205
1.770239
1.7149693
1.7307078
1.6830523
1.6587403
1.7551568
1.6634803
1.893169
1.7696744
1.7161952
1.7653543
1.6751196
1.7923521
1.6948762
1.704054
1.7236365
1.637031
1.774648
1.653422
1.7131449
1.704129
1.7416589
1.7626479
1.6949028
1.7443784
1.8210565
1.7311295
1.7092242
1.7847438
1.7553524
1.6116967
1.8198504
1.7706677
1.8378853
1.7115135
1.6896042
1.722207
1.7057737
1.6332425
1.7333885
1.7294248
1.7305442
1.6971687
1.7392725
1.6220187
1.6271391
1.8005085
1.6792945
1.7093058
1.719331
1.8130047
1.7534102
1.9121715
1.7889063
1.6911815
1.6646878
1.728954
1.7329413
1.7517587
1.6710935
1.6907955
1.7655327
1.6757416
1.6971887
1.8180081
1.6806208
1.7093513
1.7160342
1.6548532
1.742052
1.7815592
1.7438205
1.7599788
1.7167779
1.7612644
1.8304788
1.959558
1.7565267
1.7124293
1.6808307
1.8560886
1.6520858
1.6658311
1.7557533
1.7081238
1.6636032
1.7067045
1.6967405
1.6900357
1.6030165
1.600428
1.74061
1.7031567
1.6304356
1.6460137
1.6693985
1.6968131
1.6549655
1.754005
1.6755815
1.7017897
1.7060175
1.8121692
1.7662
1.712817
1.683431
1.8146191
1.8392262
1.7399126
1.709578
1.7640811
1.7198428
1.7322484
1.664409
1.7205484
1.794637
1.6884588
1.7608032
1.6524975
1.7527097
1.8020643
1.6984367
1.6852398
1.6163
1.9341326
1.7607721
1.694633
1.8321295
1.7049818
1.6623117
1.894097
1.7098198
1.7151383
1.7045503
1.7618731
1.7710915
1.649661
1.7714454
1.6773239
1.6244608
1.6854448
1.7214984
1.693766
1.7675748
1.673716
1.6970347
1.7498262
1.6567584
1.6434144
1.7301748
1.6680732
1.7031486
1.691475
1.7065778
1.6492639
1.7210968
1.6335726
1.7840949
1.705687
1.7274427
1.8445375
1.7899042
1.7238847
1.7230791
1.6977097
1.7746773
1.9217157
1.7474312
1.6824768
1.6388748
1.7920974
1.917953
1.8284582
1.6573505
1.8024485
1.9283433
1.9048305
1.7315987
1.7122103
1.9689012
1.993238
1.8389426
1.6908898
1.6257253
1.7286648
1.7894005
1.8750502
1.8504562
1.8149763
1.7147846
1.81582
1.7288527
1.7740463
1.7304095
1.7841611
1.7371917
1.8163728
1.7791445
1.6783006
1.7642345
1.6733421
1.7873586
1.6229815
1.6492962
1.6654698
1.7617038
1.6434015
1.7495325
1.6771127
1.6666306
1.7156255
1.7511482
1.6476423
1.6495253
1.6257929
1.6400179
1.709332
1.6684197
1.8260082
1.6349373
1.6107895
1.6512008
1.6710664
1.6742786
1.615222
1.685159
1.6815712
1.6180975
1.6888753
1.6364045
1.6910743
1.6715282
1.6907884
1.7279345
1.6080996
1.6340884
1.6392174
1.6441218
1.7418952
1.7775213
1.694757
1.7235676
1.7018502
1.6797465
1.6605418
1.7466426
1.7743258
1.6228557
1.7758937
1.6252736
1.7187399
1.6783518
1.7026849
1.6531953
1.714584
1.7214963
1.6785764
1.6694419
1.690303
1.7125359
1.7287565
1.7124491
1.6700137
1.6661447
1.7134866
1.686861
1.7462755
1.6548061
1.6639861
1.63381
1.6794738
1.6838717
1.6494305
1.632842
1.6995282
1.6254588
1.6423329
1.6380385
1.710102
1.6751944
1.799657
1.8180822
1.6281908
1.6485726
1.6314381
1.7361382
1.7228161
1.6199434
1.6700392
1.6766325
1.6719846
1.6667467
1.72526
1.6018376
1.5961255
1.6174661
1.7035992
1.6267958
1.6816988
1.74433
1.6999419
1.644247
1.6796694
1.68355
1.664454
1.7642899
1.702335
1.7133645
1.659458
1.8082633
1.7824475
1.6470797
1.6646429
1.7061118
1.6392944
1.6062422
1.6367786
1.6853241
1.609147
1.6601294
1.6757369
1.6092303
1.7187392
1.6804235
1.7197827
1.6855202
1.673105
1.7141945
1.644452
1.7464738
1.7300079
1.7161517
1.7698631
1.6761026
1.7827984
1.6570116
1.8084658
1.6230857
1.6079953
1.6479815
1.7116327
1.7430673
1.627972
1.6529063
1.633364
1.7128484
1.6794758
1.5941038
1.6908205
1.6564913
1.7796087
1.7019885
1.6480522
1.6307673
1.787737
1.7808332
1.7261199
1.7055398
1.6853797
1.7371215
1.8401806
1.6343626
1.7173269
1.6696033
1.790495
1.69204
1.6492532
1.8114302
1.7331523
1.746939
1.8427215
1.7888317
1.8146915
1.6321592
1.6676265
1.8244066
1.8802749
1.6493845
1.6609335
1.666775
1.652417
1.6361663
1.6697962
1.7268944
1.6879188
1.6694767
1.676387
1.7002238
1.6806624
1.6940236
1.6561867
1.788028
1.6757722
1.6689427
1.699115
1.6411992
1.6026583
1.7248793
1.639078
1.653756
1.6081071
1.6474197
1.6790106
1.681171
1.7079537
1.7160664
1.5996567
1.6362884
1.6512688
1.6569443
1.7685448
1.7083825
1.6147054
1.6583295
1.6673245
1.608854
1.7007754
1.6958742
1.7528161
1.6179668
1.6247993
1.743613
1.6873332
1.7944624
1.658112
1.6782501
1.6978482
1.7693586
1.6581705
1.6383388
1.6856748
1.6222602
1.5980674
1.6922686
1.7607535
1.6637664
1.641866
1.6252995
1.6638522
1.6644442
1.704655
1.6558865
1.616785
1.6371728
1.8062153
1.640594
1.6304988
1.6992568
1.6300654
1.6467179
1.7218835
1.6154265
1.6507293
1.6299045
1.7459457
1.5683012
1.6792885
1.7679262
1.7001069
1.6584367
1.707758
1.7846065
1.7500236
1.721072
1.7562557
1.7231085
1.6904836
1.8400965
1.7252254
1.6381598
1.6192129
1.6807123
1.6833773
1.6512778
1.6808505
1.697487
1.6617185
1.6183088
1.624391
1.6809052
1.6481063
1.6507621
1.646223
1.7311282
1.684598
1.6720889
1.6714356
1.6565131
1.7032655
1.720679
1.7810625
1.7479783
1.6104206
1.6499093
1.7256474
1.7030975
1.7403426
1.6981658
1.6171211
1.6566695
1.7193975
1.6679549
1.6843305
1.7232888
1.6527537
1.6251477
1.5882277
1.7848687
1.6737435
1.7915975
1.7019603
1.7333186
1.6944475
1.7172112
1.6496346
1.6810427
1.6563596
1.7361969
1.6364536
1.6414031
1.8082409
1.701487
1.680057
1.6555083
1.683142
1.8144462
1.579931
1.6811627
1.6365738
1.7020372
1.7527254
1.6758168
1.6641304
1.7479244
1.6417749
1.6935449
1.6873085
1.8362292
1.6857345
1.7351859
1.694025
1.7400466
1.7482423
1.7133433
1.6451638
1.6603358
1.6616338
1.6889529
1.7282065
1.6499239
1.6171843
1.6788015
1.6233728
1.7606292
1.6430358
1.5851222
1.7743025
1.6650223
1.7222402
1.7393003
1.6679686
1.8274325
1.7909361
1.615278
1.7841516
1.674332
1.6626748
1.639271
1.6217767
1.6349442
1.6235558
1.6880574
1.6595721
1.6712347
1.7454958
1.6562593
1.6137695
1.757073
1.6498169
1.6608975
1.6457431
1.6398457
1.6503463
1.6380415
1.6113296
1.6946956
1.6211534
1.7263212
1.7723866
1.5978013
1.646125
1.6424768
1.6694307
1.7171992
1.7012502
1.6174939
1.6171017
1.5928787
1.7617402
1.6305714
1.7290481
1.6287483
1.6855515
1.7117305
1.7464595
1.7934493
1.6622975
1.7183825
1.7720814
1.7639165
1.6404897
1.7489209
1.788348
1.641319
1.7357346
1.5937892
1.6130283
1.7450744
1.6044695
1.670939
1.6254581
1.6710762
1.694944
1.650858
1.6995298
1.634066
1.6867887
1.669198
1.7349647
1.7460582
1.6839181
1.5882096
1.7621381
1.6607802
1.6697884
1.6874877
1.574925
1.5919853
1.5724328
1.6528968
1.678117
1.7587254
1.730544
1.7192452
1.6925652
1.6935153
1.8002168
1.7593708
1.6985372
1.8186315
1.697241
1.6890526
1.6162137
1.9468312
1.6526842
1.7169766
1.8529761
1.9515585
1.6424638
1.5905697
1.7407143
1.64148
1.7780584
1.7850025
1.805101
1.6645303
1.7424293
1.744271
1.6650982
1.7140267
1.6061692
1.6332297
1.7016157
1.650407
1.627787
1.6710958
1.6807035
1.6811873
1.7167598
1.6937157
1.6653237
1.7244568
1.6170646
1.5891031
1.6215031
1.6299995
1.671857
1.6367415
1.6527325
1.6199337
1.6030623
1.6608628
1.606078
1.599676
1.7263024
1.6032628
1.6421082
1.7238538
1.624151
1.6240155
1.6586765
1.6710253
1.6670024
1.6822065
1.6383861
1.6175096
1.6683258
1.6633224
1.6489285
1.6170542
1.6369946
1.5970292
1.7113333
1.6412878
1.5959299
1.613393
1.6538283
1.7848892
1.8223044
1.6436639
1.6958636
1.5965712
1.6307567
1.6648935
1.753166
1.6255594
1.5764447
1.6787741
1.6153295
1.6528622
1.7761745
1.603349
1.7009887
1.6376507
1.7012205
1.611709
1.6288912
1.7046608
1.6851885
1.6518062
1.7361968
1.7074102
1.6874415
1.61102
1.6165007
1.7392727
1.7274586
1.6657515
1.6314465
1.6316644
1.8320476
1.6780423
1.6643001
1.6167339
1.6818688
1.6761745
1.6449374
1.672064
1.6801699
1.6907156
1.6420532
1.701561
1.6475213
1.620761
1.5979384
1.623132
1.5864795
1.7424685
1.6639708
1.709931
1.6552798
1.6379777
1.7140228
1.6246203
1.683942
1.6994077
1.7333643
1.6624383
1.8113515
1.6467417
1.7609217
1.792408
1.7300488
1.6991014
1.5961418
1.8484925
1.6564863
1.6731658
1.7310375
1.8180689
1.6213433
1.7381933
1.6505723
1.6843005
1.7889072
1.6708747
1.695387
1.6451151
1.6170117
1.8524537
1.7313398
1.7318628
1.6473242
1.6507088
1.7323359
1.6930987
1.7352531
1.67089
1.6142392
1.6103278
1.6977053
1.7224318
1.6649885
1.6015167
1.6756327
1.5764382
1.601498
1.6620625
1.7001252
1.678759
1.6749225
1.6100848
1.6687385
1.6640078
1.7675045
1.6688547
1.6502316
1.6508172
1.7549212
1.6020234
1.8369321
1.6304662
1.7142125
1.6900632
1.7152548
1.6286004
1.7219987
1.6489383
1.6361191
1.6363425
1.596499
1.6790872
1.6593314
1.6179982
1.6924387
1.6301929
1.6276938
1.6358157
1.6607168
1.6198995
1.6901636
1.6122957
1.6105376
1.6815579
1.5957285
1.6785165
1.6444969
1.6297963
1.606356
1.6872678
1.698682
1.7982265
1.6035212
1.697135
1.744146
1.649896
1.6403453
1.5928756
1.6810207
1.7745829
1.699366
1.6637009
1.6406546
1.6744292
1.6903409
1.680034
1.6179955
1.5891473
1.747216
1.7423538
1.6636467
1.6928004
1.6562662
1.6422212
1.6611235
1.6503452
1.7083832
1.649069
1.7426845
1.6342368
1.6560522
1.714849
1.6464252
1.6576734
1.6369005
1.7082767
1.6202149
1.650091
1.6677513
1.6997005
1.6287057
1.686469
1.7781267
1.606028
1.6206185
1.5700982
1.666153
1.6872252
1.5934904
1.6283281
1.612301
1.7230844
1.6864867
1.6384528
1.6061982
1.7558311
1.771589
1.5740037
1.5871053
1.6609807
1.763978
1.6737243
1.6849138
1.6778094
1.683507
1.8080758
1.6801287
1.6528553
1.5760868
1.6426476
1.63934
1.5890592
1.6237742
1.6901088
1.6891253
1.6624895
1.6631707
1.6560185
1.6452178
1.711113
1.5881363
1.6180687
1.5907215
1.6515745
1.6564596
1.6969954
1.6126262
1.6475275
1.628944
1.6223179
1.6832104
1.6554326
1.6753262
1.6100925
1.6414415
1.7054323
1.6890115
1.7337376
1.6510992
1.5740367
1.6782184
1.6318743
1.6905766
1.668514
1.6373609
1.6935482
1.6851171
1.6665163
1.6372062
1.8124758
1.637243
1.6438878
1.6181289
1.6477355
1.7214797
1.609685
1.6372257
1.6863463
1.6322472
1.6892452
1.6326832
1.5905697
1.6196005
1.5783014
1.6660092
1.6598557
1.5924951
1.5874094
1.6132854
1.6505272
1.5988402
1.7441585
1.6202557
1.5937638
1.6898723
1.6990266
1.6907737
1.5859643
1.642321
1.6572105
1.681816
1.6122006
1.6641552
1.6594913
1.6390468
1.8693291
1.6941205
1.7593625
1.5980037
1.5825279
1.6856163
1.7444303
1.779187
1.7226601
1.8065412
1.7046424
1.6116213
1.8503002
1.8405402
1.8477898
1.5989795
1.590985
1.5989876
1.6701564
1.8548576
1.6395607
1.6174229
1.6281769
1.5864197
1.6426035
1.7019861
1.6294186
1.5933003
1.6379524
1.6338706
1.6370918
1.6440878
1.6437073
1.5663939
1.7453085
1.6583601
1.6100813
1.6230395
1.6332834
1.6440104
1.5768467
1.6225014
1.6035495
1.6584793
1.667421
1.6380849
1.6854303
1.6684213
1.585374
1.6113914
1.7755564
1.5780736
1.6301408
1.585645
1.6738588
1.7077653
1.6250948
1.7204502
1.6532942
1.7706821
1.7965122
1.6221915
1.6405104
1.7248952
1.6887754
1.8969662
1.7639453
1.7481085
1.6642019
1.8990986
1.679888
1.6684548
1.6414503
1.6931767
1.5965556
1.7397122
1.6143903
1.7062278
1.6812656
1.5997485
1.8076966
1.5822607
1.6530665
1.7575724
1.7739433
1.7211207
1.6592027
1.6082859
1.6211171
1.701992
1.7279694
1.5980452
1.607781
1.6259525
1.5655057
1.6408077
1.5913274
1.6655794
1.5969267
1.5959526
1.7021455
1.5920395
1.6503446
1.6695563
1.662832
1.6460028
1.5971969
1.7193828
1.6484393
1.6737335
1.71318
1.7408557
1.6671886
1.6455797
1.7450315
1.702243
1.6322526
1.6353188
1.6654264
1.6268339
1.6162223
1.5840771
1.5931771
1.6509788
1.6217023
1.5720162
1.6617037
1.64325
1.565181
1.6691399
1.6072322
1.5769448
1.6588955
1.6041925
1.577594
1.6169877
1.6651509
1.580304
1.5677853
1.6529417
1.617615
1.5918748
1.6276848
1.5887055
1.5705546
1.6347474
1.6231675
1.740375
1.6827123
1.6417804
1.6847852
1.8630627
1.5758522
1.5896513
1.6246924
1.7264775
1.7122016
1.607611
1.6022898
1.5805688
1.6178105
1.673365
1.6476123
1.665887
1.6443
1.6223643
1.6425703
1.5728474
1.7218004
1.6083488
1.6302563
1.6354088
1.603241
1.6250272
1.680364
1.6826185
1.6763798
1.6522179
1.6391157
1.6095105
1.737724
1.6853273
1.6679014
1.62799
1.6064616
1.7243025
1.5756694
1.6554782
1.6175754
1.6385865
1.6648412
1.6174012
1.6140282
1.6398402
1.6346256
1.5929925
1.5974703
1.6304746
1.6602715
1.6641338
1.6513407
1.5834365
1.5648427
1.6625092
1.669259
1.6001105
1.5784731
1.6438155
1.6707108
1.6924115
1.6664898
1.6070745
1.6505402
1.6009496
1.6581428
1.6130172
1.6028161
1.5861533
1.6647302
1.5999367
1.5795795
1.5907701
1.6067374
1.6236513
1.5865471
1.6856683
1.6950693
1.6004187
1.7465513
1.8123155
1.7299434
1.6262616
1.6130472
1.722499
1.690884
1.6405625
1.6078874
1.5850778
1.5911144
1.6225473
1.733989
1.7515292
1.5855373
1.6903478
1.7186112
1.6988536
1.6951901
1.6306226
1.6784528
1.5613568
1.6605167
1.620775
1.5769224
1.627622
1.5808572
1.6961901
1.6749144
1.5948228
1.6086905
1.6334808
1.6596869
1.5708268
1.6746538
1.6393671
1.6006978
1.6442724
1.6064464
1.7671822
1.6181673
1.6915059
1.6096855
1.6001883
1.6562456
1.5566957
1.5914774
1.5880418
1.6913012
1.6272542
1.6137751
1.5754105
1.6252875
1.6582845
1.5969131
1.5958809
1.620111
1.6211869
1.6009012
1.654972
1.62138
1.5775669
1.637222
1.601185
1.6613885
1.6413689
1.573375
1.5644667
1.6617322
1.5644492
1.646975
1.6024432
1.5946018
1.6591053
1.6251652
1.6111097
1.5595115
1.732236
1.6527824
1.6588184
1.7336204
1.5697107
1.7565775
1.6418797
1.6733748
1.6520295
1.5799977
1.7420847
1.6423191
1.6901906
1.6713803
1.612394
1.7181861
1.7149768
1.7705526
1.6645045
1.570272
1.6844311
1.7479587
1.6280665
1.6146477
1.6242355
1.5957916
1.5696136
1.596055
1.6857647
1.6708492
1.6232127
1.6716583
1.646423
1.7555394
1.7758582
1.697739
1.616658
1.657859
1.6929917
1.6919874
1.5963609
1.569393
1.735412
1.6037966
1.6777724
1.602949
1.6012132
1.6080475
1.6538948
1.6506242
1.6820313
1.588722
1.6323482
1.6441854
1.637997
1.6415638
1.6094421
1.6074717
1.6638939
1.643922
1.6116858
1.6509492
1.6429411
1.6447688
1.6565727
1.6443118
1.6913637
1.7119215
1.5741265
1.6226201
1.6507667
1.6221484
1.6756196
1.575564
1.7094399
1.6429671
1.5997927
1.5837684
1.6381693
1.754633
1.6444991
1.6434021
1.6137489
1.6306559
1.6833903
1.7644796
1.663094
1.6023386
1.61248
1.6479325
1.7283378
1.5710635
1.6295197
1.648827
1.6689018
1.592295
1.5867218
1.6225445
1.7577978
1.745402
1.6625285
1.6986717
1.713037
1.7076157
1.7120682
1.6305817
1.6737002
1.5979055
1.6107415
1.5653664
1.5785185
1.6063361
1.6597333
1.6846505
1.6338655
1.717932
1.6471071
1.6477607
1.617169
1.6201725
1.6909523
1.6757926
1.6122472
1.6140351
1.6343645
1.6471351
1.6431144
1.6670603
1.7076372
1.7107468
1.7436887
1.6063608
1.6670725
1.6156641
1.7894394
1.7612282
1.6594168
1.6343572
1.6592753
1.618526
1.7336013
1.652738
1.582136
1.7147211
1.5866665
1.6159122
1.6302567
1.7394623
1.6153879
1.6002077
1.585917
1.607417
1.6700304
1.5779271
1.5757167
1.5927585
1.6248977
1.619024
1.6175175
1.7340764
1.6465856
1.599792
1.651941
1.6589966
1.600129
1.6320738
1.6767578
1.6300489
1.6272408
1.5706258
1.6157391
1.6399704
1.6073714
1.6087773
1.6082895
1.5822054
1.6702217
1.6933787
1.6266092
1.7020209
1.633338
1.6653517
1.6393181
1.6377478
1.6638077
1.6313772
1.581014
1.6688943
1.731416
1.6121867
1.6911379
1.6220565
1.5939038
1.5872635
1.5591639
1.6120118
1.7317865
1.6388968
1.622284
1.581998
1.5903027
1.5986574
1.5883875
1.6684725
1.6014156
1.6546615
1.6148835
1.6924948
1.7042058
1.6183517
1.5783722
1.648357
1.6932588
1.6229645
1.7284898
1.5730298
1.6252135
1.6289654
1.6836193
1.707054
1.585225
1.6285622
1.5565403
1.6537397
1.6329459
1.6158465
1.6765487
1.636476
1.5528443
1.6211617
1.7222621
1.6242832
1.6171308
1.5795842
1.6407484
1.614017
1.5876975
1.6601437
1.61171
1.5941098
1.611195
1.649698
1.7140516
1.63631
1.6370159
1.5900518
1.6164249
1.6658993
1.6431918
1.6671897
1.6975665
1.6117797
1.5729625
1.5844476
1.6153674
1.6873817
1.6276671
1.6791983
1.5641276
1.6387157
1.678252
1.6120833
1.7059861
1.630275
1.6198343
1.6379325
1.6435305
1.6561915
1.6067815
1.747446
1.573042
1.6381438
1.6827526
1.6638451
1.5929296
1.6337805
1.5805635
1.5832202
1.6116948
1.6460112
1.7009066
1.6237867
1.6275715
1.5778755
1.5676358
1.6056634
1.663695
1.6004286
1.5524048
1.6183279
1.71231
1.6113169
1.7156659
1.5854887
1.5938218
1.6138887
1.6478689
1.606547
1.6415632
1.6184739
1.5919231
1.6028274
1.6463156
1.6786854
1.7659984
1.6311021
1.610093
1.6447461
1.6147182
1.733449
1.6690322
1.644601
1.6333493
1.628351
1.7004396
1.730484
1.6226187
1.5849495
1.6320138
1.649208
1.5879935
1.5909306
1.5744909
1.5862364
1.659286
1.613956
1.577446
1.617048
1.6426888
1.6459693
1.6332345
1.5954465
1.609378
1.6780695
1.5818465
1.6056825
1.5862969
1.6915333
1.6967432
1.5974116
1.6950109
1.598652
1.5985303
1.6259528
1.668438
1.6231115
1.5861609
1.6134202
1.5664535
1.6620917
1.5494448
1.621692
1.6290416
1.5574578
1.6311867
1.5994115
1.6816928
1.6082613
1.6214298
1.6197494
1.637565
1.6281137
1.6357893
1.7654505
1.6309282
1.5918097
1.5945154
1.6891272
1.6418691
1.6800061
1.6108509
1.5794262
1.6575814
1.5929037
1.6132907
1.5704542
1.6055278
1.6145002
1.5556036
1.6723512
1.7110952
1.6153759
1.6501337
1.645468
1.6044385
1.6932613
1.6291257
1.5700598
1.5714244
1.5894637
1.6736753
1.6057656
1.5928601
1.6641438
1.5944712
1.5760947
1.5621512
1.6345263
1.7057288
1.6479027
1.6621636
1.5711138
1.680176
1.6557642
1.6206865
1.622341
1.564261
1.6575131
1.7417156
1.622334
1.6313187
1.7190804
1.6519432
1.6656321
1.713785
1.6330618
1.6733227
1.6958213
1.6237448
1.714724
1.7763814
1.5633101
1.6412716
1.6381171
1.6304281
1.5834446
1.6079829
1.6310049
1.6718463
1.6833543
1.6305972
1.6298562
1.6061279
1.6950117
1.5954922
1.6595442
1.6213837
1.5822935
1.5936137
1.62062
1.6282151
1.5744027
1.6298128
1.5602583
1.7356282
1.6732922
1.611512
1.6517819
1.5812464
1.5783056
1.5804262
1.6082592
1.660004
1.681997
1.5798404
1.5937206
1.6108912
1.6918148
1.6408457
1.6269256
1.6862347
1.653907
1.652564
1.6074797
1.6221782
1.6226393
1.5690477
1.5925678
1.5499014
1.6468514
1.59968
1.6054443
1.5792105
1.6020706
1.6130731
1.5916324
1.5851113
1.6115842
1.5845181
1.6365184
1.5902385
1.5857061
1.5722708
1.5501515
1.6087265
1.6846478
1.6209035
1.7066002
1.6237962
1.5917896
1.5751166
1.5954845
1.7080384
1.6455058
1.5884497
1.5655688
1.5878667
1.626539
1.688024
1.623185
1.5636338
1.6264132
1.7231193
1.7312307
1.5720693
1.61819
1.6906012
1.7412859
1.6034297
1.6325895
1.5683643
1.736065
1.6676737
1.6211407
1.5509331
1.5482775
1.699507
1.61123
1.5820315
1.5620443
1.5984735
1.5721853
1.6445723
1.5706105
1.7798343
1.5678608
1.6433734
1.5954187
1.5917487
1.5790203
1.6268154
1.6793232
1.6145862
1.6043088
1.6966405
1.6312498
1.6094488
1.6352549
1.6224451
1.6471387
1.6739945
1.645691
1.6713938
1.5922499
1.5473633
1.5560069
1.634756
1.6502843
1.57882
1.641981
1.58434
1.6108576
1.5531873
1.6788478
1.6302787
1.6075454
1.5780002
1.6085237
1.6005067
1.7058817
1.6087912
1.6373411
1.6330595
1.6704352
1.602047
1.6349998
1.6716809
1.5539055
1.6313432
1.805323
1.7331375
1.6430647
1.6378504
1.6943607
1.6399091
1.6031355
1.6156027
1.699431
1.6053135
1.5778862
1.587519
1.6016047
1.6904953
1.6291529
1.7668495
1.6351352
1.607388
1.5961242
1.7240252
1.736647
1.6512778
1.7031302
1.6015391
1.5880313
1.7523185
1.5725458
1.6428442
1.6287183
1.5751715
1.629521
1.632124
1.5995669
1.6799489
1.6354084
1.5755622
1.6226312
1.598882
1.6070535
1.5843972
1.57746
1.573389
1.5462
1.6504377
1.6295933
1.5858935
1.5888035
1.582528
1.584466
1.5796015
1.5856032
1.6005967
1.5672607
1.5935104
1.5909195
1.5853658
1.6048112
1.5954015
1.5845165
1.5790912
1.5958385
1.5723586
1.5683862
1.6141123
1.5632855
1.5802687
1.6031789
1.6344253
1.556065
1.561468
1.601098
1.6068913
1.6398387
1.6197038
1.5759475
1.6474595
1.5658967
1.5854534
1.6278287
1.5938209
1.6149653
1.6222292
1.6322547
1.594002
1.670411
1.5935432
1.6387914
1.664879
1.6061352
1.5815374
1.5456045
1.7473807
1.5615876
1.6070153
1.5970987
1.7512888
1.7102817
1.5558319
1.6024816
1.774202
1.7321835
1.6926281
1.6468022
1.6954322
1.7778319
1.6151038
1.7274675
1.6782297
1.6475261
1.6025399
1.5900205
1.6161165
1.6443948
1.6152186
1.6226428
1.606986
1.6077604
1.6243589
1.630031
1.6332512
1.6428488
1.5808785
1.6675593
1.6092781
1.5958965
1.660198
1.6748247
1.7144945
1.69688
1.5962793
1.5837095
1.583382
1.6482762
1.6439407
1.572606
1.5555528
1.6349
1.6059242
1.6047686
1.6736414
1.5906762
1.587317
1.661341
1.6065125
1.5954134
1.6246607
1.5975432
1.6863512
1.6466768
1.5941706
1.570618
1.5797392
1.6356945
1.5860821
1.5872327
1.5774435
1.5871146
1.6058917
1.606245
1.577103
1.6239209
1.6835424
1.5606043
1.6145892
1.6508207
1.6252986
1.5620782
1.6210558
1.6597397
1.6505955
1.6519235
1.5975773
1.59035
1.5914601
1.6707824
1.7186785
1.5566225
1.6535153
1.7097547
1.6408645
1.656156
1.5935313
1.67899
1.5836664
1.5556179
1.6636404
1.555993
1.6663395
1.6959573
1.5978355
1.655952
1.5820702
1.6606902
1.710931
1.599295
1.652872
1.6048962
1.6580772
1.557261
1.6054616
1.5977625
1.6384944
1.5800431
1.625831
1.5639234
1.6954228
1.6097792
1.5697302
1.6213545
1.5779876
1.5796304
1.5550265
1.585767
1.6240726
1.5800775
1.6156942
1.5879133
1.571725
1.5465938
1.6291063
1.5960735
1.5932195
1.6718681
1.5873314
1.5721737
1.6335818
1.6209345
1.5833664
1.5654157
1.5909874
1.5459898
1.5630872
1.6182736
1.5733765
1.5607164
1.5456041
1.6570867
1.5864443
1.6488692
1.6208757
1.6075517
1.6628847
1.6350522
1.6212708
1.5884818
1.6102519
1.5959213
1.6601089
1.5977128
1.640174
1.692467
1.61794
1.6132895
1.5762752
1.562293
1.6310219
1.691577
1.6276492
1.5773598
1.5700665
1.5920715
1.6338172
1.556517
1.6046517
1.639729
1.5905032
1.5664498
1.6018895
1.561835
1.6219965
1.5679826
1.5665948
1.6156298
1.6008722
1.5576867
1.6370995
1.6464705
1.5857203
1.5645105
1.6106853
1.6373417
1.665273
1.6287231
1.6261915
1.5423124
1.5817275
1.6305273
1.6183213
1.583055
1.5774366
1.6531489
1.5876445
1.6058339
1.6261318
1.5695498
1.5462703
1.5664985
1.5518165
1.645181
1.570987
1.6500387
1.5851892
1.5660084
1.7348659
1.6234382
1.577828
1.5995244
1.6238927
1.6475203
1.6037967
1.59313
1.5992652
1.6233662
1.7213501
1.7062336
1.591322
1.572049
1.6613723
1.6336513
1.7112024
1.6904693
1.5815837
1.580149
1.8028728
1.7573696
1.6444142
1.720412
1.6661372
1.7548585
1.8006972
1.6231813
1.5679866
1.645498
1.7896315
1.6093512
1.5742798
1.6444038
1.6509836
1.6207336
1.599011
1.5806557
1.5704308
1.6040585
1.6273087
1.601258
1.6124144
1.5618125
1.5654732
1.6557225
1.5873247
1.6243355
1.561142
1.652041
1.6355348
1.6269805
1.6099249
1.6659553
1.6427974
1.6141155
1.5746137
1.5724046
1.5766354
1.6590221
1.6073407
1.5992138
1.6326915
1.5676451
1.6138335
1.6464566
1.5623018
1.5692452
1.5625877
1.6723528
1.5588973
1.5997984
1.5565847
1.5908456
1.695137
1.6062768
1.6199615
1.595026
1.5806973
1.544749
1.6372912
1.6585063
1.5583345
1.6303272
1.5870522
1.5975629
1.6110033
1.6615478
1.5702143
1.613466
1.6471565
1.6146952
1.5804558
1.6868643
1.660907
1.654805
1.686738
1.6519241
1.6559429
1.6976371
1.6086092
1.5758578
1.6341515
1.5939931
1.5974628
1.6736323
1.5845668
1.5745995
1.5803975
1.5617312
1.7057093
1.5802827
1.6216385
1.6026227
1.611608
1.6088133
1.6096835
1.6859105
1.62464
1.6917615
1.6354165
1.6873205
1.6436068
1.625945
1.646826
1.6665534
1.6140507
1.6772949
1.6119143
1.620044
1.6615325
1.5897642
1.7098686
1.5888207
1.6239642
1.7856275
1.5936137
1.5544248
1.5870821
1.583212
1.6831185
1.677251
1.6735934
1.7410839
1.6050677
1.7372838
1.6745147
1.8657362
1.8561742
1.605278
1.579377
1.799262
1.8230385
1.6875565
1.6639684
1.5704713
1.6089048
1.6443745
1.653285
1.6552547
1.6657325
1.6035432
1.6479985
1.619175
1.6095812
1.5759257
1.7040513
1.6769488
1.5628313
1.6128831
1.6076013
1.6305772
1.6557086
1.6520236
1.6238132
1.5878528
1.7075537
1.6258312
1.6484071
1.6231155
1.612969
1.6476432
1.6716648
1.678097
1.7064319
1.5757473
1.5443249
1.6458725
1.5718083
1.6475488
1.5897173
1.6520213
1.615473
1.6060865
1.592932
1.5690037
1.806867
1.6254299
1.663566
1.5732002
1.617907
1.7014668
1.6469764
1.5875813
1.599201
1.5631675
1.5739043
1.6080272
1.6004157
1.714275
1.5769027
1.6371768
1.8501284
1.6509678
1.6008457
1.609063
1.6909863
1.6718907
1.6762948
1.6657867
1.5828369
1.57415
1.5984418
1.68207
1.6471549
1.77373
1.6069348
1.6245832
1.7698143
1.7344185
1.6429795
1.6437207
1.6073065
1.71324
1.5922941
1.636592
1.5643924
1.55798
1.6475352
1.648255
1.6471492
1.5598308
1.5838842
1.5621352
1.5961783
1.6059327
1.5725588
1.6645608
1.5458562
1.5731467
1.5992465
1.5372576
1.627248
1.6618627
1.6468436
1.578523
1.5983994
1.6866595
1.68314
1.609242
1.6855935
1.6155304
1.6227925
1.5704682
1.5507
1.5956905
1.5942247
1.5393909
1.6006465
1.616131
1.5723045
1.5554878
1.5805625
1.6414478
1.5681189
1.576037
1.6413975
1.6301162
1.5850446
1.596677
1.6305937
1.5767802
1.6264794
1.6061553
1.6703194
1.5998267
1.5615925
1.6103917
1.6024357
1.6155653
1.5955267
1.5484997
1.623441
1.5810679
1.6252384
1.5490607
1.5701431
1.5748353
1.5696429
1.5967686
1.620771
1.5681725
1.5791934
1.5977616
1.632546
1.6454135
1.6474612
1.58411
1.6578512
1.5836521
1.5997
1.571623
1.613494
1.6225663
1.6162676
1.6548427
1.6385391
1.5868235
1.6486733
1.6076323
1.6004045
1.599054
1.6385695
1.6922787
1.5637052
1.5731362
1.6056316
1.5900892
1.597672
1.687314
1.5973594
1.6042551
1.6080017
1.5675131
1.5955276
1.579255
1.5504053
1.6366911
1.6604056
1.6184337
1.6416864
1.6161635
1.6225137
1.6434038
1.6410426
1.5540593
1.6048467
1.6215504
1.576292
1.653368
1.562251
1.624549
1.5911564
1.584705
1.6082072
1.6106035
1.5943669
1.5603472
1.5534183
1.5469443
1.5612324
1.646491
1.6088388
1.6116632
1.5466638
1.6015588
1.5626715
1.5653102
1.5723954
1.6352555
1.5797268
1.5950296
1.6400644
1.6780441
1.6395524
1.5925276
1.6677283
1.5870794
1.6461343
1.6374328
1.6692363
1.5954899
1.5833153
1.5939968
1.6787709
1.5780785
1.5716202
1.6949317
1.5723583
1.7161769
1.5958446
1.5708327
1.5972712
1.6330585
1.6647745
1.5558065
1.6777841
1.6236285
1.6195278
1.6838597
1.5719278
1.6300688
1.6152635
1.6825867
1.6570255
1.6210053
1.6445365
1.6605343
1.6065086
1.6664302
1.566262
1.6346211
1.5766218
1.6527135
1.613824
1.5895678
1.5746907
1.6267318
1.586059
1.5773848
1.610589
1.5830127
1.6187795
1.5733995
1.5794612
1.614162
1.5696247
1.6132516
1.5713975
1.5835587
1.5767679
1.5614153
1.5864854
1.5948763
1.6362053
1.591448
1.5852648
1.644233
1.5997884
1.563794
1.548296
1.7217865
1.6695482
1.6723012
1.5881258
1.6135299
1.5663702
1.5645118
1.5952183
1.600454
1.6471227
1.5529435
1.7289305
1.6265215
1.5627466
1.5687705
1.5704378
1.6280394
1.6703812
1.596892
1.601664
1.6838822
1.5717635
1.555955
1.5758924
1.6717433
1.6073859
1.5799475
1.6117041
1.6110913
1.6152259
1.7282691
1.6502868
1.580626
1.6060237
1.6564567
1.8103203
1.5848073
1.5782334
1.6880068
1.6736705
1.6030262
1.620452
1.7370212
1.6282575
1.605365
1.5523632
1.6472802
1.7047665
1.6811728
1.5834687
1.673696
1.6218106
1.5822455
1.6693692
1.6015075
1.6065418
1.6062485
1.5927635
1.573063
1.6494726
1.6875255
1.5708698
1.6129813
1.5844065
1.5770185
1.5561155
1.6046289
1.602476
1.6148332
1.6163579
1.6327217
1.5729967
1.6023715
1.6841824
1.6317315
1.6059475
1.5794237
1.6197414
1.582112
1.597767
1.5805573
1.656688
1.5901929
1.593124
1.6211717
1.5910422
1.613838
1.5548635
1.579041
1.5887712
1.6442634
1.5707482
1.5796733
1.6639508
1.598879
1.5754453
1.662943
1.6027321
1.684326
1.6811217
1.6518208
1.6419132
1.5588257
1.6613916
1.6214093
1.6108598
1.6187696
1.5921944
1.5640492
1.617022
1.6485682
1.6374011
1.5604811
1.5578175
1.6003959
1.6014475
1.7005028
1.7046045
1.5900737
1.5857352
1.6018262
1.681617
1.5897963
1.6256146
1.5547559
1.6898239
1.5563908
1.5736555
1.7209867
1.6375502
1.640137
1.6137936
1.5552161
1.6470525
1.6356808
1.6749165
1.5857954
1.6400646
1.6421795
1.6494472
1.6130457
1.5969182
1.6902592
1.7023435
1.5399925
1.6196582
1.578162
1.576463
1.6332552
1.7068537
1.5985264
1.5973356
1.6427077
1.6078362
1.725071
1.5569108
1.605341
1.6665332
1.8230145
1.6188251
1.6437998
1.6578506
1.651133
1.7053713
1.6027112
1.5865325
1.5478317
1.6127756
1.5866342
1.6247885
1.5682952
1.6032761
1.536522
1.6378183
1.5606358
1.61579
1.5504385
1.578839
1.5616065
1.5784115
1.6413375
1.5653752
1.5756855
1.607809
1.5839403
1.6218534
1.5624765
1.5489831
1.5623515
1.57858
1.589441
1.6668429
1.5857428
1.5688623
1.595749
1.7111942
1.5859485
1.583787
1.6228591
1.6196338
1.6250575
1.5955194
1.5409342
1.5796223
1.5824077
1.7587905
1.652384
1.6121526
1.5744562
1.678481
1.6555352
1.6211138
1.6608484
1.6204733
1.7764792
1.6563343
1.6092899
1.5772462
1.5932043
1.6593795
1.6292337
1.7732067
1.5761497
1.5399189
1.6369171
1.5641825
1.6887828
1.6905775
1.634083
1.5785602
1.6531564
1.6001397
1.571913
1.6958046
1.71205
1.5932357
1.668714
1.5893385
1.5827408
1.7193893
1.6035295
1.5722065
1.561982
1.5531262
1.5872908
1.6124675
1.551884
1.6633649
1.544938
1.5419554
1.5629227
1.6201593
1.6042155
1.5892284
1.5599582
1.5656018
1.5813495
1.5480239
1.5709403
1.6541874
1.5576358
1.5788226
1.5763232
1.6391749
1.6137888
1.5540045
1.6193824
1.5912405
1.608245
1.717524
1.6536396
1.6559943
1.6457651
1.576841
1.5949345
1.6111238
1.6763687
1.597815
1.5846628
1.5872482
1.5783647
1.5865558
1.7452761
1.6496525
1.6209345
1.619386
1.5900191
1.6738948
1.6684902
1.6005956
1.6920636
1.5857053
1.5567425
1.5609225
1.6050098
1.7025765
1.7120715
1.5918654
1.6955804
1.7378982
1.586165
1.5800103
1.5850338
1.6696215
1.5912027
1.6365702
1.6003842
1.578224
1.6310935
1.5837084
1.6636642
1.600714
1.5976536
1.6527987
1.5906807
1.627451
1.6116085
1.6779548
1.7013825
1.6217828
1.6013376
1.6412051
1.5754822
1.7210933
