26.270113
26.177696
25.014313
24.898539
24.697388
24.131243
24.055922
23.584167
23.401571
22.790316
21.725687
20.643196
20.11294
18.812515
18.359808
16.229055
14.02367
11.19779
8.817356
6.80306
6.8712378
8.911784
10.0933895
8.333884
6.628203
6.751518
5.515933
5.726776
5.780621
5.889782
6.571185
6.8625736
6.230539
5.6951203
4.9254518
5.01816
4.586806
4.488814
4.6065917
4.623778
4.702679
5.024066
5.0581737
4.933001
4.793086
4.738126
4.0505643
4.607148
4.4443436
4.2648926
4.148308
4.382867
4.5183334
4.6181526
4.39418
4.351809
4.1924167
4.2932878
3.9324698
3.920807
4.1607003
4.035996
3.9485877
4.1840415
4.1922326
4.1546445
4.1207995
4.1689363
4.1337
4.1746154
4.1038275
4.1315956
3.9558852
4.0128546
4.129149
4.458459
4.1864185
4.27805
4.366644
4.439197
4.3393164
4.1473355
3.976934
4.1736517
3.962162
4.051907
3.873932
4.2669005
4.1354365
4.0056863
4.221443
3.8465264
4.264581
4.031762
3.919193
4.257538
3.9955108
4.6349196
4.0550036
4.200592
4.0995483
4.0334816
4.410366
3.909252
3.876049
4.210745
3.9770865
4.1871758
4.4624686
4.235322
4.3938093
4.155088
3.905297
3.8479795
3.6979415
3.8252747
3.9080927
3.802208
4.0771685
3.957168
4.047682
3.8886826
3.920628
3.883689
4.0125117
3.776891
3.642655
3.961885
3.9752629
4.1061563
3.904054
3.8164694
3.96114
3.722506
3.7528384
3.8018305
3.762775
3.767602
3.9158895
3.609164
3.9068353
3.728408
3.965143
3.9612849
3.663389
3.7114725
3.6803384
3.4300015
3.8520007
3.917748
3.4926925
3.8569427
3.786871
4.154593
3.8922365
3.735929
3.7192786
3.7819936
3.8842623
3.6862483
3.795898
3.670546
3.7412899
3.552679
3.6897335
3.678957
3.48663
3.7255402
3.507534
3.747187
3.709545
3.6941144
3.490241
3.4569566
3.320784
3.4911535
3.268674
3.553762
3.5088081
3.2884157
3.5204983
3.631072
3.4280975
3.5300646
3.7955725
3.8408709
3.639993
4.167474
3.933772
3.9057055
4.2725134
4.1804857
4.5919867
3.8822732
4.106388
3.800761
3.5433388
3.715229
3.5802789
3.509959
3.4083862
3.5370405
3.43428
3.4524612
3.464972
3.5128267
3.576793
3.6319678
3.4357462
3.6795535
3.4085236
3.7421994
3.3284066
4.007576
3.412451
3.8559306
3.525048
3.5565865
3.53935
3.339288
3.3974414
3.573457
3.8303142
3.5563538
3.65615
3.4126048
3.468558
3.23545
3.3552191
3.528915
3.382379
3.3846953
3.5523782
3.1492095
3.3172934
3.2815506
3.230654
3.1510382
3.1458056
3.2176118
3.0250757
3.4790564
3.0715187
3.358042
3.1006703
3.3277745
3.4223936
3.3013456
3.1380763
3.2180693
3.1440055
3.1448004
3.2552109
3.2435243
3.4657176
3.380941
3.1405594
3.8505557
3.1883228
3.3680685
3.4436924
3.2518897
3.100087
2.7816513
3.228586
3.271235
2.9975865
3.2776134
3.0959167
3.0809684
3.0794466
2.9199812
3.1221654
2.980831
3.007839
3.319894
3.0247211
3.0123029
3.2417946
3.118907
3.100969
3.047786
2.951184
3.0391319
2.9126775
2.948475
3.0968275
2.9561698
3.2956297
2.9151814
3.058018
3.018312
2.93334
2.9745414
2.8977861
3.0811837
2.883774
2.9295435
3.4393027
2.935165
3.6435995
2.938279
3.139566
3.171262
2.8920903
3.0889041
2.868604
2.9353428
3.1033432
3.0719821
3.1637805
2.9936445
3.0525877
2.7322345
2.8303616
2.8516102
2.7483213
3.0839617
2.8206813
3.251971
2.8493426
3.567128
2.7840514
3.5306106
2.842945
2.9986205
3.150203
2.8666368
3.0664508
2.9592965
2.9817111
2.9397945
2.778435
2.6658554
3.0775921
2.775621
2.896912
2.9079485
2.6289597
2.696827
2.6474655
2.540837
2.7935388
2.626788
2.829043
2.874746
2.6543174
2.6439865
2.6243215
2.626814
2.4836686
2.900511
2.731588
2.9108746
2.59616
2.5944037
2.5527325
2.777895
2.5757892
2.648747
2.6811547
2.6491766
2.5464373
2.6055093
2.7204723
2.5709765
2.5162103
2.5936375
2.7217646
2.5038664
2.472566
2.58093
2.488173
2.540208
2.5583377
2.5193515
2.464392
2.3798006
2.4278061
2.4394617
2.4731915
2.5669541
2.4063559
2.361679
2.35322
2.4772315
2.4347885
2.271906
2.4731295
2.3767004
2.5364113
2.3630126
2.403939
2.3804076
2.3330367
2.3507593
2.4212375
2.4861946
2.4029217
2.4337363
2.4898005
2.3368404
2.374717
2.3664875
2.3679786
2.3951204
2.607404
2.4060345
2.5674915
2.387857
2.2299166
2.295764
2.5392175
2.5459225
2.5771694
2.3806086
2.3720646
2.32871
2.2669473
2.3866205
2.2780995
2.2593005
2.37519
2.4624183
2.215364
2.3480325
2.3439445
2.2487226
2.4118516
2.3081188
2.2189152
2.2561939
2.283351
2.251296
2.3310256
2.260448
2.2719119
2.2171185
2.3419282
2.2777734
2.143733
2.1872523
2.2943573
2.1707072
2.2245967
2.1544108
2.235061
2.2601666
2.2429354
2.2076645
2.1439028
2.12945
2.106056
2.2136507
2.2707045
2.1394231
2.084992
2.2067695
2.1373994
2.048131
2.1789498
2.0814312
2.2538846
2.3064468
2.134855
2.2198606
2.086112
2.207798
2.0455785
2.0952103
2.1768358
2.1949995
2.1192808
2.1591144
2.126675
2.0811377
2.204098
2.1230633
2.0500538
2.0355988
2.0742478
2.0679026
2.150098
2.1122425
2.0106716
2.1572156
2.1363707
2.0582626
2.1368134
2.0359497
2.2039087
2.016482
2.2016234
2.0278168
2.0960202
2.208822
2.1285086
2.0923412
1.9699827
2.1126277
2.0788834
2.1679738
2.0308573
2.018062
2.1710465
2.0386753
2.0383127
2.0487878
2.039327
2.0058334
2.0660634
1.8995302
2.0928633
2.063085
2.05727
2.0791984
2.1797738
2.0905683
2.011619
2.0236907
1.991166
2.0794823
2.0732703
1.8635215
2.0433495
2.1132193
2.0508666
1.9119704
1.9760491
1.9718345
1.9227335
2.119451
2.0793312
2.0149837
2.0831413
2.296217
1.880773
2.070399
2.2034087
1.9988232
2.0439925
2.0980668
2.1686294
2.2444465
2.181317
1.9652022
1.9983895
2.0401657
1.9645905
2.0757587
1.9186705
1.965048
1.9870324
1.9815853
1.9114493
2.1079614
2.0353138
2.0050404
1.971033
1.9435719
1.9148623
2.118967
1.9774872
2.0174892
1.9037474
1.9774044
2.0576556
2.1135547
1.8857752
1.953073
2.0899384
2.139357
2.153915
1.9057348
2.0186439
1.8629092
1.9086363
2.0120277
1.9764618
1.8704697
1.9275265
1.9177605
1.969927
1.9731812
2.140158
2.0922198
1.7963719
2.0619023
2.045927
1.9052312
1.8820679
2.0405874
1.9096228
1.8422186
2.0029435
1.9675395
1.9124374
2.0243247
2.0228486
1.8931698
1.913549
2.0957024
1.9383513
2.0090866
1.9711965
1.9367841
1.9783828
1.9351665
2.080936
2.0232372
1.9162208
1.9813267
1.9260918
2.0535877
1.9236717
1.8756086
1.8295548
2.0033238
2.1530712
2.012212
1.8669775
2.036626
1.9401968
1.912635
1.9340987
1.8724625
1.868717
1.850927
1.899972
2.1055665
1.8488473
1.9301617
2.0856485
2.082751
1.969208
1.8542538
2.1859496
1.8218617
1.9567348
1.910387
1.9870697
2.0838704
2.0342414
2.1103685
1.917047
2.2162158
1.9157743
1.9172851
1.9965718
2.0664153
2.0101535
2.0836632
2.008151
1.97957
1.9592278
1.9953955
1.8667879
1.8466977
1.8657868
1.8937964
1.9836938
1.8392105
1.9386194
1.9918336
1.9337975
1.9537477
2.001473
1.891112
1.8187205
1.7915411
1.8308645
1.8025874
1.8856324
1.8246708
1.7974839
1.7910208
1.9148908
1.8398422
1.7933445
1.8353261
1.7805358
1.7723625
2.060584
1.8041869
1.9459785
1.8587462
1.8251239
1.9092538
1.8909938
1.8294386
1.9282073
1.9083352
1.8652755
1.8838131
1.916738
1.8819938
1.9156042
1.8434087
1.8457224
1.9071869
1.7918916
1.9791596
1.9142803
1.7910588
1.916836
1.8650992
1.9403744
1.7606382
1.8032053
1.829177
1.7766978
1.9510642
1.7772363
1.7256906
1.7885252
1.7713497
1.7369068
1.7359887
1.8203497
1.8825853
1.821075
1.8377694
1.8009341
1.8869808
1.799545
1.7394967
1.7973487
1.8889238
1.8086464
1.7981061
1.7199796
1.8067292
1.7620407
1.8903365
1.8709354
1.7985109
1.8035692
1.7720876
1.9421884
1.7409097
1.7930905
1.9195627
1.9158403
1.7323279
1.7451937
1.9164944
1.8384393
1.7710823
1.9187658
1.8291733
1.9480019
1.7924714
1.8257122
1.903083
1.752144
1.8020298
1.8008314
1.8093638
1.7719448
1.8169295
1.847956
1.8428888
1.8145465
1.7353706
1.9011862
1.8536816
2.0265496
1.755659
1.9952766
2.0330677
1.9139755
1.8339227
2.1824944
1.7602502
2.0376492
1.9781926
1.8620365
1.858771
1.9308445
1.8412025
1.8974324
1.968822
1.7101047
1.7987285
1.9863863
1.8030466
1.8223422
1.9288023
1.759395
1.7976205
2.1071591
1.842873
1.7987268
1.8333095
1.9835558
1.8328575
1.7059077
1.8708003
1.8257673
1.8761711
1.8312973
1.7701731
1.801944
1.916683
1.7513767
1.785859
1.8698584
1.8296168
1.7759166
1.8199167
1.865185
1.8990895
1.8398197
1.672262
1.7478695
1.7018754
1.7988276
1.7194692
1.795668
1.7767785
1.6979758
1.763038
1.7584242
1.981005
1.8509271
1.764165
1.9422024
1.7648016
1.792538
1.8116575
1.7869766
1.8637118
1.786519
1.7149237
1.883141
1.691901
1.92384
1.9039849
1.9021497
1.8170475
1.8631579
1.8045387
1.8658377
1.949696
1.8168588
1.831552
1.7782787
1.7228522
1.7318566
1.905045
1.8924468
1.8740805
1.7347525
1.7943397
2.105621
1.7452633
1.828865
2.0929973
1.729968
1.8773798
1.807039
1.8501849
1.8184775
1.7362057
1.7822955
1.7615153
1.9264888
1.8386714
1.8163757
1.7652192
1.9010903
1.930719
1.9269522
1.6681017
1.7355863
1.8394448
1.6884495
1.7700068
1.834289
1.6419411
1.7073035
1.7793868
1.725775
1.6880054
1.7947934
1.6786921
1.6778029
1.8392351
1.7123301
1.7827237
1.92091
1.6604011
1.8264807
1.8031704
1.845146
1.76817
1.8085698
1.701508
1.76902
1.8204372
1.8158305
1.7760218
1.930724
1.773016
1.7829055
1.8283614
1.7949646
1.6958742
1.6736242
1.8358318
1.7292312
1.898241
1.6989863
1.7346816
1.87085
1.858607
1.7314914
1.7273347
1.8468374
1.7819046
1.705559
1.6862773
1.7521156
1.7918774
1.7826532
1.6819648
1.7689415
1.7561975
1.6773205
1.7102088
1.6877328
1.7427909
1.8459985
1.7174065
1.8453497
1.9314407
1.659938
1.6449293
1.6566344
1.8434802
1.7522532
1.7807283
1.7999928
1.8306857
1.8289449
1.7283521
1.7563903
1.7254204
1.7462775
1.7255993
1.659542
1.8042227
1.7096769
1.7430899
1.6570969
1.6865615
1.6917815
1.642177
1.7546974
1.801855
1.6867431
1.6555563
1.8001897
1.7243968
1.8921185
1.6632935
1.6863959
1.6973176
1.8607627
1.6853149
1.6725014
1.6793822
1.8302789
1.65323
1.6627518
1.7026427
1.7397423
1.7237395
1.7316364
1.684471
1.9254469
1.6182452
1.6753417
1.9091871
1.7375885
1.7262836
1.9948362
1.7334324
1.8346409
1.7679476
1.7128124
1.6527276
1.756754
1.7817261
1.7667723
1.6298285
1.8746173
1.6402907
1.682644
1.8761678
1.7368791
1.8286217
1.8387225
1.7185547
1.766992
1.7253605
1.6966628
1.6664275
1.7474867
1.7858783
1.7616992
1.9181877
1.7586977
1.7849053
1.7321405
1.6442792
1.7405466
1.7142626
1.7162372
1.7264689
1.7404011
1.6770308
1.6760968
1.6630348
1.7112333
1.7782644
1.6837814
1.7630597
1.7140218
1.6719202
1.6838758
1.613019
1.6950536
1.7104858
1.6410846
1.7337158
1.7658435
1.7615132
2.0058236
1.7009107
2.102475
1.7544774
1.7468975
1.7952857
1.799294
1.728375
1.6480991
1.896952
1.7515742
1.7192475
1.725069
1.7989255
1.717433
1.732098
1.6875383
1.7455642
1.697562
1.8673838
1.637433
1.7199795
1.7718154
1.8177987
1.7311511
1.7602463
1.6493403
1.6746433
2.0662813
1.7366623
1.7453282
1.7994913
1.7498158
1.7131395
1.7093687
1.6331917
1.9329014
1.7163515
1.9149976
1.8757882
1.6615922
1.6844187
1.8016957
1.7229624
1.7200632
1.7357265
1.8686577
1.8363587
1.7156498
2.0256803
1.735475
1.6461327
1.9485601
1.6729746
1.774432
1.7077563
1.7311302
1.9044524
1.69451
1.7155379
2.0042312
1.6992029
1.815099
2.100177
1.8261207
1.6787935
2.1423972
1.8702894
1.7494053
1.8803551
2.0428295
1.7011714
1.7284362
1.8834717
1.7668173
1.7802732
1.849125
2.0365725
1.7177416
1.7253687
1.7817138
1.7312195
1.6520659
1.8446659
1.7182773
1.6721838
1.7472098
1.7362124
1.844354
1.6739912
1.7469008
1.8459313
1.8938917
1.6850737
1.690103
1.7384976
1.710091
1.7591213
1.6604308
1.6636877
1.6707714
1.7832984
1.6957997
1.7015413
1.7850978
1.6911489
1.7305555
1.7312018
1.5780857
1.6943159
1.629536
1.6558714
1.7540615
1.6816672
1.6483248
1.6648034
1.7010913
1.7482076
1.5928305
1.7482243
1.64229
1.6971078
1.8277308
1.7091763
1.7940861
1.6635867
1.8074187
1.7335821
1.5988479
1.6583894
1.898262
1.6089251
1.7816793
1.6832935
1.6666375
1.7527481
1.6348776
1.8710842
1.607297
1.6158736
1.7481333
1.7797763
1.6240196
1.841296
1.8580276
1.8642253
1.8355502
1.7070724
1.7120003
1.710129
1.7706635
1.6890761
1.7214705
1.898283
1.9982922
1.7154235
1.8514003
1.8196794
1.6521674
1.7129313
1.7485993
1.7654152
1.6520791
1.6494195
1.6729589
1.6641182
1.8703188
1.641192
1.7296124
1.6847292
1.6917355
1.6659297
1.6538982
1.6056595
1.6291153
1.686376
1.6715732
1.6848551
1.6782653
1.6393478
1.651207
1.694608
1.5867667
1.7311127
1.7463145
1.7312485
1.637547
1.7411094
1.7348583
1.7461324
1.7416644
1.621253
1.7092878
1.6223717
1.9260235
1.7025093
1.6414409
1.7570786
1.663776
1.738618
1.5958017
1.7981665
1.7295691
1.6375277
1.7531816
1.7008028
1.69356
1.6420883
1.8342092
1.6968648
1.5931774
1.7235045
1.675743
1.6552905
1.7072884
1.6231304
1.665443
1.6240377
1.5895805
1.6306967
1.6485091
1.707116
1.6897681
1.6318625
1.619074
1.7105378
1.6666493
1.7175124
1.6290165
1.6148021
1.791432
1.7218769
1.6157495
1.7225767
1.7527119
1.8042595
1.5896896
1.7205756
1.8040167
1.7146717
1.7013786
1.8605219
1.7035048
1.6626589
1.8372716
1.7967758
1.7152866
1.811203
1.78949
1.6840925
1.772203
1.8302525
1.656325
1.7085948
1.7129557
1.9216533
1.6620619
1.6280787
1.6705813
1.7338405
1.596185
1.629768
1.7759845
1.6450088
1.8398737
1.6740892
1.6176772
1.6711668
1.7025647
1.5877631
1.6816597
1.6798801
1.7834111
1.7732555
1.6307225
1.6668273
1.7517982
1.742341
1.7305019
1.7197925
1.7212505
1.7423309
1.6254947
1.7377257
1.6560355
1.7037644
1.6272573
1.6886183
1.59013
1.6992072
1.6929033
1.5823754
1.6736656
1.6533393
1.635176
1.6126629
1.5996534
1.7066805
1.6493305
1.6867588
1.6413904
1.6631502
1.8243865
1.6262833
1.6922743
1.7261705
1.7115254
1.727932
1.5779115
1.6310909
1.6780212
1.647751
1.7260005
1.6203382
1.82203
1.6202117
1.692831
1.6223583
1.8448635
1.6406225
1.603253
1.753193
1.830291
1.7112603
1.6382632
1.7594912
1.688066
1.8530778
1.664368
2.0094948
1.7533486
1.5933651
1.5827852
1.6668222
1.7703267
1.7236451
1.6698989
1.620823
1.7308655
1.739445
1.6681793
1.5962595
1.7138249
1.7855452
1.616347
1.7284813
1.6035397
1.6086693
1.6285365
1.7727166
1.6267482
1.8123143
1.6123064
1.6692353
1.7574853
1.7688962
1.7166855
1.6519849
1.8149947
1.698299
1.6257626
1.628167
1.807742
1.644956
1.612124
1.642341
1.6119982
1.6066059
1.6347908
1.5947915
1.6030227
1.5747812
1.7837747
1.6188595
1.5839455
1.642358
1.7038175
1.6046667
1.6324769
1.5727075
1.634852
1.7846047
1.7183466
1.756705
1.8019615
1.6812485
1.7231222
1.814022
1.7338299
1.8003939
1.6777666
1.8079339
1.5859038
1.5882165
1.6044323
1.6533861
1.6555201
1.624184
1.6006737
1.6728293
1.7228297
1.607594
1.6652825
1.6382142
1.6669446
1.7401377
1.6490197
1.6098597
1.6508007
1.7176251
1.7685889
1.7159216
1.721579
1.667168
1.7468845
1.7142195
1.6110865
1.7143815
1.7041779
1.7465618
1.6571933
1.623175
1.6020503
1.6604131
1.7801754
1.6603297
1.590361
1.6098843
1.6771783
1.5915608
1.639394
1.6451325
1.6474022
1.653076
1.6018767
1.5619892
1.6940492
1.5969768
1.6338408
1.800998
1.735596
1.6334245
1.6294613
1.8670906
1.7346578
1.6339794
1.629127
1.6045475
1.6674005
1.6417588
1.5390887
1.5976763
1.7782617
1.675841
1.7914934
1.6130598
1.552715
2.1919634
1.8979529
1.6393683
1.924695
1.8969235
1.6748383
1.6904273
1.7213477
1.7306967
1.8894465
1.6363022
1.5828408
1.660389
1.7596459
1.5904834
1.6823798
1.6653383
1.6126268
1.6070433
1.7988186
1.587503
1.7342727
1.6487455
1.5961012
1.7870142
1.6710016
1.7371622
1.6673375
1.7922854
1.6440656
1.9012924
1.8167409
1.7001847
1.6054946
1.7918422
1.8244128
1.632254
1.6737893
1.7330438
1.7058755
1.5972853
1.6608357
1.6151973
1.628417
1.6413319
1.6123222
1.6227686
1.566921
1.6306974
1.6677787
1.6107104
1.6864251
1.6692113
1.6532948
1.6668577
1.6013215
1.5475256
1.6594439
1.5593437
1.5822545
1.7911768
1.6947829
1.611166
1.579641
1.601922
1.7737055
1.663133
1.5938056
1.7679577
1.6844229
1.583844
1.6385494
1.613867
1.7855865
1.6203059
1.6993622
1.6934265
1.7404917
1.5846617
1.6650308
1.7233177
1.5590974
1.6534592
1.8419627
1.5491488
1.75816
1.5693866
1.6654379
1.6096865
1.6054782
1.5905021
1.6133591
1.7120335
1.5634718
1.5791472
1.5791806
1.5914414
1.557102
1.567911
1.5378741
1.6145434
1.5673718
1.5856543
1.7355599
1.5872133
1.6149817
1.681542
1.553634
1.5994778
1.8873684
1.5603222
1.570887
1.6051607
1.6678259
1.7260908
1.6023033
1.6316208
1.5628684
1.7384573
1.611197
1.5578693
1.6253113
1.5495337
1.5871022
1.639278
1.7597913
1.5601294
1.6854653
1.8386953
1.5786463
1.662997
1.663164
1.6472102
1.6408346
1.5971347
1.6794453
1.6010047
1.7913581
1.5923096
1.6166834
1.5725361
1.5837607
1.6514088
1.6240363
1.6960922
1.5419222
1.6135392
1.5639467
1.5390534
1.5854492
1.6318953
1.627994
1.530681
1.6067446
1.6625698
1.5496862
1.5935719
1.657186
2.2895355
2.5113618
2.372778
2.281482
2.4389913
2.1514235
1.9055642
2.279691
2.1999044
1.6747053
2.0952952
2.0106502
1.87237
1.6568023
1.7238913
1.796346
1.7720897
1.6434138
1.6344132
1.7039822
1.615369
1.8321639
1.705674
1.6661533
1.6313679
1.5837725
1.7700628
1.7600299
1.6916293
1.6891685
1.604583
1.7169683
1.7054011
1.6871537
1.5884862
1.6734118
1.6248262
1.6742043
1.68933
1.6436656
1.6498344
1.5782821
1.6502539
1.6599067
1.6363295
1.5872191
1.7635401
1.8438128
1.7235543
1.5855294
1.709631
1.7319256
1.6557403
1.648887
1.602556
1.6473615
1.7484647
1.7780576
1.720527
1.5940803
1.5801587
1.584596
1.6070282
1.6478359
1.6887369
1.6174853
1.5597442
1.5913408
1.6194422
1.6887131
1.6679755
1.6656685
1.672994
1.6313348
1.6411974
1.690787
1.6109128
1.6296798
1.6471238
1.6595358
1.6507882
1.5675155
1.5528252
1.5539837
1.6654713
1.6462226
1.656063
1.6259632
1.6245432
1.6087698
1.570066
1.5947348
1.7682655
1.6207538
1.5505489
1.6267272
1.7292794
1.7201818
1.6384255
1.5841101
1.7314875
1.7381237
1.6703603
1.5854275
1.5779465
1.6006467
1.5723191
1.6465145
1.6862748
1.6374452
1.6055697
1.6589655
1.8123428
1.6654309
1.6142093
1.9041873
1.6595712
1.6535294
1.6018484
1.6378547
1.6034532
1.6460696
1.6489797
1.6548564
1.6880196
1.5722628
1.5488195
1.6155047
1.8419585
1.6116937
1.7637177
1.6427592
1.7155461
1.635084
1.5704595
1.6675982
1.6272452
1.6359165
1.615024
1.5835917
1.6811768
1.6767678
1.7525549
1.6222475
1.586099
1.62321
1.9214942
1.6943822
1.5555313
1.6073852
1.9092262
1.8433955
1.7343862
1.6106359
1.672467
1.6045593
1.6367104
1.6853466
1.7873162
1.616516
1.7196195
1.6578411
1.6275342
1.6887248
1.5969563
1.5796752
1.6608686
1.6458246
1.650637
1.6776887
1.554711
1.6354748
1.6122377
1.5721843
1.7269175
1.6712881
1.693764
1.6606188
1.6885738
1.6515458
1.5872164
1.6056381
1.667866
1.5776607
1.5358514
1.6217562
1.7329211
1.652914
1.5397762
1.6561493
1.792738
1.583012
1.664092
1.6185149
1.6531912
1.6354944
1.5635765
1.6891295
1.6927842
1.5737225
1.7455046
1.6058044
1.6693076
1.6070695
1.5970236
1.7650506
1.669782
1.6714083
1.81909
1.6940948
1.7458006
1.5784589
1.6145518
1.6160175
1.6526139
1.8314292
1.6470836
1.6271932
1.6193385
1.6027558
1.7504618
1.6543217
1.6177865
1.5973692
1.5942545
1.595891
1.5969777
1.6197642
1.7821745
1.5954205
1.5491041
1.6141483
1.694963
1.7610432
1.7003671
1.5900972
1.600576
1.6770128
1.8694458
1.8723146
1.5955045
1.571919
1.8009051
1.7127607
1.8329488
1.6147708
1.6239047
1.6586502
1.6676303
1.6246233
1.771274
1.6170013
1.625923
1.6925601
1.7131407
1.7590493
1.735021
1.5373713
1.7437035
1.7952598
1.6122003
1.5582362
1.5594168
1.597409
1.6110667
1.6432714
1.6317207
1.6548135
1.5729092
1.5850496
1.7588807
1.6816247
1.5576042
1.6677895
1.7176416
1.6832515
1.5519828
1.5978835
1.6542362
1.627462
1.7026008
1.6115098
1.5893532
1.5815585
1.600093
1.7035805
1.7873654
1.5654833
1.6207417
1.6644373
1.6195747
1.7255205
1.6574475
1.5893375
1.6562538
1.800634
1.6916082
1.5738486
1.6431718
1.6757941
1.7357483
1.6632638
1.561864
1.5838722
1.7303056
1.6716166
1.6155517
1.6028708
1.6133287
1.6041212
1.6255394
1.6004465
1.5627338
1.6145548
1.5933951
1.6341945
1.660955
1.5810422
1.7018769
1.6794245
1.553695
1.6607629
1.5939207
1.5727832
1.6416312
1.5488731
1.5475024
1.5805651
1.5734388
1.6199595
1.7022284
1.6022933
1.6140985
1.540089
1.6199807
1.577727
1.6150746
1.6341935
1.6392392
1.598322
1.5729119
1.601667
1.5803063
1.553808
1.591972
1.5660394
1.556999
1.6200577
1.6372234
1.5663598
1.6012543
1.5417378
1.5755811
1.5250655
1.5317668
1.576209
1.6588613
1.5893437
1.6187989
1.5472373
1.6758842
1.7175684
1.5629694
1.6386647
1.6813824
1.631874
1.5276476
1.5260788
1.5263042
1.6332213
1.591846
1.543279
1.602873
1.600858
1.5843734
1.6146158
1.5743612
1.637295
1.5711738
1.521288
1.6252044
1.542439
1.530243
1.6078148
1.6041408
1.5611855
1.603811
1.6486883
1.6774315
1.5448222
1.7605785
1.6272519
1.6318784
1.6126848
1.6998283
1.739936
1.6946588
1.6348013
1.596606
1.6722612
1.6685108
1.5348531
1.604589
1.7100648
1.6529561
1.5918936
1.6131382
1.6322154
1.6006343
1.554707
1.6189545
1.5843663
1.6249043
1.5947338
1.5328712
1.6182948
1.5712595
1.6012591
1.576219
1.5557907
1.623095
1.5705173
1.61516
1.5534635
1.5625654
1.6110926
1.6114652
1.5786134
1.6426333
1.5634301
1.6324921
1.64903
1.6061531
1.5558323
1.570587
1.568736
1.7105352
1.5564022
1.5869533
1.5595645
1.5421877
1.6331873
1.590206
1.6234636
1.5474427
1.556477
1.6147612
1.652369
1.5952505
1.5872325
1.565405
1.5812786
1.81896
1.6038088
1.6991528
1.8689864
1.6055683
1.6613055
1.6059409
1.6464118
1.6673983
1.5650254
1.5236647
1.6002707
1.710931
1.606421
1.6216017
1.6229529
1.5749887
1.6631559
1.6514813
1.5636445
1.6594847
1.607317
1.7009484
1.7516367
1.7254503
1.5672201
1.6754497
1.6929092
2.021274
1.626526
1.5764468
1.7232299
1.7631977
1.8289139
1.7388129
1.6287845
1.670532
1.8887175
1.8566668
1.6086655
1.6196388
1.6474262
1.6030757
1.6618017
1.6845406
1.5948358
1.6376477
1.6972905
1.6714487
1.5556884
1.5595123
1.5855055
1.560263
1.5745602
1.606199
1.5688035
1.5562438
1.638634
1.6546879
1.6073871
1.6150678
1.5292325
1.5498374
1.580297
1.7524998
1.6500812
1.7600685
1.9428669
1.7386787
1.5959058
1.6057502
1.7563275
1.7309641
1.7061669
1.6587484
1.5863565
1.6343372
1.7670455
1.7636743
1.6745125
1.7364454
1.6251953
1.7588928
1.8935716
1.7103903
1.743306
1.6105775
1.7725945
1.6843865
1.5875728
1.6215212
1.5885354
1.5763897
1.6453553
1.6794332
1.6098316
1.630286
1.6187253
1.5736276
1.6175683
1.591533
1.5395005
1.63292
1.6216717
1.5534036
1.5821506
1.6237643
1.5993484
1.606692
1.5712812
1.5907426
1.5660945
1.5451813
1.5522606
1.5675547
1.6940932
1.5625037
1.5351063
1.5847658
1.6739575
1.575393
1.6842457
1.6508585
1.566422
1.6034213
1.7396718
1.563455
1.5819077
1.592812
1.5619233
1.6903868
1.6176792
1.5695647
1.5979288
3.5413702
5.165107
4.8933606
4.273934
3.7149928
2.777349
2.9404204
3.4534223
3.5525794
3.2707775
2.927494
2.5538507
2.1148489
2.5064063
2.8369958
2.3494623
1.858959
2.0442219
1.9479533
2.0230742
2.149717
2.0973327
2.011267
1.7731768
1.6991315
1.9080294
1.7481365
1.7897192
1.7189442
1.7395662
1.8618323
1.7742959
1.87293
1.6958579
1.7586209
1.7096161
1.702028
1.7005696
1.841202
2.000843
1.7483242
1.726072
1.7614617
1.7376744
1.7556089
1.8363695
1.6595615
1.8330742
1.6547003
1.6208551
1.7305849
1.7451284
1.7694443
1.6937414
1.6774821
1.7163258
1.6658524
1.6583825
1.5948573
1.6018413
1.764178
1.6560422
1.666403
1.6219152
1.6617715
1.6835324
1.6015424
1.6192975
1.6878711
1.5938821
1.5917913
1.6300689
1.689201
1.7192931
1.5756034
1.6158518
1.5847898
1.6465486
1.659943
1.6665617
1.6417127
1.6202238
1.5853469
1.6450853
1.627231
1.7397548
1.6153337
1.5412762
1.5802817
1.5815893
1.5672266
1.5394706
1.5634739
1.6395608
1.5775162
1.6058834
1.5564991
1.6282185
1.5924748
1.6498861
1.6599365
1.6261008
1.5664867
1.5975556
1.5801083
1.6018362
1.6385432
1.60186
1.5893222
1.6062777
1.5814583
1.564451
1.637282
1.5728409
1.5496266
1.5633335
1.5710264
1.6247325
1.7298174
1.6390707
1.5451993
1.5752223
1.6483079
1.5525589
1.5776104
1.5823228
1.63477
1.5720283
1.6055763
1.5947014
1.5882882
1.5740031
1.598484
1.6049169
1.530724
1.6108857
1.5836723
1.558821
1.5619003
1.5422134
1.6439489
1.6064643
1.5333382
1.5706892
1.5914872
1.6063329
1.5694152
1.5866865
1.6086262
1.5281157
1.6456348
1.5382154
1.5630324
1.6487772
1.5916171
1.593526
1.6224138
1.5292093
1.6621863
1.6544048
1.6521995
1.5245923
1.5686395
1.5718884
1.7221315
1.6537057
1.6334071
1.595962
1.6472416
1.6453029
1.6720302
1.6553863
1.5853672
1.6371257
1.576376
1.5588822
1.5675219
1.5818368
1.6498042
1.7054071
1.5940341
1.6230459
1.6074659
1.599582
1.6243201
1.6123472
1.6962643
1.7458277
1.5253233
1.6121342
1.631297
1.6649257
1.6326797
1.6123962
1.5767109
1.6313947
1.6622993
1.6225837
1.6157522
1.6050087
1.6249884
1.5542893
1.675209
1.616035
1.615201
1.6558403
1.5469662
1.6435206
1.6918813
1.6661468
1.5929445
1.5823605
1.5497193
1.5838584
1.5592986
1.6476963
1.6237296
1.6484638
1.595723
1.5784148
1.542554
1.601356
1.5859461
1.5721866
1.5949365
1.5496414
1.5821115
1.617981
1.557237
1.6712538
1.5736707
1.5985504
1.6031588
1.5566791
1.5923393
1.656387
1.5531734
1.5951213
1.5631558
1.5814675
1.5906283
1.5931267
1.6578424
1.7449467
1.6522057
1.560541
1.6112576
1.7359085
1.7560401
1.6120062
1.5730376
1.5356431
1.6646568
1.7752284
1.6121273
1.7207632
1.5914507
1.6274163
1.7440057
1.6554036
1.5553372
1.5563842
1.597201
1.606588
1.6122383
1.6402657
1.5778685
1.5991015
1.7946285
1.6013746
1.5586532
1.60207
1.634403
1.7017378
1.566053
1.5742042
1.5559072
1.5754313
1.609544
1.6377577
1.718725
1.6632142
1.569957
1.5683643
1.6506091
1.6797955
1.6606108
1.6034431
1.6358155
1.6378685
1.6684635
1.7037753
1.5770582
1.5828298
1.6411623
1.733699
1.7620184
1.6540227
1.5395311
1.6129477
1.57649
1.7269175
1.6532105
1.5660045
1.6659937
1.5866112
1.5734525
1.5922316
1.5406435
1.6209375
1.6929753
1.5932417
1.5520967
1.5539024
1.546718
1.6176699
1.592435
1.5817189
1.5875307
1.6271647
1.5535835
1.5695648
1.6644357
1.7578648
1.5865649
1.5308394
1.6188157
1.6185511
1.5822575
1.637419
1.6468626
1.5944387
1.5725458
1.621903
1.569946
1.6236267
1.6441063
1.6555336
1.5795791
1.5267266
1.5527983
1.6200866
1.5493512
1.6139938
1.6287987
1.5746045
1.5439945
1.5829885
1.566937
1.612821
1.579416
1.6619723
1.5660703
1.6583548
1.5557077
1.6471894
1.5882001
1.6551168
1.7003912
1.5657917
1.5966635
1.5784014
1.6362178
1.6187673
1.5791007
1.5737897
1.631614
1.6500286
1.652372
1.6009612
1.5552201
1.6268197
1.6941415
1.521688
1.6430545
1.8089752
1.6644624
1.5855283
1.6425465
1.6962347
1.680168
1.6681905
1.6512452
1.5435787
1.614445
1.6438463
1.6443086
1.5420612
1.5739716
1.5640153
1.620675
1.630778
1.585629
1.5831385
1.598775
1.8010932
1.6251565
1.5299553
1.6192021
1.6529152
1.7296885
1.5493257
1.6324515
1.6889592
1.6816193
1.5438854
1.5645876
1.616245
1.538991
1.626534
1.5318258
1.6092
1.65151
1.5158982
1.5783437
1.5410587
1.5777078
1.6163433
1.6760595
1.5940362
1.5560223
1.5468217
1.6460322
1.6217908
1.5524145
1.5614821
1.57091
1.5202793
1.5869335
1.6844165
1.6555067
1.5694717
1.5322826
1.555994
1.6270592
1.5745825
1.5381833
1.522879
1.5795478
1.5429722
1.572742
1.57873
1.6260065
1.5924453
1.5667483
1.5475385
1.5924193
1.6231884
1.612837
1.6488258
1.5936373
1.6873096
1.570086
1.5858678
1.6269885
1.6143894
1.5715797
1.5556626
1.5451356
1.5686243
1.537662
1.8198035
1.5588393
1.6162775
1.590503
1.6864691
1.685136
1.7708157
1.5441239
1.560483
1.6786363
1.72821
1.7591122
1.6820502
1.6475667
1.6787815
1.6062558
1.5968417
1.683093
1.6541768
1.7277503
1.5456125
1.6115408
1.6665738
1.7121941
1.702348
1.5965044
1.6362642
1.5887434
1.653716
1.5330849
1.6930913
1.5640262
1.5891002
1.582988
1.627043
1.5600343
1.5790037
1.5406938
1.5924617
1.6674693
1.625989
1.5535152
1.5457423
1.590866
1.7306323
1.6314609
1.6309303
1.6564445
1.5485812
1.696259
1.6353652
1.6491348
1.6031992
1.6035154
1.6349893
1.6773809
1.6468719
1.6088665
1.5492922
1.5762411
1.5840384
1.6120789
1.5558414
1.5746957
1.642653
1.5872042
1.5461637
1.551511
1.5628847
1.5865985
1.5663471
1.627552
1.5468554
1.6612002
1.5181557
1.5670823
1.5243064
1.6003299
1.5811318
1.5788107
1.7142999
1.6579473
1.6582413
1.5903765
1.571481
1.5354775
1.5806452
1.5847926
1.5494975
1.5341004
1.5926857
1.5449592
1.5808135
1.5713902
1.6138183
1.604309
1.5208639
1.514498
1.5553253
1.5984286
1.5212648
1.5351129
1.5817164
1.6423908
1.5508893
1.6024692
1.5941615
1.5915761
1.542182
1.569608
1.5428163
1.6232039
1.6196377
1.5211456
1.606016
1.5779026
1.5914165
1.5449367
1.8043075
1.5595579
1.6018454
1.6021025
1.5826542
1.6071116
1.5992745
1.6036917
1.6308922
1.6392125
1.6365925
1.7096556
1.6365299
1.645343
1.6046408
1.586849
1.6940715
1.6487006
1.5705142
1.5357287
1.6344467
1.7658161
1.6968505
1.6166477
1.5447885
1.5732862
1.6889646
1.6359495
1.6843417
1.6440042
1.5342118
1.6198415
1.87249
1.7315147
1.6113757
1.5791727
1.8489504
1.9087476
1.649579
1.5858512
1.5639453
1.5229185
1.6967239
1.641928
1.6461264
1.6434141
1.646686
1.5348176
1.5724629
1.6274089
1.6503563
1.5733855
1.6120085
1.5923088
1.6757118
1.5509328
1.6187912
1.5887821
1.5810336
1.6117468
1.5937223
1.6372744
1.5673959
1.6212797
1.6095957
1.777717
1.66667
1.6530253
1.6559217
1.789261
1.7632945
1.5974883
1.6296089
1.6806785
1.5958829
1.7152563
1.6253078
1.5987917
1.6118691
1.674103
1.5633843
1.5486394
1.5532457
1.5957903
1.5638939
1.5914003
1.5310408
1.532579
1.5668707
1.5980152
1.618299
1.5289882
1.5626397
1.5857298
1.5898567
1.5434812
1.5797101
1.5737313
1.5176955
1.6182045
1.5152642
1.5181369
1.5923642
1.5924526
1.5499502
1.5798535
1.5394032
1.5342219
1.5350962
1.5391262
1.5550945
1.5446652
1.5280305
1.5754769
1.5936391
1.5556078
1.5969243
1.5399662
1.56396
1.5268896
1.5458891
1.6382936
1.6233913
1.621374
1.5833839
1.535994
1.5438439
1.562929
1.5511731
1.5458556
1.5953888
1.583465
1.5531335
1.5202905
1.5998112
1.5796683
1.5974572
1.5351024
1.6326562
1.5575199
1.5607358
1.6310092
1.6014819
1.581989
1.565931
1.589395
1.5882485
1.5996835
1.5651195
1.586502
1.6947645
1.5724404
1.5612607
1.5241989
1.6155902
1.6439888
1.536744
1.6181055
1.5459793
1.582423
1.6363498
1.5331092
1.5451277
1.570551
1.6270362
1.6052568
1.59731
1.5488433
1.5830792
1.5661389
1.6222173
1.6100675
1.5390385
1.5557005
1.5921906
1.618808
1.6674885
1.5348423
1.6537869
1.5735009
1.571044
1.6016655
1.5713272
1.5307475
1.5644188
1.5456955
1.6002735
1.5461354
1.5558665
1.6191399
1.5827185
1.5744655
1.5595932
1.5238945
1.6046503
1.5460685
1.544403
1.5933775
1.665348
1.5482128
1.582803
1.518467
1.6124512
1.6085163
1.7577412
1.6665341
1.5412694
1.5753081
1.7222323
1.6591898
1.7220823
1.585476
1.5441272
1.560112
1.6196997
1.5428376
1.6123728
1.5964401
1.5688412
1.547908
1.668885
1.5796496
1.6365827
1.5762844
1.5744405
1.5602229
1.5212585
1.6628715
1.599544
1.5252755
1.5519677
1.6471616
1.6037686
1.5532672
1.527086
1.541408
1.5268708
1.6248783
1.5860397
1.5820904
1.5385959
1.5531567
1.559019
1.5765194
1.6361152
1.5794786
1.5604275
1.5183078
1.5607115
1.6220975
1.6028157
1.6194773
1.5650582
1.563606
1.5723599
1.5493891
1.540756
1.580597
1.6419731
1.6198212
1.5572875
1.5558715
1.6216165
1.5452276
1.5628078
1.5679524
1.5257083
1.5513792
1.5472893
1.5498798
1.5149529
1.5155368
1.5455778
1.5382158
1.6105349
1.5589503
1.5528162
1.5640554
1.6236551
1.5489652
1.5231348
1.542991
1.5856745
1.5922041
1.531078
1.5659993
1.639057
1.6311535
1.5559235
1.5503658
1.5649766
1.5527064
1.614163
1.544283
1.5882386
1.5625048
1.5623865
1.5735439
1.6341558
1.5667468
1.5475582
1.6540917
1.5917728
1.5496821
1.5292435
1.6800913
1.577207
1.5598823
1.6568652
1.5453768
1.5579822
1.5350417
1.5394315
1.5755827
1.5267677
1.587979
1.5125235
1.5718626
1.5534333
1.5206976
1.5156406
1.5453163
1.5280784
1.5742607
1.5930318
1.5207822
1.5683857
1.5708098
1.5849819
1.5159845
1.5193168
1.6262528
1.548824
1.5930288
1.5233682
1.579206
1.5448432
1.5379996
1.5500822
1.6187679
1.5623193
1.5643648
1.5213006
1.5771242
1.5552417
1.5218021
1.5595075
1.642661
1.5506006
1.5505128
1.5533178
1.617807
1.5610245
1.5188473
1.631857
1.5893399
1.636851
1.5486252
1.568814
1.5526992
1.5823667
1.5573425
1.5408732
1.5592294
1.5777663
1.6565843
1.6001182
1.544862
1.5560216
1.5247078
1.5993503
1.5196812
1.7529862
1.6578156
1.5451035
1.7304437
1.5370629
1.5754342
1.5563394
1.6546627
1.592079
1.5222747
1.5395
1.6208415
1.6239165
1.553599
1.5702655
1.6604723
1.6181955
1.6572127
1.572174
1.5445412
1.5230135
1.5621457
1.560624
1.5854806
1.565177
1.5253935
1.6572332
1.5710821
1.5351855
1.6840023
1.5297599
1.5310541
1.5601908
1.5255938
1.6191232
1.6523577
1.7103515
1.5904585
1.5464557
1.5261328
1.5644822
1.7097257
1.6725582
1.5922421
1.6489849
1.5756121
1.601065
1.563658
1.6675634
1.5779532
1.6090168
1.5515089
1.5352577
1.5989302
1.6205877
1.7350839
1.5975487
1.576726
1.6001025
1.6437745
1.6440033
1.6421015
1.6666708
1.56362
1.5934556
1.5301052
1.7205756
1.7762575
1.6410801
1.5396278
1.6099149
1.6897037
1.5758554
1.6186758
1.7027485
1.7411497
1.6416947
1.6537071
1.6148766
1.5773435
1.7431289
1.713827
1.5310007
1.5926598
1.6500038
1.5499754
1.711783
1.6907862
1.592868
1.5557942
1.6207067
1.6463195
1.6151296
1.7022979
1.5464087
1.6250385
1.5864974
1.6563063
1.5968839
1.5660875
1.5529093
1.5479422
1.5478698
1.5967243
1.6636131
1.6277862
1.56322
1.5296005
1.7144954
1.5666217
1.5680625
1.557777
1.533198
1.549855
1.565871
1.5602249
1.5670835
1.5168884
1.5172428
1.6240307
1.5786965
1.5854912
1.5167605
1.6125164
1.6698368
1.5258359
1.6145537
1.6258483
1.6427996
1.5614725
1.5602665
1.5611486
1.586828
1.6459067
1.5525603
1.6153432
1.526129
1.6266208
1.6107291
1.5639642
1.6189606
1.519182
1.572589
1.6974508
1.730961
1.6451268
1.5331342
1.5956866
1.6893277
1.6144847
1.6903572
1.5782398
1.616761
1.5168055
1.6345657
1.622606
1.5824188
1.6225652
1.5559483
1.5719495
1.569013
1.6427327
1.5538517
1.5759097
1.592633
1.5923175
1.6132536
1.5510089
1.5913765
1.6059248
1.5855998
1.785329
1.5453049
1.550126
1.5939163
1.5270555
1.6618912
1.539581
1.6255372
1.5694774
1.5641472
1.59385
1.525633
1.5763882
1.5542809
1.5847514
1.5861228
1.563006
1.6213729
1.5711066
1.6417105
1.5733117
1.5733405
1.5725373
1.641731
1.6187329
1.5922962
1.5627493
1.6765801
1.5933087
1.7045084
1.657344
1.7241639
1.5531414
1.5780561
1.65851
1.6354947
1.6114455
1.5548162
1.5128055
1.5796494
1.6161587
1.5371825
1.5359902
1.5725528
1.5319309
1.6089927
1.5620807
1.5590392
1.5298498
1.5685905
1.552981
1.5657395
1.6295041
1.5352687
1.6005287
1.5361814
1.5254737
1.564087
1.567755
1.5502615
1.5767063
1.6172273
1.6045434
1.648538
1.6130625
1.664089
1.6061678
1.5166366
1.679062
1.5838323
1.532495
1.5639445
1.6351991
1.528291
1.6164504
1.5506066
1.5458207
1.5750583
1.5239285
1.5228493
1.556685
1.5730402
1.588297
1.5572592
1.5354372
1.5513215
1.7147285
1.5610147
1.6251795
1.5373874
1.5509514
1.5775199
1.7283195
1.5517492
1.5537905
1.5966235
1.5630622
1.6095562
1.5395552
1.6041148
1.6353315
1.6030128
1.594564
1.6379536
1.5703442
1.5743669
1.6223547
1.620311
1.7028453
1.563601
1.5476502
1.6627678
1.5624405
1.6306753
1.5129721
1.5518638
1.538327
1.6143514
1.5778779
1.5488567
1.5270705
1.5813895
1.5421447
1.6317903
1.603812
1.5270135
1.5081735
1.5610771
1.547219
1.5606691
1.562105
1.5148265
1.5197253
1.5599755
1.5406804
1.5912173
1.5381877
1.583482
1.602582
1.5129609
1.5782129
1.641663
1.6274523
1.610221
1.5715654
1.539441
1.5433112
1.6784756
1.5899843
1.5893735
1.6490831
1.6360292
1.5576848
1.6820294
1.6546317
1.786249
1.5706203
1.5111117
1.5960996
1.7248062
1.621382
1.7328217
1.5740465
1.6416855
1.6236265
1.6403908
1.734882
1.6059446
1.61896
1.6146394
1.6470915
1.5613122
1.5477408
1.7531894
1.5675676
1.5679479
1.590169
1.5223516
1.7189583
1.625458
1.6546866
1.5410734
1.5945956
1.593189
1.6339858
1.6170118
1.587921
1.5940785
1.6054271
1.7094812
1.5679024
1.5732824
1.5291482
1.6238657
1.5999107
1.5976666
1.5517642
1.5410749
1.5552328
1.625818
1.6863003
1.6509565
1.6247795
1.5982643
1.5296413
1.5361053
1.5573144
1.544805
1.5667168
1.6148256
1.5763463
1.5635452
1.6211739
1.564818
1.5493027
1.5724937
1.5741409
1.5803642
1.6165028
1.734484
1.6261764
1.6578517
1.5191425
1.5719253
1.5474572
1.6121948
1.6033742
1.556101
1.6065183
1.599874
1.5829657
1.5584892
1.585302
1.5757053
1.5202255
1.556281
1.5319117
1.5293378
1.517619
1.5678467
1.5507122
1.6406554
1.5121269
1.5610368
1.5470269
1.7855071
1.5908785
1.5778335
1.5429047
1.637475
1.5774032
1.5282105
1.5657343
1.5706671
1.6611912
1.5470201
1.558167
1.571066
1.6979663
1.5963084
1.5170095
1.5461761
1.5549177
1.5746899
1.5999663
1.5882584
1.565333
1.5348213
1.617352
1.5822973
1.5585455
1.6200825
1.618554
1.573405
1.5460161
1.56808
1.522617
1.5677651
1.5790993
1.5374868
1.5919596
1.663877
1.5794404
1.5639753
1.5633353
1.6335025
1.6096915
1.6370307
1.5373328
1.5507699
1.6262399
1.7199576
1.6179937
1.563018
1.6730301
1.6688355
1.5320755
1.5552586
1.5963782
1.5552307
1.6582712
1.674835
1.5762593
1.53915
1.6025139
1.5152769
1.554068
1.6065228
1.5919565
1.6517112
1.5732362
1.551079
1.6599742
1.6000283
1.6204896
1.5912985
1.5288962
1.7120954
1.6009096
1.580751
1.5910232
1.563746
1.5391097
1.5854152
1.679679
1.618438
1.6028906
1.568413
1.5701545
1.5750092
1.6340492
1.6882265
1.541082
1.5391524
1.5472816
1.5816346
1.5714828
1.6807573
1.711547
1.6271678
1.5279166
1.6582305
2.0727503
1.7009963
1.5380218
1.6007515
1.5547899
1.6972992
1.8372755
1.694424
1.5825183
1.5454923
1.5542799
1.6127836
1.6259131
1.7206957
1.7368585
1.5629352
1.6573254
1.6943456
1.5962656
1.6217083
1.6200137
1.5536938
1.5518935
1.6309735
1.5397923
1.5554129
1.7396085
1.7683907
1.561989
1.5410877
1.705391
1.6485442
1.8527079
1.6628705
1.5692687
1.52721
1.6344818
1.6137698
1.6033502
1.6155993
1.6868148
1.6585672
1.5337574
1.5497998
1.6730446
1.6929282
1.6080205
1.5447513
1.542784
1.7393739
1.5728112
1.545514
1.5639802
1.5996988
1.5498737
1.5515927
1.5692518
1.576327
1.6173583
1.545825
1.5864408
1.593708
1.6432905
1.5991237
1.5313653
1.5618938
1.7009374
1.6859486
1.5544928
1.5415403
1.5674473
1.7533152
1.5404723
1.6441052
1.6125822
1.5770055
1.645929
1.5847852
1.6268619
1.6459376
1.5873244
1.5719007
1.5550252
1.5671477
1.6355157
1.5585614
1.5754215
1.5358257
1.5353736
1.520262
1.5500734
1.5624427
1.6113008
1.5612601
1.5340648
1.541609
1.6281328
1.5435759
1.5942882
1.5497403
1.6094267
1.6315422
1.675547
1.5834613
1.615645
1.5879745
1.5987295
1.5537751
1.5431222
1.5696467
1.567785
1.6160359
1.560387
1.5948678
1.662872
1.5867395
1.5922612
1.6068509
1.5806463
1.6343153
1.6093433
1.5524112
1.551618
1.5542512
1.565413
1.6497315
1.5945054
1.5583885
1.5336295
1.5445832
1.5241448
1.5326543
1.5458157
1.5734208
1.5897241
1.5837294
1.5680723
1.5175775
1.5149118
1.5789902
1.5888884
1.5990378
1.5441917
1.533879
1.6063725
1.6966867
1.6369027
1.518764
1.68986
1.625553
1.5699698
1.6781297
1.6788763
1.6316922
1.5612707
1.7514157
1.729963
1.6530588
1.5689641
1.6740613
1.5663265
1.5767658
1.5622349
1.7222817
1.651085
1.5933503
1.6140063
1.5717918
1.6390359
1.5792317
1.6050467
1.6049445
1.6186867
1.5718594
1.5465388
1.526129
1.5996332
1.5912455
1.6242085
1.5379747
1.5521613
1.5460542
1.6668665
1.5587833
1.660126
1.5629284
1.5336709
1.6792803
1.6040663
1.6577936
1.6649852
1.5617439
1.5698513
1.7101759
1.5295597
1.6390435
1.5165087
1.5605615
1.6115153
1.6210235
1.6776634
1.6796103
1.561402
1.5801648
1.6948225
1.5611445
1.6045913
1.7021668
1.5348363
1.5409937
1.6114413
1.6952515
1.6802852
1.5522445
1.557037
1.5708352
1.6846788
1.590902
1.6339772
1.6170596
1.6364675
1.611008
1.5762508
1.5581783
1.5751158
1.5712618
1.5805392
1.5426954
1.5786103
1.569196
1.5755552
1.5585142
1.5355262
1.5829061
1.521079
1.5395726
1.549896
1.541466
1.5278435
1.526724
1.5216544
1.5872223
1.5362484
1.5735188
1.5589302
1.5751442
1.5520477
1.5839498
1.5199395
1.5590638
1.547152
1.56212
1.5386919
1.5329622
1.6091425
1.5763564
1.5622216
1.5302782
1.6435256
1.5444505
1.528011
1.5497439
1.5420539
1.557318
1.5586443
1.546464
1.5189943
1.5129092
1.5435357
1.5696548
1.5875417
1.5768173
1.5748246
1.5148847
1.5281793
1.5422387
1.5266372
1.5381001
1.5684497
1.5543022
1.5752858
1.5524968
1.575923
1.6988055
1.5303766
1.510949
1.539461
1.6057123
1.6305705
1.5685214
1.5830578
1.5469604
1.6015507
1.6311293
1.7027103
1.6634151
1.5370095
1.5615867
1.54118
1.5868312
1.5948921
1.6332767
1.604646
1.5428822
1.5622152
1.5895517
1.5482957
1.6101815
1.6272436
1.6267791
1.5717608
1.6623428
1.5829703
1.6726066
1.598418
1.5567045
1.6119143
1.5650522
1.5737653
1.56438
1.6272843
1.6036216
1.6169535
1.5147483
1.6824569
1.7641882
1.5651474
1.5481607
1.6157225
1.6150773
1.562343
1.646481
1.6982325
1.5656735
1.5529732
1.5701727
1.5675868
1.5865067
1.5655415
1.6232246
1.5567415
1.540537
1.6179407
1.5431583
1.518291
1.6308167
1.5287417
1.5761542
1.7081636
1.5768038
1.5825255
1.5825795
1.5260609
1.5214752
1.5470998
1.6358397
1.5736667
1.542541
1.6334635
1.5485067
1.5406094
1.6190244
1.6377475
1.596728
1.5706809
1.548875
1.5681915
1.6875281
1.7193322
1.5765404
1.5788834
1.6101918
1.630507
1.5681036
1.582505
1.566173
1.5690743
1.5561731
1.6453325
1.7219163
1.5796503
1.5475441
1.5517039
1.5669684
1.5677205
1.580778
1.5745227
1.5812296
1.6502305
1.5209885
1.6092577
1.5194421
1.6339816
1.5435828
1.570768
1.6667043
1.5286665
1.6151011
1.5910685
1.6285285
1.7512784
1.639446
1.5272802
1.6105913
1.6359597
1.6085508
1.6127119
1.6437634
1.6723449
1.5578172
1.5164945
1.598499
1.5428021
1.58933
1.7592427
1.5933776
1.5562395
1.7366164
1.5815523
1.5433167
1.6259538
1.6641012
1.6014873
1.5788437
1.6042482
1.6388657
1.7064705
1.680516
1.6004798
1.700007
1.5977068
1.5371089
1.65996
1.7422025
1.7345254
1.6490973
1.5166985
1.572393
1.6782323
1.5515645
1.6250333
1.6533427
1.6716825
1.5596144
1.5879476
1.6662523
1.6362567
1.6029532
1.6111925
1.6507257
1.5770415
1.5801102
1.6069565
1.6109883
1.713523
1.6825167
1.6217215
1.6007493
1.6746374
1.6469121
1.6177517
1.7611192
1.6109613
1.5771028
1.604102
1.6315672
1.7249914
1.5331572
1.5301542
1.5632719
1.6431912
1.5299685
1.5632907
1.6660573
1.6501695
1.5791532
1.65633
1.5819207
1.671549
1.7060362
1.704071
1.542043
1.5399077
1.6159012
1.6533568
1.6805505
1.691621
1.5970044
1.5660342
1.6420654
1.8257124
1.5680802
1.5943015
1.6231643
1.54501
1.618302
1.6074728
1.6317325
1.5883265
1.5811532
1.5363705
1.5751024
1.6284541
1.6168367
1.6046925
1.5733435
1.657746
1.5540513
1.5936213
1.587107
1.6626927
1.5652002
1.5650295
1.5769095
1.5241024
1.542496
1.6056137
1.5954001
1.6044672
1.581032
1.6371393
1.5513628
1.5937946
1.6350961
1.5893368
1.6167545
1.5895469
1.616143
1.5510018
1.6607387
1.5416696
1.6081753
1.5836678
1.6658347
1.5837985
1.5710932
1.5227134
1.5675112
1.5906156
1.6368601
1.5772371
1.5781116
1.558373
1.6044886
1.5636283
1.5621085
1.5589643
1.5447943
1.5639074
1.556511
1.5261514
1.6039015
1.54081
1.5676155
1.5397401
1.5702144
1.5559672
1.5685942
1.6188422
1.550584
1.6477945
1.6687065
1.606419
1.5522407
1.5459797
1.5899173
1.5594997
1.5860769
1.6011282
1.5849025
1.5885416
1.5996968
1.627228
1.6959337
1.5261539
1.6436608
1.566723
1.5716376
1.5866953
1.584227
1.5371305
1.6358342
1.5849532
1.611073
1.5179678
1.5748596
1.7856838
1.5383636
1.5739608
1.5861292
1.5270362
1.6053834
1.6614112
1.5769372
1.5391246
1.5735282
1.5863655
1.526999
1.5161085
1.5970148
1.521052
1.5162214
1.5585998
1.5587674
1.6095223
1.5500228
1.5541693
1.5144109
1.5360878
1.6262145
1.537863
1.5407838
1.5625193
1.5697228
1.597241
1.5867497
1.6946477
1.5562098
1.5448263
1.5690819
1.5635005
1.6644406
1.6066558
1.5367148
1.536871
1.5289795
1.5355762
1.5455946
1.6145703
1.5568948
1.545634
1.5553702
1.5274737
1.531598
1.647135
1.527869
1.5284034
1.5594908
1.5425017
1.6169271
1.5419617
1.5608926
1.60463
1.7070879
1.5895457
1.5436
1.6770753
1.703933
1.7189424
1.6588625
1.6546032
1.6043326
1.7179984
1.6689825
1.628127
1.7419521
1.5904622
1.53515
1.6334428
1.9897072
1.6593453
1.5598475
1.5664395
1.6564713
1.7124293
1.67216
1.7549337
1.6154319
1.5635623
1.6649505
1.622355
1.646957
1.5706978
1.548582
1.6494918
1.6385312
1.538918
1.5628343
1.5661175
1.5490035
1.5442972
1.6202995
1.5356673
1.567866
1.6559535
1.5245165
1.6513625
1.5914555
1.633328
1.6139802
1.5978975
1.5379982
1.6982632
1.7702739
1.6279522
1.5665357
1.6102585
1.61516
1.789228
1.5583185
1.5383615
1.546037
1.672951
1.6554334
1.5493683
1.6130247
1.615472
1.6064357
1.6334448
1.5852545
1.5529705
1.6309487
1.5237095
1.5389022
1.5500188
1.5681775
1.7147654
1.6142768
1.5322372
1.6189811
1.5526781
1.6164757
1.5692345
1.6266053
1.5737162
1.5253316
1.6221145
1.6262913
1.6718161
1.6753527
1.603951
1.6294222
1.6911198
1.6450405
1.5912772
1.5400338
1.5655543
1.6041945
1.6404912
1.636249
1.5756826
1.6155944
1.5817163
1.5772415
1.5528996
1.6187812
1.6077145
1.5676048
1.5955983
1.5506104
1.595022
1.5916106
1.5277461
1.5335397
1.5544441
1.5598407
1.5745132
1.633924
1.5541936
1.6134961
1.5888592
1.5388474
1.5403907
1.5832912
1.5617285
1.5365252
1.597595
1.5803127
1.5470598
1.6446259
1.6229248
1.661019
1.5779452
1.5201433
1.5537473
1.5525688
1.6299802
1.5441772
1.6084615
1.6009398
1.6399865
1.6866925
1.6882349
1.6653142
1.5353332
1.6529379
1.8705904
1.668559
1.6573362
1.6187124
1.6926903
1.611307
1.6725649
1.5785693
1.6426642
1.6936363
1.5295321
1.569302
1.5952959
1.6494623
1.5514783
1.5437398
1.5759209
1.6667542
1.6025383
1.5724617
1.6343157
1.5878472
1.5883658
1.5362719
1.5387254
1.5473045
1.7207037
1.5167847
1.5552497
1.6238945
1.6181308
1.5149382
1.5611233
1.5869355
1.7660534
1.7084397
1.572415
1.5608102
1.5724505
1.6895436
1.639614
1.6003022
1.569866
1.5340567
1.5846963
1.5985701
1.7586738
1.6275406
1.5262035
1.6022011
1.6532965
1.7955592
1.5772353
1.532272
1.5953821
1.6075302
1.5902597
1.6745812
1.6278365
1.5943816
1.5577247
1.6060017
1.61388
1.6395915
1.5912062
1.548725
1.5153365
1.5881772
1.6410267
1.6589142
1.5340062
1.6011487
1.5270537
1.5837355
1.5372664
1.529586
1.5890063
1.6025773
1.6004792
1.5354112
1.5571673
1.5522741
1.5610929
1.6972033
1.593525
1.5695994
1.5271155
1.5265344
1.6041616
1.6361516
1.5786762
1.6505029
1.6356777
1.5753734
1.7198477
1.7489213
1.6993713
1.5745062
1.5588
1.6148765
1.68522
1.6801354
1.6413894
1.5488118
1.5263017
1.5292561
1.6087698
1.6456015
1.5531178
1.692625
1.5835502
1.5479273
1.547343
1.5634714
1.6063751
1.575952
1.5791208
1.642224
1.5510577
1.5314208
1.6195009
1.7016567
1.6035026
1.6838945
1.5697902
1.5641812
1.6331857
1.6280997
1.5474226
1.5688877
1.5829549
1.5260416
1.5570883
1.6957028
1.5674797
1.6051084
1.5600046
1.5696479
1.5883375
1.5441792
1.6554813
1.5806715
1.5605451
1.5647506
1.5714631
1.5928575
1.5984032
1.5402892
1.6385247
1.5564609
1.526052
1.5840589
1.56455
1.6339096
1.6089585
1.5994316
1.5600815
1.6259762
1.5579875
1.5874889
1.5408303
1.5511587
1.5806073
1.634347
1.5508089
1.534166
1.5676373
1.6314982
1.6335832
1.5701712
1.561426
1.523806
1.5708389
1.6788354
1.5466995
1.5128628
1.5311987
1.5563028
1.5316818
1.635121
1.607807
1.5420332
1.5140477
1.5535889
1.5934942
1.5500665
1.6048442
1.5266405
1.5344151
1.6060797
1.5668577
1.5368385
1.51894
1.5404074
1.544013
1.5942267
1.5902058
1.5660461
1.5765399
1.5738864
1.5377605
1.5762452
1.5487565
1.5536877
1.5595801
1.5482861
1.561982
1.6112993
1.6047337
1.633622
1.630286
1.5403684
1.6114949
1.5468893
1.6701262
1.6079485
1.6031548
1.5543517
1.592792
1.6158965
1.6368233
1.5781848
1.5886043
1.5298635
1.5404048
1.5996608
1.7099363
1.7492954
1.5699353
1.5718453
1.692029
1.6527507
1.63541
1.6951574
1.5914296
1.5364453
1.5764388
1.6770732
1.6303288
1.5743403
1.5389442
1.6163408
1.5643332
1.5621378
1.6471052
1.5345083
1.5810951
1.5531894
1.5574363
1.5868783
1.5393302
1.5540894
1.5408098
1.5587705
1.6333343
1.533546
1.5489043
1.5912796
1.5220054
1.5683699
1.6060325
1.6278241
1.5656523
1.6095192
1.6019845
1.5829418
1.5776516
1.584135
1.5603253
1.5113063
1.5209798
1.5316483
1.5555664
1.5964669
1.5381024
1.5607097
1.5410757
1.545555
1.5398515
1.6693257
1.5987533
1.5818748
1.5947777
1.539748
1.6355263
1.5467505
1.5403317
1.531595
1.6270182
1.6604662
1.5725865
1.5160894
1.5172937
1.542175
1.5728664
1.5833192
1.5802771
1.5502567
1.5169163
1.5684174
1.518835
1.5946809
1.5286443
1.5830393
1.5379487
1.5827497
1.5283545
1.5807039
1.571671
1.6373054
1.651387
1.5122592
1.5689465
1.5541775
1.5653632
1.5390601
1.5682157
1.581165
1.6642023
1.5460539
1.5302435
1.6108717
1.5298879
1.5392815
1.5150938
1.5614989
1.6042722
1.5923581
1.5110745
1.5522428
1.5992528
1.5161023
1.5322255
1.5652533
1.5557117
1.6278535
1.5779947
1.5700849
1.5580813
1.5923547
1.5494282
1.518355
1.5276958
1.5260684
1.6663274
1.5810815
1.6399019
1.5157124
1.5621564
1.5319573
1.5257369
1.5422142
1.5782632
1.5752195
1.5890123
1.5452359
1.5570573
1.5389878
1.6346782
1.5969125
1.5915476
1.521779
1.6375322
1.6302205
1.5125767
1.5494759
1.6067317
1.5258226
1.5939398
1.5700341
1.6376579
1.5766385
1.6244515
1.5512178
1.5733442
1.5487385
1.5572003
1.5565926
1.5684338
1.6997944
1.590779
1.6224561
1.5611217
1.553212
1.614859
1.5746264
1.7204332
1.5929873
1.6009245
1.540137
1.558002
1.6070983
1.7194146
1.5311645
1.5590957
1.6070348
1.6226608
1.705187
1.5903544
1.6343223
1.6198068
1.5927914
1.6634893
1.583398
1.587616
1.5225338
1.628038
1.5268335
1.644011
1.6003627
1.5253257
1.5414
1.6059536
1.5560642
1.6619084
1.704634
1.581799
1.5528728
1.5754585
1.5617772
1.6977438
1.5919857
1.611396
1.5255638
1.5162203
1.6270776
1.5992825
1.6018077
1.5419188
1.5326282
1.5733974
1.527676
1.659636
1.6190737
1.5756366
1.5827998
1.5528191
1.6464688
1.6606046
1.5486213
1.5300615
1.6075441
1.6169052
1.5942456
1.6322987
1.6094015
1.693788
1.5782335
1.5475427
1.7128419
1.5563405
1.5817484
1.5910275
1.6366353
1.7174863
1.530813
1.7461983
1.6730088
1.7123115
1.5721657
1.5459845
1.5556592
1.6586543
1.6705695
1.6004345
1.6057582
1.514713
1.6453097
1.6099378
1.6157613
1.691397
1.5820119
1.5387269
1.598261
1.6296706
1.6622508
1.646418
1.5676193
1.6747586
1.5970974
1.5868279
1.5632204
1.6389966
1.6138258
1.7076623
1.7458322
1.6022907
1.7854884
1.6266545
1.6861452
1.6898023
1.7002639
1.6440197
1.639416
1.5541328
1.721349
1.6367023
1.6931387
1.6574464
1.6192968
1.5624278
1.6955547
2.037927
2.2907104
2.7095964
2.4170947
2.0271523
1.8732187
1.8455085
2.0843256
2.3023534
