26.793537
26.8757
26.27816
25.852499
26.856031
25.888067
25.609837
25.937298
26.546146
25.728804
26.158327
26.224276
26.127089
26.356743
26.609072
25.347204
26.107027
25.93838
25.748878
26.02798
25.705404
25.898619
25.713057
24.961119
25.961296
25.558495
25.046093
26.027544
25.384098
25.550097
26.052319
25.824045
25.382357
25.345993
25.17568
25.655294
25.323957
24.976095
25.183645
25.587973
25.208267
24.99917
24.821224
25.0345
25.072657
24.921766
24.272604
25.499846
25.595137
24.688343
24.368849
24.720865
23.94243
24.382181
23.972712
24.504986
24.144712
24.500689
23.946266
23.61328
23.498129
23.551252
23.632463
23.47281
23.1765
23.279305
23.673613
23.402824
22.889454
22.973541
22.343395
23.103996
22.234018
22.568186
22.85644
22.495188
22.044434
22.486464
21.34368
21.822601
21.33506
20.968485
21.411057
20.957712
20.397995
20.070042
19.381163
19.963728
19.393263
18.659569
17.776978
17.900993
17.241032
17.879942
17.487207
17.374388
17.510466
17.506638
17.591908
17.047949
17.01066
17.237354
17.004583
16.974104
17.092337
16.981571
16.919756
17.166693
17.057455
16.88436
16.189089
16.027285
16.52514
16.703598
16.281052
16.085443
16.332592
15.914953
16.522812
17.06226
16.382086
15.90886
16.332657
14.966665
16.260607
16.228905
16.758356
15.4817295
16.02896
15.702996
15.618228
15.77323
15.042362
15.291689
15.365235
15.324738
15.877145
15.189754
15.17108
15.281994
14.899974
15.23309
15.071956
15.32005
14.757961
14.388735
14.73385
14.649428
14.462822
14.77756
14.365251
14.48518
14.098092
14.503189
14.072702
13.706888
13.717596
13.85226
13.430764
13.939789
13.91005
14.0288
13.932206
13.524017
13.797264
13.142968
13.1790495
13.370973
12.899708
12.840172
13.017382
13.076662
12.915539
13.197694
12.909045
13.385281
13.147688
12.848078
12.629349
11.926879
12.768204
12.649026
12.541078
11.993
12.747905
12.991118
12.8112
12.809742
12.380674
12.864164
12.732392
12.419601
12.174075
11.62312
11.719636
12.330245
12.368648
12.416805
12.180088
12.22207
12.274898
12.008661
12.334622
11.137306
11.831547
12.240266
11.975702
12.221294
11.703934
12.152786
11.497006
11.5285015
11.874834
11.92209
11.620462
11.41359
11.479436
11.876882
11.624251
11.625884
12.183007
11.95222
11.675782
11.253269
11.991944
11.980088
11.549152
11.829141
11.100466
11.49906
11.890337
11.455134
11.256966
10.901696
12.063712
11.627533
11.42727
11.47787
11.499196
11.275479
10.779812
10.921878
11.243319
11.639521
10.968652
10.791343
11.269876
11.605302
10.851237
10.642414
10.7461
11.204258
10.821782
11.04296
11.005156
10.313454
11.112594
10.79
10.780985
11.01861
10.865916
10.655019
11.533896
11.147342
10.982652
10.528587
11.1019
11.066595
11.056602
10.886006
11.032832
10.975303
10.505086
10.702984
10.569164
10.83765
10.220356
10.4673
10.72475
11.114034
10.925744
10.812888
10.375986
10.525264
11.021576
10.81029
10.580796
10.366047
10.161797
10.634904
10.212199
10.525596
10.198148
10.4432
10.7968235
10.6581335
9.98467
10.63794
10.564022
10.630212
10.273758
10.040393
10.377796
9.952999
9.96356
10.30437
10.124712
10.402601
10.150956
10.250296
10.45361
10.374024
10.069614
10.31575
10.516714
9.871281
10.108336
10.122403
10.173074
10.138511
10.155844
10.266917
9.843352
10.2242155
10.480082
10.124384
10.170494
10.093133
9.815596
10.079543
9.558836
10.2647
10.214671
9.887792
10.2619915
9.587724
9.61845
9.466186
10.033794
9.306932
9.834646
9.981894
9.817704
9.357112
9.275799
10.12183
9.326252
9.634156
9.153147
9.628754
9.568116
9.3455
9.65015
9.600912
9.81492
9.110924
9.776704
9.302828
9.626548
9.41339
9.109948
9.741314
9.71863
9.280159
9.63651
9.537282
9.456452
9.497071
9.0503845
9.619064
9.630149
9.431437
9.395729
9.28982
9.48175
9.023318
9.618858
9.319585
9.044132
8.904796
9.012086
9.257774
9.043495
8.917854
8.844604
9.622132
9.372638
8.823817
8.806977
8.664468
8.863427
9.019758
8.96021
9.156646
8.954706
8.956278
9.312116
9.192372
9.162162
9.300436
8.979693
8.691006
8.864689
8.8593
8.933422
8.960416
9.335756
8.709668
9.278738
9.142903
9.025665
8.557846
8.965246
9.014656
8.918249
9.041944
8.809557
8.607728
8.867263
9.097421
8.506802
8.320274
8.684414
8.714382
8.641161
8.777786
8.895424
8.476198
8.532879
8.779435
8.410471
8.803742
8.589517
8.582209
9.149119
8.436191
8.72346
8.675018
8.717578
8.718379
9.408135
9.018915
8.652062
8.817067
8.517019
8.49835
7.8657694
8.803333
8.499924
8.768128
8.516945
8.652694
8.474356
8.45549
8.670343
8.61449
8.45589
8.6778
8.432574
8.607868
8.919252
8.701035
8.266676
8.442458
8.210091
8.423334
8.283978
8.919799
8.640928
8.158003
8.5277605
8.543085
8.576338
8.329745
8.15311
8.499844
8.197028
8.178612
8.61614
8.477618
8.023824
8.150653
8.233236
8.104184
8.070194
8.21428
8.2733
7.911089
8.71313
8.181863
8.187047
8.31699
8.211201
8.219895
8.183072
8.518972
7.96413
7.936536
7.685729
8.057436
8.124152
8.038103
7.8230486
7.8307285
7.978634
7.893876
7.744803
8.033486
7.967369
8.252969
7.98924
8.042205
8.272202
7.811287
7.926651
7.656825
7.700411
7.868672
8.124143
7.792983
7.972249
7.508549
8.582338
7.774838
8.252
8.302217
8.191241
8.140968
7.91242
7.9834094
7.638256
7.846822
7.947725
7.781817
7.623137
7.710731
7.714092
7.3709044
7.35238
8.313174
7.880231
7.66279
7.8995066
8.1709175
7.942589
8.123895
7.552891
8.01822
7.664168
7.323037
7.5490847
7.6572948
7.86119
7.495992
7.651608
7.6635885
7.4326096
7.517015
7.635648
7.7335315
7.8578405
7.71085
7.852324
7.6580048
7.788817
7.36121
7.3946314
7.4716496
7.2610917
7.8897886
7.6836658
7.388862
7.556209
7.473993
7.644366
7.3306084
7.703769
7.7614884
7.844143
7.707903
7.5760236
7.422236
7.1246786
7.539446
7.691839
7.168249
7.6942363
7.4344354
7.394989
7.287714
7.413233
7.230293
7.724049
7.4422584
7.404986
7.633184
7.5836535
7.556193
7.277706
7.4805098
6.9810805
7.481745
7.16673
7.008453
7.376144
7.243194
7.314117
7.2520065
7.6022034
7.048158
7.226723
7.127642
7.1203094
7.192654
7.4303613
7.322671
7.370588
7.439386
7.6438107
7.3448434
7.0561
7.3496513
7.34273
7.5976048
7.148315
7.183851
7.40963
6.8479357
6.9865603
7.551509
6.91372
7.289174
7.1569185
7.092161
6.951484
7.093863
7.374916
7.039053
6.930888
7.0661674
6.9640083
7.152213
7.1494336
7.143002
7.351592
6.889515
7.131367
7.217495
7.27346
7.169239
6.6428204
6.6757684
7.139199
6.758637
7.4509907
6.689691
6.897675
7.16182
7.0662823
6.873612
7.086744
6.6886044
7.125176
6.918316
7.341798
7.251693
7.1496844
7.09877
6.865664
6.950075
7.4433975
6.567925
6.858123
6.604767
6.8911505
6.751311
6.713716
6.715871
6.411502
6.859791
6.538215
6.664613
6.996584
6.5263896
6.9387703
6.981799
6.560608
6.78016
6.644004
6.582273
6.845056
7.021708
6.888421
7.1420426
6.9002166
6.703388
6.8877597
6.566506
6.776617
6.983518
7.0892825
7.278377
6.634839
6.7176895
6.9227214
6.4592304
6.541821
6.74401
6.779592
6.790789
6.594499
6.795881
6.5422626
6.393245
6.370649
6.699076
5.9708743
6.692198
6.430517
6.656597
6.4786563
6.8062387
6.3112283
6.372846
6.405885
6.059037
6.539194
6.026329
6.212874
6.467084
6.0411444
6.174128
6.526152
6.5464234
6.7180767
6.642735
6.337245
6.7712364
6.2549043
6.482407
6.4314446
6.556095
6.35485
6.312698
6.5326724
6.3597245
6.100218
6.626268
6.653008
6.1742387
6.2342143
6.0841627
6.2552147
6.4021354
6.400392
6.382481
6.259915
6.4911256
6.3528004
5.914857
6.414494
6.121387
6.1807604
6.273162
6.604384
6.2300243
6.098583
6.252052
5.934956
5.996911
6.014798
5.454485
5.7054796
5.9845257
6.012298
6.339961
6.3384686
6.4188743
6.213301
6.009931
6.30863
6.3191786
6.35473
5.929251
6.091814
6.123426
6.375103
5.901933
6.256722
5.828111
5.992642
6.2711787
5.903194
5.5093064
5.43955
6.189203
5.345602
5.661231
6.027055
5.6936126
5.790935
5.793287
5.5481534
5.8334074
6.207067
5.82366
5.690223
5.905729
5.609363
5.831194
5.7459445
5.719118
5.787123
5.8012214
6.1727486
5.7943788
5.926901
5.573756
5.9674664
6.130048
6.094257
6.054843
6.000512
5.9102225
5.364814
5.518347
5.687758
5.615829
5.04877
5.6188116
5.7200027
5.5095615
5.619155
5.531145
6.081595
5.73906
6.25323
5.6265383
6.0622396
5.564644
5.657683
5.86494
5.634508
5.9740553
5.524749
5.696189
5.0298047
5.520723
5.280708
5.194832
5.4935904
5.6732726
5.368558
5.550143
5.548256
5.7400217
5.67496
5.918407
5.606026
5.5020056
5.533083
5.453698
5.41764
5.275719
5.32697
5.130752
5.1184015
5.496549
5.453681
5.3400006
5.2435403
5.8333507
5.451172
5.480308
5.4178157
5.4969454
5.157984
5.13492
5.35434
5.147662
5.254413
5.344545
4.894291
5.228826
5.1658998
5.5035458
5.095533
5.376304
5.33572
5.462941
5.44141
4.8522625
4.839352
5.1790395
4.922421
4.8158803
4.7771297
5.1868515
4.924113
4.682177
5.395877
4.999052
5.158497
5.2651854
5.121475
5.191298
4.946058
5.163936
4.935513
4.6947384
5.042294
4.8069763
4.9938664
5.037431
4.907021
4.623709
4.710114
5.270141
4.8239274
5.103465
5.1193204
4.835534
5.1542444
4.865779
5.0547256
4.626941
4.651801
4.439631
4.590438
4.693069
4.725824
5.192026
5.0304685
4.730494
4.8027515
4.807325
4.754079
4.774447
4.2762256
4.900146
4.643225
4.678346
4.732845
4.522153
4.526821
4.5807915
5.0309873
4.938479
4.880301
4.726424
4.759608
5.0416474
4.6966157
4.941229
4.5462184
4.753854
4.765026
4.488543
4.46218
4.326996
4.810835
4.7173133
4.7079268
4.635191
4.7642007
4.482562
4.542277
4.3599596
4.461204
4.389127
4.362628
4.584639
4.5012193
4.643851
4.564691
4.668451
4.441775
4.4872026
4.72213
4.470484
4.5609646
4.173261
4.2546673
4.47195
4.2973824
4.278753
4.435262
4.061482
4.031657
4.362212
4.1980767
4.434697
4.4677978
4.465078
4.388506
4.294205
4.401583
4.0836306
4.245868
4.406521
4.326157
4.2022533
4.0770564
4.198394
4.1028485
4.122545
4.4129825
4.181925
4.48238
4.56376
4.307747
4.418386
4.473207
4.1870966
4.199818
4.061941
4.2798853
4.61623
4.145664
4.1686025
4.1828327
4.256656
4.111003
4.199138
4.1392546
3.8792474
3.775211
3.9077356
3.9054573
3.9863884
4.1760917
4.1864023
3.9925334
4.316234
4.2637568
3.9744468
4.0462103
4.146949
4.121293
3.8295221
4.0037165
4.0880046
4.00845
4.273002
4.0826907
3.9789937
4.204902
3.8823361
4.1661625
4.078931
4.1530447
3.92112
4.081862
4.243716
4.003051
4.0842705
4.060989
4.0431447
4.037693
3.863737
3.9457135
4.383606
4.4254103
3.949312
4.376958
4.0152946
4.1737156
4.098131
3.8496666
3.8766968
4.1092215
3.8837333
4.0242906
3.9117746
3.8079915
3.9396703
4.137183
4.282669
4.2223225
4.2111945
4.04759
4.186224
4.336997
3.6979544
4.0211496
3.8245153
3.9533374
3.930364
3.7697937
3.8827684
4.1136837
3.835411
4.081851
3.9367032
3.93219
4.0871944
4.009311
4.4420695
4.1789103
3.9824638
3.836468
3.8764334
3.995292
3.9227884
3.9759018
3.8936224
3.9767551
4.175959
3.9741411
4.096417
3.9118733
3.904779
4.009691
3.7225955
3.8890579
3.8163848
3.5775135
3.8817685
3.8253284
3.6879218
3.4775417
3.870356
3.9950058
3.8432417
3.6450415
3.8309941
3.851074
3.705605
3.6390967
3.783941
3.769445
3.652916
3.703774
3.5955236
3.755538
3.7389183
3.8103254
3.8312259
3.586048
3.7790165
3.9258106
4.11094
4.028543
3.5502157
3.9883957
3.7609966
3.7924595
3.6981387
3.6352797
3.5836883
3.4705389
3.7571542
3.66574
3.958754
3.7329476
3.823713
3.5438898
3.7825797
3.8882785
3.7044785
3.9894896
3.8937342
3.7931874
3.964218
3.6850545
3.5588915
3.7112312
3.813455
3.5579498
3.603262
3.4288836
3.4642315
3.4640994
3.844922
3.576747
3.4971988
3.650227
3.7020986
3.4947445
3.8104012
3.986199
3.6682625
3.838423
3.459393
3.6500354
3.3537455
3.522794
3.5957594
3.533354
3.6730726
3.6403618
3.4499166
3.7358935
3.583097
3.6282809
3.7469718
3.766065
3.830344
3.747462
3.846358
3.6068907
3.6629715
3.7298381
3.608914
3.8184564
3.8774261
3.8551984
3.6888926
3.7043855
3.4154904
3.57265
3.664703
3.475275
3.392026
3.5372045
3.6548464
3.6539505
3.603048
3.4867706
3.7119675
3.5195665
3.4529977
3.4834645
3.756044
3.655487
3.5220065
3.6044078
3.667555
3.4733605
3.7211754
3.3014126
3.9713974
3.9509125
3.4141114
3.6808288
3.6821244
3.6301496
3.6285086
3.640965
3.650238
3.5875554
3.312475
3.6457896
3.8007834
3.7463505
3.220609
3.793789
3.6210666
3.575901
3.7124712
3.7335274
3.6951885
3.8122334
3.4714468
3.5138698
3.444702
3.6951284
3.5620341
3.3816226
3.465332
3.535559
3.7149696
3.471937
3.496826
3.5358307
3.622428
3.6373506
3.793321
3.5593963
3.6054306
3.4852576
3.7133346
3.5149164
3.5752819
3.4266562
3.2521806
3.097577
3.3811212
3.2681215
3.108673
3.434679
3.2137673
3.4759526
3.3740475
3.3745534
3.6182024
3.513502
3.6156266
3.276556
3.6310928
3.291595
3.4497132
3.4599617
3.5832205
3.6228244
3.585181
3.2849963
3.4658563
3.4504166
3.2939193
3.2749202
3.462086
3.5425253
3.32803
3.2245688
3.1701915
3.256972
3.3697402
3.339871
3.2811775
3.2358594
3.4053526
3.5572884
3.3898976
3.438102
3.6051428
3.771358
3.484649
3.8477168
3.5735085
3.202267
3.365742
3.327437
3.279983
3.3008695
3.2558813
3.219373
3.410634
3.1760383
3.135853
3.243908
3.253002
3.327895
3.3152604
3.159788
3.3106334
3.315894
3.332929
3.2740023
3.339938
3.1874626
3.218273
3.5253725
3.43986
3.153359
3.217877
3.4675474
3.4562404
3.3297362
3.457644
3.3630843
3.3854718
3.3009238
3.279922
3.2792735
3.5400195
3.344612
3.116454
3.3416796
3.2056317
3.1707666
3.1953156
3.287967
3.2699914
3.2169404
3.3910317
3.444478
3.2692175
3.363121
3.403443
3.3590803
3.1117141
3.2851431
3.3286405
3.2265525
3.1086452
3.1039197
2.9896848
2.9855554
2.9647825
3.3076324
3.3899739
3.216224
3.3637075
3.3989856
3.3999405
3.2067163
3.559536
3.2428713
3.2461805
3.1708782
3.0581565
3.0565214
3.404406
3.1479104
2.9185596
3.11475
3.4835117
3.29369
3.3129282
3.364016
3.3083148
3.2791462
3.0348146
3.1062005
3.1607382
3.286265
3.3366356
3.0701306
3.2092896
3.408127
3.353509
3.1305344
2.9828222
3.1997387
3.1287014
3.1590695
3.2464583
2.953389
3.4247844
3.1153471
3.1872168
3.2101092
3.200143
3.3158557
3.183172
3.2454386
3.1416495
3.1228971
3.2720375
3.3261435
2.9273882
3.299583
3.3490908
3.121239
3.0660915
3.068571
3.145176
3.1696923
2.920091
3.0760818
2.856242
3.296775
3.0430171
3.1049144
3.076032
3.2124085
3.109993
3.233131
3.266486
3.100874
3.0727463
3.1207643
3.0004547
2.93735
3.308392
2.8888555
3.025048
3.2778435
2.7329185
3.1765604
3.0683303
2.9921424
2.9920294
2.9578304
2.9878602
3.1493065
3.0632293
3.0302866
3.131964
2.862199
2.9850702
2.74411
2.8013394
3.1055496
2.9050517
3.0173287
3.1160636
2.9887395
3.2292545
3.047713
3.2313538
2.9612873
3.1238804
2.99669
3.1972165
3.2707148
3.0022154
3.0561175
2.861103
3.3161755
3.2357113
3.313455
3.3353446
3.2130082
3.0681996
2.8358197
3.0459747
3.056463
3.1160479
2.860952
2.9593735
2.97356
3.0949504
2.9622097
3.1116426
3.0212893
2.9689662
2.8893654
3.185382
3.1221097
3.0354567
2.893644
2.9292824
3.177712
3.0998466
3.035665
3.106344
3.0031824
3.0354347
3.216424
3.149564
2.9717522
2.9508028
2.917526
3.0831056
2.8561785
2.9431036
2.884925
2.9376938
3.0325031
2.9582148
3.2183337
2.8215783
2.907634
2.925875
3.2149708
3.1174433
2.925882
3.0282712
2.901415
3.1570106
2.9621682
2.949859
3.016086
3.0695364
2.8426812
3.0090206
2.9724183
2.9044576
2.9929101
3.109374
2.777496
3.0041437
2.8677576
3.190125
2.9188688
2.93588
2.8693962
3.048376
3.1252506
3.17205
2.932663
3.0490196
3.1599414
3.1253312
2.864597
2.981096
2.8917713
2.9109612
2.8008235
2.8058205
3.1058228
2.768334
2.693687
3.1189303
2.9775405
2.7905135
3.089085
3.1515546
3.0888438
3.0032094
3.0091124
3.0676506
2.896026
2.7942555
2.8400245
3.0924888
2.6895185
2.822248
2.9917147
3.006737
2.9846067
2.892833
3.053312
3.1946664
3.1217182
2.8972895
3.0718613
2.8863215
2.8298542
2.8334446
2.7862742
2.8909492
3.0956461
2.7312565
2.8472753
2.6965199
2.689103
3.0505295
2.9405224
2.8236566
3.1944
2.9876854
2.9820812
2.8011231
3.092307
3.0893445
3.0783935
2.8697364
2.9315693
2.9174225
2.9930334
2.8792572
2.8589232
2.8011334
2.775782
2.729948
2.7153285
2.9870765
3.0082774
2.790129
2.938275
2.921004
2.8920832
3.1444662
3.0515156
2.8839457
2.8578346
3.138193
2.819916
2.8488667
2.747601
2.7959163
3.013357
2.888245
2.8707435
2.8345194
2.9827955
2.8648324
2.8817415
2.7924123
2.8394206
2.7632596
2.8896034
2.752179
2.8421156
2.7819583
2.72598
2.6115863
2.7664082
2.745576
2.5764315
3.0107224
2.9212646
2.791284
2.7882066
2.798575
2.8473856
2.7889302
2.719982
2.6857796
2.780921
2.75534
2.737632
2.898884
2.9140685
2.783359
2.8115134
2.770595
2.827171
2.5864637
2.8597014
2.7850337
2.889612
2.92701
2.6475718
3.087262
2.99212
2.9392815
2.60644
2.9343076
2.7004187
2.9677515
2.877713
2.7245855
2.911307
2.626182
2.5584292
2.792725
2.8349404
2.81494
2.8739917
2.772263
2.8132296
2.7228932
2.7042768
2.8008244
3.0020266
2.9660165
2.551344
2.7670007
2.9525185
2.8552215
2.8656502
2.8540032
2.8364954
2.713137
2.790306
2.5776694
2.7253182
2.9043844
2.6743803
2.8031015
2.8119774
3.0752404
2.8047612
2.742409
2.9076543
2.921941
2.7450101
2.7631054
2.7611144
2.851119
2.5576675
2.617285
2.713091
2.8048635
2.6894772
2.6844862
2.861359
2.794048
2.5964892
2.8142633
2.796984
2.764308
2.7309456
2.6278136
2.7400806
2.617895
2.6656785
2.67594
2.841543
2.686549
2.917038
2.676866
2.7922792
2.7699044
2.6340115
2.650563
2.577325
2.8210845
2.7999341
2.6652956
2.5921507
2.668197
2.8214922
2.7009385
3.108894
2.4894254
2.6067789
2.7524085
2.631314
2.84008
2.507582
2.4764655
2.6384165
2.7812657
2.7873354
2.7493324
2.7579687
2.7851799
2.4706817
2.6755736
2.6192589
2.882338
2.636161
2.4946976
2.7837818
2.84547
2.7123182
2.6884286
2.81855
2.8118536
2.679769
2.5859675
2.6760697
2.6866333
2.66756
2.841431
2.6990438
2.6136775
2.6531777
2.8718534
2.8164206
2.734692
2.661974
2.9184344
2.713729
2.6760745
2.727099
2.7079566
2.6029687
2.7280283
2.7510087
2.617791
2.5873203
2.9302373
2.728863
2.861697
2.8606195
2.802023
2.562372
2.676707
2.8322384
2.443931
2.6944835
2.788919
2.5951664
2.597056
2.586597
2.8056061
2.5169125
2.4111514
2.776271
2.7683125
2.5477674
2.5663714
2.7336724
2.572655
2.7095313
2.8314805
2.860904
2.725344
2.7238967
2.5583174
2.6446226
2.8832245
2.700093
2.6810305
2.7843475
2.8206694
2.7491858
2.747036
2.604128
2.808527
2.594178
2.6417825
2.807303
2.5714996
2.695472
2.5825143
2.586038
2.62796
2.6784346
2.742659
2.725497
2.500715
2.937281
2.458096
2.5907545
2.561851
2.7143412
2.5782034
2.5420012
2.5215116
2.560409
2.6951675
2.5107224
2.4129736
2.443743
2.579319
2.5622034
2.6578586
2.5867496
2.4140944
2.569269
2.6743286
2.5491533
2.5160406
2.5820422
2.8022318
2.653302
2.6449976
2.7455368
2.624609
2.5355165
2.551265
2.686753
2.8176155
2.5328026
2.718181
2.6745274
2.5976985
2.6121433
2.792867
2.7126944
2.71027
2.796381
2.8597956
2.587466
2.53507
2.5272388
2.5740244
2.5729263
2.607646
2.7069583
2.6240106
2.5679517
2.6950178
2.4735239
2.576096
2.378624
2.658085
2.450696
2.5960805
2.523558
2.720325
2.6022706
2.4261816
2.4122205
2.680513
2.6379268
2.601639
2.589366
2.8366015
2.7134259
2.5586755
2.6947637
2.7834823
2.6199577
2.5909846
2.6484
2.6142225
2.591617
2.4881642
2.4470074
2.4600873
2.6442676
2.4590425
2.726383
2.5758636
2.6723173
2.58218
2.6371663
2.69857
2.4972196
2.7919395
2.9180894
2.528241
2.4286294
2.4404798
2.453289
2.4863858
2.4154031
2.5388944
2.5963748
2.6219537
2.4145641
2.5961494
2.4672585
2.9678771
2.7751331
2.6663063
2.4200852
2.5319128
2.5571804
2.572949
2.4117815
2.475765
2.4194708
2.567386
2.7014384
2.58508
2.6367137
2.5728316
2.439334
2.645425
2.536904
2.631488
2.696187
2.752956
2.482733
2.5393522
2.5717275
2.5715604
2.4081469
2.758117
2.49119
2.5849037
2.4475825
2.4149716
2.4290721
2.4752145
2.603753
2.5053174
2.4522805
2.3845458
2.516212
2.4742146
2.6517334
2.3971715
2.6827254
2.5602746
2.4740055
2.7660732
2.6658556
2.7255905
2.5408664
2.4214718
2.584683
2.4408715
2.374187
2.4379156
2.545875
2.569653
2.48655
2.512296
2.483485
2.5323997
2.59172
2.7067091
2.455088
2.4635305
2.6670005
2.666417
2.459122
2.588614
2.4858682
2.5716717
2.519908
2.5411544
2.4711704
2.5506005
2.4970326
2.612515
2.5679584
2.7955046
2.5669775
2.624738
2.6244605
2.639789
2.576232
2.5830636
2.4745746
2.67419
2.3861089
2.4231048
2.461095
2.4340837
2.6494005
2.534954
2.49452
2.6136074
2.486044
2.5087562
2.5819385
2.4932804
2.53564
2.3668244
2.4621484
2.378592
2.5579405
2.366302
2.4180195
2.493293
2.623174
2.635351
2.7884114
2.678383
2.5315163
2.779294
2.4522955
2.292919
2.5830646
2.5348117
2.3850265
2.3903375
2.4920735
2.444875
2.5211954
2.4421685
2.4850059
2.6505759
2.6301498
2.373126
2.4926503
2.4296165
2.54741
2.7637894
2.6278381
2.6695163
2.465302
2.5826325
2.6494756
2.9587264
2.689318
2.516981
2.8541133
2.6607952
2.7388003
2.5323045
2.6045353
2.4186864
2.3740835
2.3260057
2.544027
2.5830424
2.3768926
2.5863054
2.342428
2.3883364
2.458528
2.502759
2.376915
2.4891515
2.420844
2.4476402
2.4053445
2.3530684
2.2985623
2.4209826
2.265551
2.6238246
2.3036585
2.5498555
2.3721757
2.4065878
2.4840493
2.617328
2.55218
2.4697936
2.3012097
2.4429247
2.3125653
2.3234763
2.6424742
2.419954
2.3820114
2.569296
2.443654
2.4319353
2.371449
2.5608265
2.3959377
2.4051542
2.5142195
2.3744042
2.424321
2.5206704
2.414476
2.577283
2.555214
2.481003
2.4632611
2.397487
2.457816
2.581203
2.59203
2.6404507
2.6025503
2.6133454
2.508779
2.4330187
2.4026556
2.5326545
2.6679444
2.3352065
2.345728
2.4608624
2.5514674
2.4936202
2.562128
2.5149558
2.4841843
2.5756507
2.4398139
2.621744
2.686187
2.3871162
2.5976956
2.655378
2.5461962
2.5606582
2.3790834
2.585402
2.4082685
2.312834
2.348572
2.634433
2.2675653
2.449797
2.3526235
2.405848
2.3946893
2.247409
2.254942
2.230962
2.3861191
2.3766985
2.368959
2.3986776
2.4497514
2.4660416
2.5669513
2.680395
2.5861926
2.589586
2.4971106
2.495313
2.7780535
2.4488425
2.3147151
2.3454785
2.2813492
2.5137894
2.400076
2.4974334
2.3092854
2.2857418
2.366066
2.3933318
2.293946
2.583561
2.437566
2.5815542
2.3687925
2.32587
2.4268131
2.4352
2.4062114
2.4106967
2.271883
2.3038192
2.2755718
2.2372534
2.4748244
2.366569
2.3187058
2.25635
2.4239957
2.183196
2.440711
2.6186185
2.5949075
2.386294
2.4742768
2.646692
2.4594173
2.341898
2.544639
2.4796154
2.4806247
2.5660825
2.509811
2.6395564
2.618277
2.3874385
2.3918195
2.3444118
2.3596113
2.560169
2.403507
2.498575
2.486278
2.3860934
2.459518
2.4574492
2.404992
2.4177303
2.268365
2.4870925
2.297433
2.3443768
2.4146311
2.478703
2.3389454
2.2708786
2.4599237
2.3387089
2.457721
2.541939
2.394515
2.6521244
2.3177955
2.7077105
2.3864944
2.3747048
2.407265
2.4207556
2.412811
2.28108
2.22212
2.4072912
2.4193237
2.397987
2.5664284
2.54902
2.527625
2.647532
2.502885
2.4125063
2.5167196
2.338886
2.613038
2.3682587
2.4598815
2.3609734
2.256531
2.3304021
2.1390924
2.403092
2.3613958
2.4487715
2.4958029
2.3946116
2.2850585
2.5468905
2.5257993
2.4963844
2.3987365
2.4032054
2.4922502
2.5345564
2.368264
2.6568077
2.4787412
2.2957299
2.4469833
2.3048096
2.271432
2.3485053
2.2967002
2.2191546
2.491503
2.3331134
2.4658515
2.6359265
2.3924654
2.656717
2.439959
2.5204203
2.488523
2.3032985
2.2579
2.4662325
2.317356
2.494669
2.752597
2.325019
2.5065274
2.3936043
2.5322738
2.4589374
2.5986686
2.504244
2.358728
2.332671
2.3483362
2.451711
2.3376906
2.3801827
2.338058
2.4123924
2.4215884
2.413644
2.370965
2.3869474
2.527934
2.407509
2.587732
2.5401251
2.450463
2.4848754
2.2970946
2.2266545
2.2805684
2.3992
2.13858
2.3015764
2.4076774
2.3596005
2.410693
2.3969953
2.384555
2.2813137
2.207879
2.2823236
2.3173535
2.4247422
2.2236743
2.236257
2.6436105
2.3958907
2.3474085
2.3810275
2.3746727
2.4382293
2.4057355
2.3940525
2.27604
2.2926064
2.204782
2.3493772
2.4425006
2.2726245
2.529447
2.3284137
2.3794954
2.4485757
2.233383
2.3997695
2.378374
2.4303105
2.2442384
2.2592475
2.3609786
2.3964517
2.2499416
2.2642436
2.435913
2.4035344
2.2895446
2.2026615
2.4248698
2.4583595
2.427804
2.2496552
2.4204464
2.5616007
2.3303876
2.298674
2.2783248
2.280873
2.1465263
2.1654625
2.4184155
2.361979
2.335342
2.3691003
2.4784005
2.5516353
2.3163025
2.336808
2.3949244
2.2463493
2.359949
2.4066498
2.371124
2.309159
2.447254
2.4360173
2.3208451
2.23966
2.3618474
2.6190655
2.241936
2.604078
2.306963
2.329938
2.2846277
2.4837155
2.443837
2.4567335
2.4202106
2.328063
2.2773
2.2570677
2.505359
2.540885
2.6779835
2.3625653
2.2195694
2.34106
2.400278
2.3732855
2.326732
2.5106068
2.3533804
2.462605
2.4802957
2.505352
2.533493
2.3038023
2.5004835
2.562662
2.4085424
2.240527
2.3725648
2.3818598
2.1796737
2.4114006
2.2815626
2.260424
2.3677373
2.1919844
2.3304372
2.3119833
2.339169
2.3279016
2.5465817
2.5055203
2.3557785
2.2841165
2.38209
2.2311459
2.3060348
2.343427
2.4359744
2.3078701
2.3721826
2.4231863
2.323584
2.116294
2.3544998
2.3521986
2.3657475
2.405414
2.4300694
2.4345086
2.233794
2.52906
2.2504983
2.291469
2.4762235
2.3691993
2.3949707
2.3667822
2.3137043
2.1693156
2.4296944
2.370128
2.5138495
2.54649
2.336087
2.3601766
2.3814917
2.390173
2.3902454
2.4348726
2.315151
2.1886837
2.204728
2.3242764
2.17683
2.237221
2.3502164
2.2309234
2.306227
2.2534535
2.404188
2.3089776
2.5319626
2.3938725
2.3756201
2.3142843
2.245316
2.260537
2.2431266
2.3138058
2.3810437
2.519794
2.3750741
2.509256
2.2117205
2.3703058
2.4484758
2.2615097
2.4197276
2.2555335
2.3740456
2.4163556
2.3241775
2.2955196
2.259505
2.2818284
2.208076
2.5240672
2.340247
2.3256443
2.405389
2.3591008
2.3399732
2.1766858
2.2256005
2.2652838
2.2926779
2.2925026
2.2961497
2.3035166
2.3768373
2.483031
2.3009293
2.171119
2.3112514
2.3608994
2.3141556
2.3432937
2.2661147
2.3620675
2.2967014
2.2281609
2.2584393
2.363983
2.3943124
2.3739142
2.307651
2.2994056
2.5115802
2.512292
2.5172186
2.5556555
2.3422751
2.277019
2.483119
2.3199196
2.3624563
2.310716
2.259411
2.4383974
2.3080544
2.2395618
2.3055577
2.3327837
2.4380095
2.2932017
2.2993631
2.5325217
2.2946014
2.392771
2.3543835
2.2756348
2.2178478
2.3032687
2.4359388
2.2302423
2.253265
2.520234
2.3846345
2.354163
2.4180624
2.2962787
2.323377
2.3335667
2.3823335
2.3345647
2.4937513
2.2091844
2.3224843
2.3558414
2.230047
2.2803824
2.4153943
2.284
2.3693933
2.38272
2.310482
2.215824
2.3772538
2.2637272
2.2560635
2.317392
2.3942137
2.196659
2.2756646
2.1981084
2.316398
2.2932377
2.2640114
2.1280055
2.1475503
2.3595555
2.3069367
2.35815
2.1991868
2.1439888
2.2940965
2.2620804
2.3548212
2.3257344
2.448797
2.196563
2.2959225
2.3969772
2.259993
2.2285688
2.238026
2.1310515
2.2440796
2.139856
2.2930405
2.2543604
2.1661825
2.256466
2.2798018
2.097185
2.276853
2.2811594
2.541897
2.230753
2.3440948
2.2801235
2.1856885
2.175585
2.203291
2.274472
2.3289962
2.2018015
2.3555615
2.196572
2.342742
2.263416
2.314959
2.2574644
2.3202875
2.377233
2.262806
2.2433205
2.4770014
2.14832
2.2329485
2.206393
2.33438
2.18605
2.4509075
2.0826874
2.245724
2.1776075
2.1992664
2.2944584
2.2417283
2.352664
2.3034863
2.1952832
2.218396
2.4038296
2.3996465
2.2446716
2.150513
2.2007394
2.1808774
2.1944199
2.2486203
2.3413215
2.1713293
2.1345687
2.3589437
2.255043
2.1277297
2.296104
2.298379
2.3926334
2.2162006
2.4398344
2.0916898
2.3011525
2.2591105
2.245821
2.1819634
2.1776278
2.3555617
2.4176931
2.3805895
2.259021
2.2037516
2.365278
2.4205227
2.219678
2.233765
2.2259655
2.271674
2.2932396
2.2103963
2.4894564
2.284334
2.2788393
2.296667
2.1478634
2.202149
2.2991438
2.172247
2.2387226
2.1021872
2.1137066
2.2829566
2.1532216
2.3384066
2.2180748
2.13693
2.222047
2.2236855
2.238767
2.3432457
2.343313
2.2397685
2.201941
2.2995186
2.3750734
2.4179351
2.2729769
2.2778416
2.2673302
2.299478
2.333909
2.3175347
2.1791174
2.1899557
2.1493762
2.1903617
2.3215473
2.1525435
2.3869646
2.3042786
2.3907685
2.3859053
2.2355835
2.2004097
2.3453221
2.288446
2.3153467
2.451534
2.346298
2.3322155
2.1792514
2.2591302
2.153668
2.1706216
2.1122484
2.267638
2.2397041
2.284601
2.209429
2.2282765
2.1613832
2.2188845
2.3093252
2.4678605
2.4231422
2.1765313
2.1758564
2.2415304
2.1882966
2.3403685
2.357766
2.2687807
2.3479228
2.416638
2.1919894
2.3208034
2.3033621
2.3556945
2.4128387
2.2759402
2.2829316
2.405137
2.143235
2.1405892
2.253265
2.1518595
2.1236808
2.1382575
2.258378
2.277483
2.2365456
2.0903952
2.5151064
2.3704205
2.2048392
2.2679853
2.2550442
2.2940705
2.1348677
2.2520757
2.1944904
2.2898571
2.2119179
2.1042802
2.268077
2.3009827
2.339494
2.3099494
2.2997413
2.0747774
2.263782
2.2328346
2.2310305
2.109079
2.341777
2.157131
2.2481515
2.2574482
2.291684
2.1161647
2.0879095
2.0728288
2.2210295
2.2759798
2.1296616
2.3352108
2.147108
2.3303893
2.0650482
2.1578002
2.2617707
2.2865736
2.2056777
2.179419
2.204663
2.1062624
2.187677
2.084119
2.101387
2.1130595
2.3165164
2.1525116
2.1298733
2.200348
2.33085
2.365614
2.0861244
2.24738
2.1754916
2.1511285
2.0998795
2.1379745
2.1387155
2.3324697
2.289429
2.145285
2.298533
2.329556
2.2623665
2.3028338
2.284469
2.293632
2.253832
2.199892
2.2056112
2.1913474
2.275464
2.1987336
2.28289
2.3044474
2.293762
2.3733058
2.3531594
2.4288297
2.121731
2.2136838
2.2616014
2.2370615
2.1956718
2.29487
2.222171
2.280723
2.2311316
2.25188
2.1752026
2.149684
2.1197236
2.0891533
2.1173563
2.1574671
2.2153084
2.162818
2.289795
2.2659
2.1923294
2.2393966
2.286747
2.150054
2.2604728
2.2018902
2.1166697
2.1663384
2.321502
2.203371
2.1796854
2.0707638
2.2035959
2.1619177
2.2160666
2.1671536
2.1461418
2.146594
2.0540872
2.1657164
2.310471
2.1011126
2.1254563
2.3544543
2.060606
2.2969015
2.2436395
2.295891
2.1522956
2.1140952
2.1878643
2.19696
2.2680495
2.200748
2.0782235
2.152081
2.1346176
2.1333385
2.1545887
2.1391134
2.1103559
2.3128345
2.0591047
2.2029805
2.2059715
2.422344
2.2022376
2.2804868
2.1203825
2.2693064
2.155548
2.0379865
2.1543481
2.2121494
2.157867
2.241337
2.189145
2.172539
1.9942713
2.177864
1.9981825
2.413588
2.1157382
2.0133543
2.1739137
2.0645754
2.09971
2.126299
2.1951292
2.1078155
2.182019
2.125377
2.146529
2.3227751
2.1510313
2.095259
2.039709
2.205411
2.205501
2.162573
2.1850748
2.1255395
1.9876703
2.128729
2.0458207
2.2851613
2.184339
2.2619655
2.2026074
2.1825802
2.3284147
2.1674755
2.2802455
2.1831906
2.06823
2.3298814
2.004066
2.121967
2.1985354
2.1652696
2.382198
2.0360518
2.3143837
2.2463224
2.254508
2.2293344
2.2237134
2.191438
2.1105962
2.2119975
2.0814962
2.1265473
2.2747536
2.184023
2.1261725
2.1745455
2.2654035
2.1588535
2.2093005
2.1205845
2.202108
2.208663
2.1796496
2.311758
2.3785894
2.209745
2.1030276
1.9937977
2.232875
2.1525962
2.0575871
2.026385
2.0765247
2.1226566
2.1942334
2.172486
2.359333
2.2264004
2.2846866
2.183981
2.2393513
2.280578
2.1366358
2.1431105
2.069735
2.0154085
2.036481
2.2071874
2.1465728
2.2598674
2.2497387
2.1313784
2.1532133
2.1188595
2.3011012
2.1701105
2.0582693
2.1755915
2.3118129
2.1121564
2.0336313
2.2605145
2.168637
2.150463
2.1245468
2.243129
2.1648326
2.1317725
2.299178
2.1536267
2.0269427
2.2517238
2.1426942
2.143018
2.271253
2.1664035
2.286745
2.05404
2.1599202
2.0172238
2.1129382
2.153472
2.1405778
2.0179882
2.1898844
2.1809545
2.2346022
2.1321044
2.1852758
2.240866
2.133213
2.1868632
2.1581945
2.0916493
2.02724
2.165161
2.2070925
2.099189
2.038979
2.277152
1.9971105
2.1616125
2.082271
2.147717
2.2151427
2.268105
2.277683
2.144354
2.0736558
2.197315
2.137317
2.164246
2.1440334
2.32207
2.230799
2.1938982
2.244812
2.1658752
2.0654445
2.0279257
2.082056
2.0806174
2.209853
2.096848
2.0385792
2.1166027
2.0800364
2.232555
2.1376965
2.2246778
2.1786654
2.1588788
2.2342374
2.095671
2.1639395
2.0619075
2.1608255
2.151799
2.023815
2.0565796
2.1705434
2.2223215
2.281307
2.1706636
2.1537719
2.2319615
2.2201035
2.0872164
2.0064964
2.185461
2.0198922
2.0461833
2.11504
2.1016686
2.1006718
2.174318
2.1608448
2.344762
2.1521337
2.048781
2.24329
2.1102383
2.1583445
2.132389
2.109127
2.1031845
2.2833655
2.0553856
2.136118
2.219209
2.1165063
2.0273905
2.23064
2.1585357
2.1667166
2.2547588
2.1927655
2.1780293
2.2419944
2.1327477
2.0939817
2.2805564
2.1306348
2.129217
2.271068
1.9888085
2.020014
2.1107912
2.0429897
2.2188995
2.3140314
2.0787685
2.0446439
2.2067626
2.1868968
2.2993898
2.1872442
2.1529775
2.090651
2.1556485
2.1278405
2.0452216
1.994078
2.0534728
2.030409
2.0500283
2.0458143
2.2923925
2.13145
2.0997965
2.141496
2.167357
2.2194045
2.1625354
2.2007968
2.1228955
2.019582
2.0409832
2.1959968
2.1429844
2.1702085
2.3442585
2.1159854
2.121497
2.2918122
2.110279
2.0930417
2.1487515
1.999561
2.0618715
2.0611837
2.1665466
2.1455116
2.0860255
2.1006944
2.2044475
2.1922357
2.1102703
2.0680175
2.191861
2.128721
2.2497334
2.08106
2.0701153
2.3027582
2.0741928
2.2188635
2.0503895
2.105146
2.1146595
2.0886958
2.2724082
2.136808
2.0825844
2.0332441
2.0935228
2.200194
2.3617432
2.414558
2.151099
2.1019044
2.1824217
2.0473938
2.1028488
2.0876005
2.1464925
2.0301905
2.2434115
2.097998
2.3308084
2.3315775
2.109203
2.0909379
2.3060422
2.1347287
2.0937603
2.059422
2.1681612
2.040082
2.0218184
2.0524657
2.06921
2.087021
2.1178572
2.121466
2.121465
2.2504191
2.288591
2.274751
2.0627418
2.1494658
2.1074605
2.1864076
2.1505222
2.1666708
2.0437715
2.014891
2.116048
2.0608256
2.1190264
2.150716
2.0404055
2.0776398
2.1009686
2.0870867
2.1112785
2.0587294
2.2188442
2.2685354
2.12197
2.15133
2.11386
2.0770316
2.0793884
2.0212538
2.1239235
2.0344086
2.19431
2.0363815
2.2401593
2.166262
2.0761254
2.147597
2.2701283
2.3483593
2.0667608
2.0108042
1.9491892
2.0445743
2.151187
2.2047346
1.9853306
2.034325
2.0311456
2.0139604
2.1538994
2.176587
2.2126336
2.074961
2.22053
2.1485274
2.0519269
2.104966
2.3220968
2.1591785
2.2579195
2.295572
2.1326075
2.1251993
2.0362067
2.1702287
2.0851715
2.0573597
2.0126646
1.9636978
2.0799973
1.9815742
1.985572
2.2044036
1.9494216
2.124686
2.058797
2.0090072
2.1522245
1.9369802
2.1353045
2.0218253
2.0672002
2.1736758
2.0559347
2.0645952
2.0659502
2.0751228
2.0233603
2.0609307
2.2074776
2.1179504
2.0017698
2.0585022
2.0188763
2.0245473
2.052468
2.0181458
2.0345342
2.0338626
2.1501803
2.037299
2.157912
2.2925026
2.239215
2.0989735
2.097964
2.029128
2.12136
2.0442932
2.173969
2.1211383
2.1038024
2.1028075
2.0292604
2.0609887
2.115847
2.110785
2.0957544
2.0815923
2.0444927
2.0183313
2.136733
1.9734331
2.0515444
2.2311478
2.146476
2.0718083
2.0365717
2.1189225
2.153124
2.1407526
2.1215405
2.1471665
2.1384184
2.1655326
2.088134
2.1065784
2.0369153
2.0796034
1.982268
2.0467024
1.9466482
2.0455835
1.92689
2.1509864
2.1547422
2.0930681
2.0317492
2.1378858
2.0654974
2.15981
2.104455
2.1125796
2.1634107
2.0903475
1.9966228
2.12155
2.038196
2.0598068
2.0666556
2.0185597
2.2181706
1.9442167
2.15245
2.038661
2.0606544
2.210775
2.049416
2.148743
2.1407714
2.0278182
2.1940095
2.1143284
1.9852146
2.0546522
2.0383682
2.0067973
2.0960815
2.102875
2.186154
1.9549704
2.0111368
2.0255938
2.0202663
2.1271544
2.3518224
2.1288605
2.0429718
2.0116985
2.1245558
2.2042658
2.1333165
2.1718018
2.053071
2.1236753
2.081379
2.0123463
2.3784454
2.0839462
1.9456848
1.9593562
2.16069
2.064694
2.0710187
2.0695934
2.2186723
2.026062
2.079908
2.363105
1.990242
2.0740705
2.0870435
1.9939338
2.1409614
1.9963701
2.0392458
1.9933467
2.0509875
2.0208316
2.0477288
1.9749798
1.9953512
2.193744
2.0581288
2.1781585
2.147176
2.0238752
2.0425937
2.0196679
2.0996242
2.1438675
2.0449488
2.037761
2.0831568
2.1602988
2.0856838
2.0702078
1.9975613
2.1178703
1.9612265
2.1327825
2.000907
2.0464537
2.0714722
1.9933922
2.1965594
2.013933
2.124804
1.9764984
2.039031
2.0487745
2.0409348
2.0752273
2.0921648
2.014536
1.9999664
2.197133
2.0430346
1.9945569
2.4208064
2.0385785
1.9485632
1.9993455
1.9657894
2.032917
2.0385163
1.95763
2.1275005
2.016781
1.9838241
2.0542095
2.2670135
2.089882
2.1388035
2.0988908
2.2944815
2.04402
2.0068135
2.1356676
1.9933047
2.0671048
2.0892324
2.1052947
2.06403
2.0544028
2.094126
1.9916265
2.1671803
2.0510936
2.2553763
2.306836
1.9878927
2.1289177
1.9541075
2.0380368
2.0859835
2.0857005
2.103838
1.987411
1.9725765
1.9129101
2.0870256
2.0351076
2.058404
2.0086005
2.1170378
2.0715265
2.1324341
2.0387943
2.0601232
2.1710687
2.0999806
2.0607305
2.0094101
2.047556
2.016671
2.017961
2.2142832
2.0781317
2.2522576
2.1566126
2.2238436
2.135181
2.2778645
2.1570985
2.113285
2.0540373
2.0249445
2.0810628
2.1246989
2.0686607
2.0933292
2.0124736
2.0296729
2.1215973
1.9608227
2.224662
2.0607262
1.9478711
2.053287
2.1369915
2.0188081
1.8994249
2.0274823
1.9641253
1.9700297
1.9568431
1.9931678
1.9643933
2.0908227
2.0193844
2.0308242
2.0540102
2.0090466
2.0993605
2.096949
2.1731124
2.0678022
2.0255318
2.100345
2.2355814
2.0963135
2.013494
2.1801398
2.1852505
2.1060045
2.1255023
2.1136928
2.081323
2.175462
2.0748708
1.9728823
2.2542505
2.2148635
2.142551
1.8906631
2.019409
2.0473194
2.002783
1.9777501
2.0049634
2.13483
2.0225503
2.0450938
2.1804905
2.18961
1.9807434
2.1749988
2.0441031
2.073334
2.0197332
1.974462
1.9428258
2.011589
2.0837955
2.0209634
2.0075963
1.980582
2.131609
2.0216386
2.0255644
2.0972967
2.1218128
2.1111374
2.2180195
2.154761
3.0285115
3.8234935
5.284723
5.974926
6.441165
6.4520373
6.307107
6.325402
6.242014
5.946957
5.128193
4.685818
3.9752047
3.2885005
2.8102431
2.8832042
2.5881903
2.6495206
2.7345262
2.800185
2.779742
2.6401906
2.5699933
2.5864346
2.4117115
2.489458
2.4197342
2.3450785
2.309594
2.223047
2.2726164
2.397586
2.2852836
2.3179579
2.2114425
2.2784076
2.197807
2.37405
2.270365
2.196535
2.1121504
2.049045
2.0436354
2.2222602
2.0390642
2.0766215
1.99082
2.1810005
2.0740957
2.0952878
2.0781915
2.160366
2.144255
2.0825999
2.299407
2.0524647
2.146005
2.082631
2.1007915
2.1734512
2.0477695
2.1087177
1.9778293
2.252135
2.1483824
2.0614614
1.9800564
2.1137426
2.175873
2.25505
2.1372304
1.9933022
1.9852115
2.177379
2.0948558
2.080208
2.1077714
2.0760972
2.1175015
2.1123831
2.045597
2.0926406
2.144712
2.0870297
2.0126104
2.1265042
2.118106
2.1146965
2.1098175
2.018521
2.098848
2.0754945
2.128407
2.1581874
1.9539951
1.9866258
2.146562
2.1306295
1.9556873
2.1241093
2.0473037
2.031731
2.0479372
2.0775328
2.0802503
2.0918772
2.125105
2.0503662
2.0508375
2.1639605
2.170974
2.095618
2.0576243
2.0069466
2.0766792
2.1363287
2.1006482
1.9759352
2.2359824
2.1330924
1.998183
2.181172
2.0035837
2.078872
2.0973008
2.1694105
2.1479087
2.0769498
2.1794274
2.0399163
2.1825304
2.0637808
2.1470177
2.170303
1.940056
2.1407828
2.1735334
2.0024483
2.073521
2.10571
2.0351195
2.073579
2.037774
1.9979793
2.145539
2.0507352
2.1479955
2.0394442
2.1081805
2.1026287
2.177768
2.009078
1.9071349
2.1010833
2.074074
2.123436
2.0325859
2.2852705
1.9861393
2.1376996
2.15092
1.9629084
2.0963044
2.1903648
1.9817065
1.9868333
1.9429557
2.0813048
1.9373685
2.1198425
2.0128057
2.0776708
2.0970263
2.1534462
2.0558293
2.0661023
2.0208662
2.1388173
2.155313
2.0875702
1.9689482
2.0044403
2.1681967
2.138535
2.0126767
2.1611953
1.9397135
2.0081174
2.0006676
1.943512
2.0317304
1.9519777
1.9874734
2.0148983
2.1682694
1.9405885
1.9670677
2.0601673
2.084495
2.0149584
2.0431561
2.0162013
2.0380497
2.0050392
2.0314505
2.0363305
2.0334713
2.118812
1.974928
2.1004653
2.0001962
1.9504575
2.0114515
1.9603585
2.0029635
1.969627
1.9889665
2.0677097
1.9312087
1.960026
1.9426141
2.0292969
2.0866172
1.9184318
1.9946277
2.128264
2.0307536
2.0621629
2.0767157
2.1042922
2.046161
2.0372648
1.9205275
2.0572035
2.077647
2.009826
2.1352456
2.0357904
2.0841813
2.1236584
2.0341089
2.1284127
2.1776981
2.1801975
2.0721052
1.9769722
1.9641442
2.0273278
2.0190341
2.0580554
1.9554467
1.9246032
1.9397349
2.0371425
2.146456
2.1326265
2.2787726
2.0510345
2.0811398
2.1140285
1.9194642
1.9865732
2.0939507
2.0802658
2.16325
1.9871131
2.0768461
2.0553753
1.9659483
2.0694728
1.9232105
2.0486517
2.0489795
2.207538
2.0116763
2.0153832
2.0124562
2.0621715
1.9386894
2.0592542
2.0742347
2.1195805
2.0875227
2.087103
2.075183
2.062915
1.9917296
2.043038
2.0225182
1.9957942
2.0096009
2.0536296
2.0297563
2.032067
2.1319296
2.1277385
2.0739763
2.0648615
2.1980715
2.0275152
2.077101
2.0741756
1.9857353
2.0433528
2.1562512
1.9940548
1.9556141
2.0195575
2.0439188
2.0686214
2.0450194
2.0250723
1.9189973
1.9735293
2.1429806
2.0750656
2.0537689
2.0899198
1.905485
1.9180684
1.9563426
2.0639236
2.038408
1.9251407
2.031524
2.0549448
1.9956366
1.9690778
2.1386821
2.0274863
2.0966218
2.0628972
2.0581403
2.0387902
2.0887208
2.0620623
2.024987
2.0259402
2.2931476
2.0537565
2.10434
2.0635285
2.1522138
2.0985284
2.0351424
2.125413
1.998655
2.0023155
2.1468124
2.0595963
1.9620104
2.0635617
1.983548
2.034087
1.961287
1.9805415
2.2332275
1.9556729
2.1033487
2.0514095
1.935385
1.9849705
2.040281
2.0527089
2.0349715
2.1091337
2.012036
2.1821852
1.970719
1.9846244
2.054964
2.1602476
2.0024614
2.07297
1.9096949
2.1444535
2.049919
2.0772154
2.0462842
2.0148625
1.9353107
2.0344577
2.233479
2.0266428
2.0678604
2.182781
2.0629694
2.018576
2.0087776
2.0093303
1.9391245
1.9317575
1.9795647
1.9518292
1.9102508
2.055544
1.9849362
2.0081248
2.1424
1.9477459
1.9873135
2.1743646
1.9855058
2.0403216
2.0940886
1.994491
1.9277768
2.0073512
1.9611897
2.1299028
2.0128171
1.945395
1.9855137
2.0271127
2.0016236
2.018726
2.0414526
2.0324113
2.042736
2.1189895
2.0041564
2.0499482
2.0855935
2.0991166
2.0739892
2.041443
2.0564537
1.9681255
1.9685596
2.0234177
1.9089335
2.1250055
2.0442514
1.9971411
1.885995
1.951681
1.9372405
1.9946231
1.9745764
1.9871545
2.023758
2.0172334
1.9456277
2.0199342
2.036866
2.1143289
1.9740412
2.0827944
1.9045583
1.9562173
2.081596
2.0402868
1.9337608
2.0692482
1.9483602
2.0091398
2.0383146
1.8629892
1.9604021
1.8965495
1.9631318
2.0018873
2.00859
2.163525
2.110611
2.0601065
2.0363002
2.0249548
2.0939102
1.9727564
2.0100439
2.1073358
1.999375
2.0019007
2.006192
1.9082823
2.1084433
2.0732472
2.083111
1.9933374
2.0018847
2.0967202
1.985382
2.075727
1.8981487
2.0243807
2.0897412
1.9124964
1.9704477
2.010034
1.9585297
1.973308
2.035812
2.009914
1.9286939
2.080257
2.1084805
1.9543053
2.0580215
2.0239656
2.068484
1.9593012
2.0448687
1.9880266
1.987008
1.9598492
2.009596
1.9696912
1.9908915
1.8594354
1.99012
2.032711
1.9468125
2.045544
2.0451827
2.0503109
2.0456648
2.011939
1.9843886
2.0688787
2.0711687
2.036949
2.0261118
2.0076785
2.0359325
2.0297716
1.9432144
2.0168145
1.9637811
1.957914
2.0773365
2.099811
1.9286555
1.9884927
1.9677061
2.093397
2.0077703
1.9200593
1.9180365
2.0507922
2.017081
1.9990132
2.1273353
2.0997875
1.9054103
2.0090678
1.9969345
2.032049
2.0283463
1.9959277
1.9383147
1.9974749
2.0442455
2.0291312
1.959572
2.018091
1.9606267
1.9318068
1.9791026
1.9515195
2.027815
1.929232
1.9819815
2.2183466
2.0075302
1.9611934
2.0525997
2.0637884
1.9449295
1.9436175
2.119333
2.093846
1.9903665
1.9069083
2.0327373
2.1877456
2.090214
2.1220474
1.9972185
1.9448959
2.0765204
2.014396
1.990069
2.0907345
1.9606001
1.9664445
2.074401
1.9549454
1.9764652
2.1739779
2.1487656
1.952003
2.040273
2.028343
1.967551
1.9302957
2.0135183
2.0935361
1.99441
2.0261893
2.0904655
2.007665
1.8989912
1.9392965
1.9885023
2.0218027
2.1163754
1.9290748
2.0104423
1.9567806
2.026146
1.9904875
2.0180655
2.0035028
1.9134728
1.9760511
1.9002483
1.9722633
2.0059707
1.960011
2.004564
1.9575462
2.0325668
1.9852345
1.964516
2.0019016
2.0335348
2.0438113
1.9936363
1.9898915
1.9835228
1.9534676
1.9956927
1.9569893
2.111969
1.9757175
2.0478864
2.0293071
1.9387066
2.013478
2.0688293
1.98008
2.1254976
2.0501442
2.119812
2.0780852
2.0098257
2.114841
2.0619864
2.0390897
2.192027
2.0170565
1.9493843
1.998451
2.0491438
1.9924635
2.0311556
2.0460188
2.0085502
1.9517118
1.9363594
1.911607
2.1390204
2.1805236
2.0827143
2.0417376
2.1176307
1.9695843
2.0715706
2.0762155
2.0166476
1.8528056
2.036932
2.0172973
2.0076973
1.94515
1.9317572
2.029951
1.9549242
2.091713
2.0829513
2.0639722
2.1868155
2.0436502
1.9832559
2.1464436
2.0439222
2.0723412
2.1869838
2.0420763
2.0433648
1.9734838
2.015146
1.973079
2.1655145
1.8809705
2.0103402
1.9826305
1.9351248
2.0331442
1.9631553
1.988164
1.983948
2.1172497
1.9710029
1.9805907
2.115329
1.9386405
1.9773407
2.0275016
2.0628302
2.0136724
1.9599222
1.9949362
2.1229815
1.8992732
1.9589919
2.0159175
2.0448644
2.0166526
2.016077
2.0164719
1.961053
2.1001287
1.9700454
2.0427854
2.1043632
2.0056517
1.9811941
2.0646334
1.8737372
1.9927783
2.029604
1.9769049
1.942899
1.940213
2.0765517
1.98809
1.9802943
2.0225706
1.9430633
1.9054166
2.049288
1.964875
2.0459638
2.0366228
1.98857
1.974065
1.9937338
1.8864342
1.9848102
1.9540393
2.0334759
2.066089
2.0721064
1.9916246
2.006157
1.9577168
2.08758
2.0231893
1.9234488
1.9918685
1.9515963
1.9275146
1.9386188
2.025661
1.9891082
1.9907374
2.0282536
1.9688575
1.9130328
2.200214
2.010875
2.0755367
1.9852841
2.017397
2.0624053
2.0459068
1.9809332
2.0675244
1.9558738
1.9602103
1.8921028
1.9190757
1.9620174
1.9526505
1.9558038
1.9485434
2.0984936
1.9543318
1.9073435
2.0800643
2.01777
1.9333284
2.028358
1.9479518
2.0147514
2.0364866
2.09812
1.9893744
2.0008078
1.9084985
2.0925164
1.9287018
1.9996965
1.9573382
1.9783821
2.084714
2.0070646
1.9363908
1.9531542
1.9596214
2.0590641
1.9142381
1.9537824
1.9776505
1.967797
2.055049
1.9547973
1.9620949
2.0538337
2.001955
1.9924827
1.9340603
1.903684
2.0262735
1.9319603
1.88193
1.9758521
2.088478
1.9912885
2.0613608
2.0837684
2.0420892
2.0977645
2.137041
2.0569603
1.9948022
2.0158393
2.0275097
2.0751595
1.9397452
1.9447784
2.002099
1.9828705
1.9203012
2.0124238
2.0855415
2.0037842
2.0293834
1.9735653
2.006427
2.039491
2.0655468
1.9187717
2.1376944
2.147035
1.9729141
2.0146956
1.9829831
1.976727
1.9569192
2.0234509
1.9888476
2.0204704
1.9974583
2.079541
1.9855665
1.9587879
1.9898543
1.9811505
2.103515
2.0681534
2.0295162
1.933136
1.9230375
1.9785668
2.0474257
1.9535505
1.9827993
2.1173227
1.9736661
2.048856
1.9741648
1.9578723
1.931967
1.9758898
2.0774987
1.966496
1.9207113
1.94258
1.9057674
1.9417567
2.0149112
1.9572972
1.972161
1.9775085
2.0890496
1.9007449
2.023449
1.9394188
2.075741
2.0962408
2.0598354
1.9469061
2.0148807
1.9715729
2.0719764
2.0341592
1.9818025
1.903717
2.0750062
2.0817177
1.9322565
1.8988265
1.983107
2.1015925
1.9096853
2.118431
1.9721832
2.038812
1.9946038
1.9257615
2.0389168
2.0015454
1.9063548
1.91703
1.9817945
1.886984
2.056933
2.029556
1.9276823
1.9714081
1.9386529
1.9331553
2.0299685
2.0310285
2.0587795
1.9895447
2.026089
1.9770408
1.880102
2.0431366
1.994243
2.029933
1.9755495
2.0853584
2.0088828
2.1203294
1.9391665
1.9744844
1.9502085
1.9916017
2.0380745
1.9458317
2.0058873
1.9414907
2.12227
2.017974
1.918432
1.928551
2.0394685
2.0475116
2.073496
1.9613031
1.976162
2.1024244
2.0546613
1.9391037
1.9573096
2.0326595
1.9190764
2.0597064
2.0435047
2.023472
1.9811604
2.0324142
1.9646697
2.0657454
1.939163
1.9888332
2.0592446
2.0361784
2.0421135
1.963761
1.9381976
1.9105661
2.0599763
1.9846551
1.9924388
1.999364
1.924998
2.0024786
2.091896
1.8609158
1.9316843
1.9527103
1.9862868
2.0534308
1.9136324
1.985166
1.8941017
2.0036552
1.98435
1.9625064
1.9561961
1.9467658
1.9151899
1.9830801
2.003349
1.929956
1.9617789
1.9204668
1.8962088
2.0081186
1.9533079
1.9143107
1.9835881
2.0184908
1.8881845
2.004977
1.9354994
1.9579862
1.9609889
2.0415423
1.968234
1.9766738
1.9365437
1.9866972
2.0184155
1.9747187
2.1135144
2.018945
1.9848788
1.9535643
1.9214027
1.9502348
2.006242
1.9889027
1.8814447
1.9620782
1.9441125
1.9595963
2.0350332
1.9302944
1.831429
2.0495238
1.8920703
2.0826025
1.9768553
2.0396576
1.9965285
2.2205896
1.8942665
1.9474995
1.9794712
1.9249163
2.05262
1.9640119
2.0148616
1.9488254
1.9784772
1.9648571
1.9445173
2.0804758
1.8995485
1.971651
1.9431341
2.0286276
2.0447438
1.9289957
2.0156968
1.90883
2.022922
1.9509223
2.0854013
1.9599007
1.9041951
2.0967784
1.9413548
1.9871049
2.013561
2.0922384
2.0145137
2.014668
1.961439
2.058802
1.9291317
2.10695
1.9855672
2.0320327
1.9287838
2.0032055
1.9185507
2.0126498
1.9492702
2.1086235
1.8921515
1.942684
1.891372
1.9054142
1.906105
1.9660311
1.9173547
2.0282667
2.0705328
2.040165
2.005779
2.127686
2.0492206
2.0178168
1.9682642
2.0276504
2.012836
1.9741982
1.9274462
1.961783
1.8957108
1.9462143
1.9908
1.8694217
2.0845716
1.9058697
1.9285218
2.0538857
1.9585588
2.067252
1.9869725
2.0786085
1.9036806
1.94075
1.9192592
2.0324452
2.0202994
1.993928
2.0469713
2.1409404
1.9309437
1.9318782
1.935847
2.0298862
1.9893003
1.9380724
1.987595
1.95048
1.8927003
1.9702383
1.9817721
1.9656632
1.957035
2.059884
2.013825
1.8997915
2.0482945
2.020626
1.9603658
2.0171993
1.9984975
1.9823067
1.9899672
1.9363555
1.9726105
2.0781763
2.0535927
1.9823108
1.9192398
1.9844395
1.9902109
2.0044153
2.0325162
2.128934
1.9416988
1.9709407
1.9619207
1.9776697
1.9497472
2.0304391
1.9304628
1.9700129
1.9509001
1.870804
2.014418
1.9872471
1.8811507
1.9972085
1.9375032
2.0638318
1.9355155
1.956881
1.881463
2.0535648
1.9302355
1.9016
1.9771937
1.9309
2.029769
1.937773
1.9396956
2.0842383
1.9824411
1.9517697
1.8554329
1.9466228
1.9130965
1.9897327
2.0175502
1.9615422
2.0039973
1.9973263
2.109069
2.048478
1.880215
1.9310944
2.012179
1.8722383
2.0218828
1.987413
1.8797721
2.0138564
2.0082703
1.9487456
1.9513228
1.9522845
2.05349
2.0979755
1.9796925
2.0416255
1.928174
2.0579724
1.8649312
2.0042968
