26.508295
27.11366
26.176428
25.816587
25.892347
25.183493
25.427452
24.848791
25.22966
24.360403
24.586046
24.5108
23.871716
23.855495
23.558495
22.791422
22.525196
21.82432
21.905087
21.38455
21.386406
21.045034
20.857815
20.01471
20.238585
19.78092
19.165724
17.925604
17.623173
17.11049
16.883192
15.775792
14.970249
14.799142
14.139001
14.202525
13.441696
12.993611
13.115452
12.887195
12.34599
12.177518
11.466685
11.411367
11.737884
11.479892
11.332025
11.422519
11.79009
10.989091
10.2822
10.674244
9.864036
10.621559
10.164787
10.825928
10.559648
10.4728155
10.145668
9.025832
8.922773
9.281338
9.326978
9.103034
9.2701
9.605922
9.700831
9.30502
9.056008
8.697394
8.101366
8.488726
7.612673
8.294121
8.433633
8.596759
8.20479
8.069242
7.368248
7.648566
7.445591
7.0662246
6.9354
7.0805407
7.05034
6.535734
6.5556455
6.829644
6.946774
6.271227
6.372834
6.764332
6.784583
6.476624
6.4477215
6.061592
5.704906
5.726921
5.720013
5.715347
5.355597
5.5034733
5.6952558
5.3800406
5.450862
5.2448344
5.1786795
5.3256927
5.130946
5.0528398
4.914966
4.9870324
5.241669
4.765088
5.0124474
4.984495
5.037682
4.959576
5.0823574
5.065181
4.907172
4.642424
4.985057
4.442315
4.591809
4.42426
4.445129
4.4939513
4.66241
4.493654
4.366221
4.666327
4.664973
4.5725665
4.821652
4.620033
4.658433
4.627632
4.48305
4.372667
4.1997733
4.356093
4.0596604
4.5009456
4.29429
4.1876264
4.4412446
4.1703153
4.612765
4.65995
4.3519826
4.432944
4.5917864
4.5531335
4.36207
4.184842
4.1708045
4.44514
4.4575553
4.5028586
4.5046253
4.494173
4.745131
4.569788
4.672175
4.35211
4.457226
4.261746
4.082369
4.4910665
4.169458
4.36879
4.414472
4.371399
4.5307417
4.3224063
4.298271
4.201484
4.1622596
3.8563116
4.2668805
4.3078423
3.988589
4.0719705
4.059543
4.0630746
4.346925
4.3786225
4.202319
4.303351
4.344062
4.4553366
4.156056
4.089593
4.275865
4.192009
4.0851903
4.0836983
4.482675
4.166646
4.232585
4.305782
4.2329054
4.178181
4.2494698
4.1173024
4.028709
4.201013
4.147744
4.535167
4.3942833
4.327506
4.4352345
4.52637
4.364066
4.225948
4.329958
3.992097
4.332381
4.0138373
4.383619
4.1379995
4.297517
4.601074
4.398181
4.368657
4.170106
4.2093678
3.9271595
3.8880372
4.209349
4.0076413
4.0163693
4.1155214
4.3742356
4.2600436
4.375577
4.1808767
4.072878
4.0351067
4.0958085
4.0434647
4.0690575
4.160679
4.1216407
4.112434
4.209621
4.012856
4.108968
4.164065
3.986396
3.9158318
4.041185
3.959556
4.1245494
3.9799893
4.126228
4.316259
4.049158
4.29568
4.278854
3.9783232
3.8620245
3.907158
3.8131866
3.7492394
3.876712
3.9989552
3.788596
3.8719478
3.9121935
4.0404124
4.078498
4.0848546
3.931482
3.795993
3.7530446
3.6774762
4.206185
3.958788
4.130601
4.069793
4.1779556
4.166084
4.30369
4.141229
3.8535936
4.0921807
3.768147
3.7365212
3.862346
3.938759
3.6013644
3.6443548
3.9868515
3.9187138
3.8094237
3.9338195
3.9168646
3.8358972
4.04098
3.7509115
3.5662904
4.10159
3.9179215
4.078602
3.8609827
4.145157
4.390109
3.895194
3.9539044
4.1444955
3.909296
3.857733
4.269659
4.2012396
4.208631
4.601058
4.0540404
4.115799
3.8701077
3.585246
3.9899466
3.807656
4.054542
3.7513967
4.0532656
4.1903434
3.9380019
3.818068
3.9707065
4.200822
3.8741024
3.9281244
4.08598
3.8233101
4.0714417
3.9003165
3.9745183
3.7931588
3.842968
3.7265105
3.8750114
3.7274415
3.722348
3.9233603
3.8480968
3.6311967
3.973665
3.88615
3.6418896
3.4492376
3.807884
3.873408
3.7558517
3.7073033
3.799387
3.757789
3.5890865
3.5684152
3.429132
3.7207232
3.5957494
3.520762
3.742909
3.580548
3.606323
3.443689
3.7279522
3.9463172
3.57906
3.519171
3.451003
3.6686223
3.5997086
3.7312465
3.6489892
3.5987227
3.692944
3.7701735
3.5766835
3.6850243
3.711413
3.432552
3.3853455
3.6193802
3.4901044
3.55885
3.7648516
3.3808608
3.681535
3.6572618
3.5397456
3.3407342
3.503987
3.369524
3.4082615
3.4576802
3.488331
3.4071643
3.493789
3.3976314
3.464364
3.474012
3.3570514
3.407475
3.6458197
3.5444689
3.7754514
3.773614
3.645027
3.466248
3.5511396
3.6663842
3.731384
3.4302657
3.5081165
3.6403635
3.409769
3.4761777
3.4024856
3.274561
3.7725494
3.611028
3.6821475
3.440245
3.4644575
3.430868
3.314724
3.3312135
3.470606
3.2694345
3.391113
3.2873185
3.3504026
3.301746
3.4414673
3.3917224
3.4630306
3.237151
3.499584
3.227942
3.5824962
3.584762
3.4429135
3.2624936
3.5587668
3.5010781
3.2733498
3.2679954
3.184344
3.5042505
3.2429724
3.467392
3.3241606
3.2055693
3.292551
3.5577364
3.383129
3.2574449
3.385017
3.214277
3.253259
3.4028432
2.9832418
3.092452
3.1203067
3.5117137
3.397831
3.007365
3.303445
3.2355695
3.1634946
3.421547
3.0651498
3.1540327
3.386351
3.2520661
3.2564652
2.999283
3.1749654
3.1079016
3.2905521
3.0745327
3.202351
3.1840036
3.2974617
3.2402153
3.2095954
3.1254425
3.1054323
3.0818396
3.142273
3.337589
3.2210755
3.3151085
3.0420604
3.0671403
3.2242396
3.1481066
3.2626305
3.4194756
3.1862786
3.0811403
3.354468
3.0718806
3.0030956
3.1053205
3.0009332
2.935157
3.0422823
2.965951
2.984488
3.0306082
2.884547
2.9383805
2.845126
3.1361947
3.18278
3.0373912
3.100316
3.1426568
2.897388
2.8326864
3.1255105
3.0694442
2.8790443
3.0309618
2.9140372
2.8868997
2.830709
3.1679065
2.8100965
2.9146988
2.8584924
3.0597346
2.923147
2.9616742
2.9796839
3.0813377
2.7339902
3.0335572
3.18061
3.0069604
3.0114675
3.0453105
8.703948
11.896859
12.259548
10.33282
7.694675
4.1567345
7.038345
8.660144
8.458759
6.172551
3.7104526
4.0349603
5.995067
6.331184
5.0077825
3.578804
3.3920896
4.379302
5.3777037
4.627895
3.3688312
3.2983763
3.8496826
4.6911335
3.9022374
3.9948587
3.4637134
3.184007
3.385222
3.4552548
3.3584201
3.0977092
2.996532
2.816816
2.9760675
2.8910265
3.1548824
3.0027056
2.8946245
2.906989
2.8295546
3.2267046
2.9172416
2.9505692
3.0450754
2.747592
2.7476304
2.8665245
2.7999206
2.7592206
2.877839
2.8231146
2.88889
2.7512891
2.629391
2.6824124
2.6307
2.794979
2.8472798
2.8838124
2.7078125
2.7841015
2.937801
2.813646
2.606063
2.8900466
2.777716
2.6858916
2.795796
2.6926215
2.7241595
2.752836
3.1090841
2.7190626
2.7647774
2.755896
2.590837
2.8018484
2.7024696
2.7606297
2.8454604
2.693404
2.9294486
2.7824934
2.6487825
2.8279727
2.790839
2.8062449
2.749249
2.932481
2.944083
2.9105906
2.6065931
2.8287063
2.9703476
3.111048
2.8087642
2.7939558
2.783434
2.6462617
2.767481
2.675146
2.8256404
2.8973458
2.7912447
2.820538
2.8228076
2.586912
2.768957
2.6870604
2.7990484
3.0642986
2.8671947
2.707546
3.0175414
2.626807
2.6349318
2.6507986
2.6503775
2.7029197
2.822165
2.5768113
2.7273512
2.614784
2.8127742
2.7192552
2.746212
2.695079
2.6063106
2.6868682
2.7174718
2.7439256
2.6705456
2.573531
2.5959024
2.6029139
2.7717786
2.6645048
2.7622874
2.5164754
2.524698
2.8134644
2.685436
2.6547656
2.5227835
2.8574584
2.833923
2.969839
2.5950305
2.7942154
2.6605544
2.916387
2.7611856
2.9583166
2.6052556
2.834404
2.6102338
2.8057868
2.8117
2.550701
2.652299
2.5792823
2.8290749
2.848921
2.5239956
2.5983627
2.726368
2.8192692
2.644485
2.696159
2.7167659
2.4936662
2.4759874
2.6911423
2.570194
2.6180475
2.787237
2.7380764
2.739117
2.6881313
2.7047472
2.5774095
2.5933216
2.6808486
2.4808333
2.6375313
2.6118126
2.560222
2.6384637
2.5802305
2.4467115
2.507907
2.5158734
2.4645667
2.6236486
2.6211636
2.412212
2.6371734
2.4596467
2.6597624
2.389837
2.6943917
2.697444
2.7099407
2.5782876
2.358434
2.657089
2.6913803
2.45431
2.476547
2.5296068
2.613924
2.6468213
2.4602616
2.759926
2.549458
2.459449
2.5864565
2.5665057
2.5358684
2.5001006
2.7489276
2.5519898
2.6188958
2.5399625
2.658064
2.6362965
2.6496544
2.6115372
2.480632
2.5703168
2.7269986
2.6150146
2.4825225
2.652502
2.5488358
2.7301707
2.56235
2.5971847
2.514267
2.820937
2.8397553
2.553951
2.7723694
2.5085893
2.6531498
2.629762
2.5263765
2.4939656
2.6681285
2.4835262
2.685039
2.652527
2.6799352
2.5203416
2.55202
2.520476
2.736074
2.5643685
2.5925934
2.4163234
2.518068
2.56536
2.566489
2.2772388
2.543649
2.4985
2.4355235
2.5618355
2.420152
2.4738615
2.4631162
2.3195364
2.551571
2.5015774
2.4285843
2.4884534
2.6869245
2.5068595
2.7047973
2.593967
2.3710675
2.5731695
2.485004
2.445917
2.47896
2.687103
2.567075
2.6055567
2.309023
2.6840303
2.3483672
2.590113
2.5386183
2.3728049
2.4413753
2.4930785
2.496512
2.5432806
2.4815874
2.5997357
2.536373
2.3813865
2.5199914
2.7134905
2.5209355
2.687615
2.5222454
2.4647524
2.470791
2.6079872
2.6409185
2.4700646
2.5091536
2.5315056
2.472535
2.5092394
2.6079888
2.432638
2.4614365
2.6338236
2.5850928
2.387781
2.439869
2.463861
2.3488288
2.5520608
2.541164
2.4605591
2.6955354
2.396791
2.6506314
2.618676
2.4292355
2.5038424
2.27105
2.450895
2.28256
2.4778326
2.4350734
2.2440634
2.471409
2.218659
2.453458
2.4968414
2.489777
2.4395874
2.403677
2.4872074
2.439484
2.3411818
2.429141
2.381303
2.438194
2.3326683
2.4801779
2.3336182
2.5222983
2.438572
2.3959606
2.3561833
2.5498195
2.482325
2.374963
2.2843783
2.459074
2.352741
2.5413935
2.6581898
2.4854522
2.414926
2.3731942
2.415738
2.4118948
2.498192
2.498455
2.4115236
2.372467
2.4616642
2.5033064
2.5595727
2.329923
2.437922
2.4659579
2.5279508
2.5185447
2.659526
2.5056107
2.2518911
2.5707054
2.3743618
2.4389784
2.413116
2.7409735
2.7308915
2.4619057
2.3605144
2.5033593
2.3781276
2.4388292
2.42816
2.357486
2.653827
2.6646423
2.496022
2.6154172
2.417389
2.4783955
2.4713604
2.5410593
2.468085
2.4623466
2.4339185
2.406799
2.440695
2.5080814
2.4448998
2.3966024
2.3451748
2.2689583
2.4290226
2.3077238
2.4550438
2.34722
2.4259021
2.455933
2.2843308
2.3620741
2.459436
2.5006075
2.2178695
2.2949855
2.32476
2.3629856
2.437078
2.3178315
2.408561
2.3915894
2.2470605
2.266627
2.5953906
2.3095903
2.349697
2.4512398
2.5833275
2.3348715
2.3737054
2.38042
2.539229
2.3131635
2.3943515
2.368143
2.2345386
2.461595
2.5748336
2.5663495
2.598401
2.5049736
2.393709
2.5479176
2.5546074
2.40865
2.4600744
2.4687507
2.4187608
2.506849
2.4564865
2.4855814
2.3791037
2.470382
2.4111915
2.515345
2.3230088
2.4453676
2.5933087
2.398852
2.4482424
2.3094194
2.3566644
2.3434334
2.3615108
2.4544592
2.4345863
2.5419092
2.4526916
2.2939749
2.2669525
2.3484654
2.636364
2.2040865
2.3296065
2.276044
2.5264328
2.376293
2.593801
2.429053
2.4025476
2.350134
2.4066067
2.4972696
2.446011
2.233926
2.374695
2.5258014
2.4132152
2.3698542
2.3609586
2.3281908
2.2644365
2.426083
2.480065
2.2948544
2.2942915
2.3449676
2.503993
2.4468913
2.412115
2.4776597
2.4317834
2.4750233
2.499594
2.4252903
2.298162
2.3737476
2.439038
2.348718
2.5180423
2.3542864
2.324309
2.3067896
2.4381137
2.401215
2.434062
2.354851
2.446483
2.2197304
2.4520555
2.191271
2.2814562
2.3386383
2.2831259
2.235977
2.233319
2.3787086
2.312099
2.3570316
2.44132
2.195828
2.240161
2.24299
2.253303
2.177144
2.1807115
2.198387
2.316282
2.263402
2.3357995
2.3139446
2.156991
2.2753358
2.2600882
2.2667303
2.159297
2.3768394
2.1839726
2.3356588
2.2352564
2.0991535
2.4483266
2.3541927
2.136231
2.3701725
2.2145078
2.1012065
2.2939749
2.4198813
2.212245
2.318642
2.22719
2.4040525
2.289434
2.2522223
2.2853432
2.146802
2.3899157
2.2223809
2.280161
2.155356
2.2471654
2.298098
2.227409
2.1748924
2.329129
2.2785945
2.3832715
2.3509314
2.3451626
2.1534114
2.2262685
2.193917
2.097674
2.3758109
2.2664466
2.1528401
2.1655803
2.161671
2.2743819
2.1588514
2.3245077
2.2410712
2.1683395
2.3100123
2.1262386
2.0630822
2.4444132
2.3984644
2.094682
2.3239565
2.190632
2.27524
2.2148454
2.2809794
2.1230962
2.2481866
2.1926455
2.2788048
2.3131206
2.3633122
2.1631875
2.4049532
2.3063567
2.1671546
2.140553
2.493531
2.367652
2.3434014
2.4410627
2.4528039
2.3427966
2.3703876
2.3920634
2.2812774
2.285435
2.3792582
2.3502455
2.202
2.261154
2.2402177
2.1139543
2.1756265
2.3311636
2.262161
2.302818
2.1741123
2.047967
2.151857
2.2555025
2.1102755
2.2860217
2.1793823
2.2188768
1.9961424
2.2715924
2.2194445
2.155608
2.1854503
2.3353267
2.0509827
2.1840525
2.422389
2.2721765
2.1906018
2.3385332
2.4124734
2.1929321
2.1897645
2.2137468
2.2304366
2.206125
2.246512
2.1777594
2.48251
2.2599785
2.143881
2.1842887
2.672937
2.4075882
2.1782773
2.429811
2.397853
2.316003
2.171287
2.1276748
2.226862
2.249063
2.0905612
2.1687524
2.3199959
2.298489
2.0978389
2.3164256
2.333254
2.1634486
2.1922746
2.3625321
2.2858567
2.124611
2.1056657
2.3154116
2.1271734
2.2579625
2.201124
2.0729084
2.1595702
2.2561285
2.2862105
2.228303
2.295406
2.4225504
2.2058265
2.2402465
2.2364743
2.2244656
2.573137
2.2919466
2.1871839
2.2143915
2.3742175
2.2522495
2.2184806
2.1706643
2.224015
2.236482
2.0458734
2.2886186
2.0800397
2.0921612
2.142975
2.144061
2.1671014
2.141426
2.0879138
2.159172
2.1704679
2.077929
2.1115406
2.0151117
2.1473532
2.250289
2.3498664
2.1440065
2.0951414
2.353862
2.292055
2.1876507
2.217632
2.2124696
2.1109345
2.147269
2.284631
2.218507
2.3343952
2.3590949
2.2411213
2.2636733
2.2805996
2.1678336
2.1693916
2.224443
2.5957625
2.318908
2.3845313
2.1715355
2.4111016
2.3913822
2.1016889
2.2722695
2.201567
2.0289917
2.0088377
2.0435853
2.2181265
1.9961013
2.0295866
2.0144773
2.3361027
2.2554803
2.2089577
2.0787776
2.0490422
1.9650155
1.9662477
2.1526415
2.1194954
2.0993714
2.0848303
2.250657
2.0664425
2.0759938
2.1604521
2.338552
2.2590253
2.1932857
2.118078
2.2816687
2.123936
2.1458158
2.287188
2.1642752
2.2701294
2.2290468
2.0599902
2.1941578
2.331731
2.306895
2.087978
2.181923
2.147005
2.2912705
2.2487621
2.139884
2.0481303
2.2462826
2.114517
1.9996234
2.0459528
2.3124213
2.109869
2.1603022
1.8760401
2.0952241
2.00236
1.9304489
2.0707903
2.0932257
2.0547884
1.9385521
2.045472
1.972787
2.045751
1.9978743
2.0814974
2.0259678
2.0690687
2.137522
2.0245705
2.0862575
2.0356596
2.1515265
2.108946
2.1773138
2.232776
2.0375507
2.0479684
2.129241
2.088598
2.1713467
2.1932194
2.0621717
2.008075
2.156555
2.451497
1.9949069
2.0266738
2.170136
2.2510426
1.8713567
1.9069118
2.1878216
2.0145395
2.104672
2.2455554
2.149883
2.495046
2.3710384
1.9566101
2.3726037
2.68513
2.2016737
2.2339349
2.428459
2.4542575
2.0438418
2.2409306
2.4112592
2.1777005
2.174666
2.1703348
2.1922553
2.3535674
2.0098157
2.1506095
2.449303
2.245697
2.1853292
2.1993556
2.3676634
2.0086944
2.294304
2.2696464
2.1495516
2.0965695
2.0672
2.300345
2.2749133
2.106071
2.2913985
2.0908577
2.0201366
2.2135673
2.08965
2.1409662
2.1883276
2.270185
2.0640497
2.0056
2.1308606
2.1876395
2.2470646
2.0704253
2.0354474
2.3964903
2.4091065
2.1465197
2.138926
2.2259386
2.1862388
2.0438533
2.2984455
2.0621343
2.0705624
2.412015
1.9685379
2.029679
2.604833
2.2029016
1.941358
2.190798
2.2259753
2.369168
1.9737477
1.9847052
1.9223596
2.062986
2.215044
2.0406563
2.152476
2.0695415
2.188679
2.1163454
2.0935552
2.0915895
2.1691172
2.1407595
1.9760573
1.929818
2.032006
2.099054
2.0567842
2.18642
2.0796342
2.0709257
1.881305
1.9968038
2.2161872
2.0095587
2.050904
2.008702
2.3329558
2.151997
2.178789
2.1104386
2.289339
2.116175
2.100922
2.155724
2.138687
2.054461
1.9334865
2.0953786
2.1391175
1.9877385
2.0117185
2.011455
2.145439
1.9183073
2.129227
1.9901944
2.0565536
2.0104485
2.0739248
2.0445302
2.0461721
1.9475604
2.0002499
2.0095792
1.920097
2.0687318
2.1924188
2.008544
2.036551
2.1745572
1.9492683
1.9965799
2.0968204
2.3955984
2.045766
2.2325861
2.118032
1.9525243
2.0339541
2.0250185
2.0697486
2.0270975
2.0771067
2.125325
2.0392153
1.9862683
2.1115518
2.310483
2.0114126
1.9604042
2.0696137
2.0153153
2.09605
2.1583765
1.9447533
2.115245
1.8331984
2.4073405
1.9711674
1.9600098
2.1262994
2.070689
2.1356478
2.0711727
2.0315764
2.0354147
1.974169
2.058113
1.9015496
2.1575828
1.9075189
2.025122
2.003604
1.9909108
1.9228464
1.8703163
2.0136695
2.0167146
1.9306997
1.992349
2.2907455
1.9538035
2.13914
2.2405014
1.9163334
1.9579045
2.1885476
1.864231
1.9557039
2.2569063
2.0840926
1.9584099
1.9900739
2.2732804
2.0736763
2.218405
2.1586454
2.1480374
2.016477
2.1828175
2.2762182
1.8805212
2.0963404
2.4489505
1.9455721
1.9731803
2.005361
2.1057374
1.9490706
2.0538995
1.945787
1.9880068
1.9112515
1.9698331
2.258974
1.971116
1.9608368
1.9280448
1.96386
1.8976924
2.0380287
2.3286142
2.0360422
1.9813155
1.9341835
2.0312653
1.9272811
1.9649103
2.1377068
2.1569226
1.95857
1.8866736
2.1910894
1.9340978
2.1243792
1.9700584
2.3013968
2.069589
2.1153185
2.267503
2.135238
2.176843
2.0382257
1.9374423
1.947723
2.3731947
1.9720914
1.9771107
2.2130408
1.9795793
1.949145
2.0276227
1.845489
1.9767758
2.0183299
1.9643618
2.078114
1.9911383
1.9592857
2.1811779
2.098037
1.8931028
2.0283988
2.2247634
1.8984126
2.0089774
1.9058235
1.9779625
1.9020098
1.8848892
1.8610672
1.8762987
1.9550612
2.0860279
2.1251035
1.9949777
1.8724587
1.924021
1.8713287
1.8978583
1.8486447
2.0067558
2.049553
1.9584312
1.9896871
2.0490339
1.9218674
1.7647955
1.9622926
1.9174322
1.8814172
1.8891758
1.800659
1.9238849
1.9869018
1.9767305
1.9549215
1.895616
1.9519686
1.9913987
1.8788123
1.8142444
1.8863164
1.9846346
1.9516785
1.9103845
1.9877205
1.9761088
1.857908
1.9128637
1.9079875
1.9932544
1.8843852
1.8803192
1.8193147
1.9542007
2.0070078
1.8527876
1.8707819
1.9091264
1.984946
1.8799465
1.8833872
1.9977412
1.9059782
1.926595
1.8648474
2.0307004
1.8596288
1.7527184
1.901274
2.0431101
1.8579725
1.9613057
2.2084363
1.8769834
1.9649087
2.0007093
2.1100426
1.8308617
1.869185
2.076837
2.052719
2.0335279
1.9669538
1.9959165
2.0356567
1.9560009
1.9257295
2.0544736
2.0819511
1.8704906
1.7999275
2.2068534
2.039191
1.8368115
2.016543
2.0491955
1.9210347
2.0151048
1.9141722
2.1537519
2.1281354
2.0588138
1.9881483
2.4189835
2.0129552
2.237659
1.9877179
1.945353
2.023153
1.9069912
1.8969603
1.8391702
2.0391083
1.9313288
1.8286309
1.8235953
1.887816
1.7732581
1.8099759
1.9022665
1.9499295
1.8433195
1.956353
1.9281937
1.8989508
1.9385407
1.869271
1.8678292
1.7971609
1.9061707
1.8608702
1.8520033
1.8934858
1.8750577
1.9322064
1.8881582
1.8761386
1.996529
1.8782388
2.0277572
1.8471843
1.9930782
1.8844575
1.8622205
2.0505934
1.8949865
1.8464615
1.9322474
1.9128102
1.9913849
1.8693587
2.0438998
1.7764231
1.7957809
2.0924942
1.9182348
1.9978557
2.4549005
1.8365978
2.0097399
2.0843527
2.0158668
2.0697932
2.177281
1.8504235
2.1166184
2.0955167
1.925121
1.928869
1.8179117
2.1260214
1.898021
1.9590085
1.902362
1.9435136
2.1869626
1.9779035
2.1891484
2.1358535
2.1354687
2.3422058
1.8181725
2.039393
2.2548084
1.9628053
2.150323
1.9110153
1.8928273
1.8094712
1.9438746
1.8870972
1.8454795
1.8041295
1.804599
1.9715875
1.8623967
1.8842322
1.864994
1.8731748
1.7637115
1.8913758
1.9099478
1.8707186
1.8271853
1.9533175
1.9227277
1.9216132
2.0587127
2.0132546
1.8985271
1.9118965
2.1616218
1.8799905
2.0106068
2.209811
1.9541347
1.9454072
2.0575666
1.9772565
1.8642516
1.8971667
2.1546304
1.8147597
1.8971981
2.1620514
1.866645
2.0586073
1.8302675
1.8957181
2.2450237
1.8177315
2.0141246
2.3984654
1.9127046
2.172866
2.4703796
1.8924153
1.9197855
2.1338367
2.182063
1.8315372
1.8407495
1.9162017
1.9382907
1.995826
1.7857658
1.8118844
1.8575999
2.0682964
1.9223533
1.8440403
1.847779
1.8358285
2.0788467
1.914205
1.9058923
1.8278912
1.918741
1.8773106
1.8559645
1.7866983
1.9250288
1.8720256
1.8418311
1.9733123
1.863875
1.9076846
1.9291782
1.9646268
1.985757
2.078242
1.9211653
1.9313382
1.8269241
1.920929
1.8266906
1.7927649
1.9355153
1.8537682
1.8567134
1.7507681
1.9572067
1.8543732
1.7691641
1.8822497
1.8574642
1.9268605
1.8790452
1.868437
1.8911589
1.886091
1.7380862
1.8139036
1.7680572
1.7638742
1.8765483
1.9018725
1.8170499
1.7670294
1.8635052
1.8490353
1.7361495
1.8933853
1.8565308
1.7873605
1.8648056
1.7745402
1.8799554
1.8583517
1.7635818
1.7743655
1.8206804
1.7503682
1.798265
1.8614715
1.7932245
1.889823
1.7735213
1.7152749
1.8446784
1.77569
1.7740172
1.8035889
1.7838857
1.934088
1.8547788
1.7633085
1.8758311
1.9878994
1.9277793
1.7931415
2.071386
1.9436778
1.7886028
1.8460182
1.8770595
1.9902775
1.9742253
1.9255263
1.783176
1.7865555
1.8764678
1.7842925
1.7518543
1.7326193
1.8229089
2.1216915
1.8868864
1.8351989
1.834995
1.8436021
1.8598827
1.937604
1.9578853
1.8954496
1.7677225
1.8350599
2.0242977
1.808881
2.067234
1.8074069
1.8106079
1.7691392
1.814335
1.969838
1.9397862
1.922187
1.9875586
1.9261465
1.7811978
1.9001641
1.8499643
1.7503526
1.9512478
1.8586282
1.7955757
2.423319
1.7738023
1.8321246
2.0061183
1.9210784
2.022643
1.910128
1.73067
2.114708
1.8933285
1.9046769
1.7968062
1.9454932
1.7906803
1.7669345
1.7310108
1.8005401
1.837909
1.9209524
1.8592865
1.8583558
1.9699705
2.112876
1.796337
1.9863484
2.112705
1.7071285
1.9167972
2.0783627
1.8211323
1.840462
1.7634017
1.8918995
1.7760743
1.7467136
1.8337727
1.8227803
1.8169422
1.9917035
1.7572225
1.9433907
1.9194076
1.8354421
1.8556267
2.1368148
1.8034856
2.0617898
1.9664993
1.9878039
2.1403792
1.9332874
2.0977376
2.215265
1.956733
2.5431862
1.8779877
1.8241677
2.1892977
2.136414
1.6949174
1.803586
2.2592418
2.2485218
1.833385
2.006755
1.9434
1.7773592
1.8330294
1.864469
1.8603985
1.8782347
1.8161433
1.9591031
1.9816678
1.8474962
1.9062519
1.919393
1.962548
1.6821741
1.8384258
1.8827507
1.7303323
1.902544
1.908677
1.7913411
1.7853262
1.7013582
1.7846355
1.8289797
1.7383691
1.7726557
1.7642182
1.8078268
1.9199641
1.961306
1.7704248
1.7503971
1.896819
1.8391411
1.9044076
1.8216883
1.9589347
1.7585275
1.8955806
1.8364218
1.8817115
1.7921228
1.9026157
1.9160553
1.7917137
1.8379737
1.842841
1.8313115
1.8668565
1.8280686
1.8348362
2.199541
1.806005
1.7962754
2.0315316
1.909842
1.7501832
1.9703095
1.8289583
1.8846067
1.7659731
1.8143024
1.8399496
1.7326962
1.8685023
1.922532
1.8811873
1.9289207
1.7776978
1.8907853
1.8098655
1.7991682
1.9176887
1.7093186
2.0548022
1.892344
1.7908083
1.8539215
1.807842
1.8359345
1.8885872
1.8864825
1.7278415
1.7873597
1.8859859
1.7430253
1.8057255
1.7636039
1.779326
1.8059747
1.7141217
1.9129337
1.8704885
1.9363796
1.8960692
1.8877633
2.0311615
1.8346851
1.8524033
1.7851768
1.9390049
1.7830619
1.8628916
1.9416318
1.7887007
1.770304
1.790439
1.8617764
1.7685034
1.8969759
1.8318348
1.8446336
1.8855091
1.8497417
1.9108275
1.9089303
1.7522957
1.8283173
1.83589
1.764195
1.8183078
1.7932192
1.7876008
1.702428
1.7546722
1.9116049
1.8326702
1.8886722
1.7380118
1.9174237
1.7271138
1.7313912
1.8077222
1.8293155
1.7060095
1.7062144
1.7618524
1.756359
1.8865563
1.6955212
1.7803123
1.9200721
1.860498
1.9264065
1.8094658
1.8099892
1.9483768
1.7798703
1.746116
1.8603187
1.9132872
1.7865901
1.7520515
1.7552994
1.925352
1.731205
1.896556
1.9282435
1.9255424
1.7866052
1.8904917
1.7756996
1.8328773
1.9137266
1.8304138
1.7549204
1.8881179
1.7558389
1.786387
1.7954723
1.9305916
2.14267
1.8206807
1.7780457
1.8764354
1.860146
1.695228
1.8758034
1.7206115
1.8955917
1.853615
1.8525583
1.9566423
1.8937488
1.659934
1.8024545
2.0843644
2.0217924
1.857822
1.7532417
1.9550515
1.9248222
2.032498
1.944098
1.8662013
2.1837575
1.9246073
2.0192795
2.0384188
1.7974775
1.8768214
1.7403455
1.8097291
1.8380518
1.8104928
1.7960702
2.0017583
1.7715198
1.7488174
1.787622
1.9507208
1.755386
1.8030227
1.8397624
1.8312638
1.8289859
1.7866654
1.8452034
1.8041435
1.846993
1.820205
1.8386778
1.777379
1.813512
1.8121889
1.7335714
1.7717853
1.8410208
1.9034836
1.8509905
2.0754688
1.8946087
1.8191519
1.994579
1.8890947
1.7733393
1.9523784
1.8873075
1.9737885
1.892252
1.7325245
1.8475765
1.877077
1.9430286
1.8958175
1.9204907
1.8976965
1.9230589
1.7500381
1.9790282
1.8479147
1.9265957
2.0725753
1.884969
1.8190979
1.842552
1.9387498
1.924875
1.8274735
2.03146
1.8827332
1.8499734
1.7319677
1.719857
1.8114414
1.7150366
1.8177996
1.7263153
1.838414
1.7777355
1.7696787
1.7606156
1.8710185
1.7656118
1.6974735
1.7429582
1.8885052
1.790175
1.913686
1.7919017
1.8760065
1.727094
1.8114941
1.8198502
2.0150595
1.8674872
1.9296056
1.8773612
1.9275893
1.823355
1.791456
1.8023585
1.7320162
1.7110585
1.8529035
1.7342292
1.7126946
1.8095633
1.6936245
1.7966423
1.735162
1.7869456
1.7594078
1.8088132
1.7454635
1.9337348
1.6847415
1.8052045
1.8000505
1.9367955
1.697999
1.7774606
1.7901365
1.8831825
1.7823488
1.8333081
1.9142348
1.8668166
1.9744493
1.8044692
1.9001294
1.7568059
1.9026155
1.8134893
1.7122835
1.7791759
1.833336
1.7451195
1.7562838
1.8727328
1.8514665
1.721243
1.7881777
1.8851192
1.859279
1.8421279
1.8308045
2.0136683
1.8355458
1.7638065
1.774069
1.780627
1.8058945
1.8603833
1.7121606
1.8419902
1.9016802
1.7131205
1.7945013
1.8701514
1.7829059
1.6364324
1.708185
1.8020053
1.7297672
1.7016958
1.7726926
1.8630648
1.7231237
1.7817805
1.766347
1.8866117
1.772955
1.7976192
1.8283113
1.8381945
1.7539465
1.8512647
1.872961
1.8552272
1.7402142
2.0100515
2.0130076
1.8521216
1.8256474
1.9001243
1.8414882
1.8640193
1.8144014
2.0610774
1.8362312
1.7309793
1.9812082
1.9664966
1.7809793
1.7539163
1.9848123
1.8079466
1.7823416
1.7827837
1.792976
1.7416044
1.7576517
1.8460108
1.7616087
1.7243812
1.7716563
1.804772
1.8534882
1.8946806
1.7936662
1.9424485
1.8321006
1.6816181
1.904974
1.8363265
1.7844563
1.7549518
1.740341
1.7606305
1.7179778
1.7350662
1.6935967
1.9353362
1.709679
1.8203809
1.777279
1.7857122
1.738136
1.701487
1.8276192
1.7640842
1.7797492
1.8567115
1.745118
1.776837
1.8663529
1.7837884
1.9007914
1.9343818
2.2604444
1.700851
1.8846679
1.8438964
1.7489729
1.7527248
1.7672341
1.7622962
1.715816
1.767602
1.7132797
2.0072553
1.7463733
1.7811183
1.7974182
1.7844456
1.6910814
1.7283658
1.7877347
1.7103535
1.8311387
1.7462748
1.8108795
1.8194025
1.7619977
1.7672124
1.9068497
1.9950613
1.7579514
1.8489645
2.1233995
1.7776953
1.7895666
1.8759392
1.8531067
1.6402956
1.8991576
1.7148435
1.7352763
1.8376935
1.8187598
1.8008505
1.7981936
1.8008243
1.9235804
1.789506
1.855596
1.7819762
1.6714466
1.9789475
1.9794083
1.8665962
1.8563365
1.9647187
1.9371433
1.7568723
2.1548727
1.9153829
1.8270272
1.7064263
1.9274205
1.8096472
1.7363117
1.871902
1.8742585
1.8733294
1.7806216
1.812664
1.885998
1.7143059
1.7135037
1.7857606
1.7853053
1.7890882
1.8385718
1.7548635
1.8660638
1.7597209
1.6897323
1.8575647
1.7950891
1.7592714
1.6736275
1.7345313
1.8219924
1.6650982
1.6801738
1.8073257
1.9366777
1.7770393
1.8520845
1.8670013
1.7562587
1.799721
1.8514825
1.8231227
1.8000913
1.74951
1.7634574
1.7948637
1.8151405
1.8809085
1.9157428
1.6438315
1.8026595
1.9446508
1.8791885
1.812228
1.9788997
1.9538518
1.7992835
1.8452523
2.061942
1.89407
1.7880378
2.279485
1.9844362
1.8422647
2.2564251
1.8583169
2.2042842
2.0368857
1.9756982
1.9836092
1.9308668
1.7000525
1.7857242
2.099353
1.7802002
1.7375824
1.7853155
1.7606627
1.9861847
2.0319328
1.7863026
1.8668823
2.0969179
1.9450202
1.7647588
1.9710808
1.9932305
1.7872225
1.897754
1.770921
1.8289099
2.036429
1.8121867
1.7830958
1.966576
1.8114469
1.748841
1.9456385
1.8579484
1.8572723
1.6677502
1.8991765
1.8546063
1.6801732
1.7891233
1.8409463
1.7228341
1.7545011
1.7361706
1.7478255
1.9020358
1.7935977
1.8148452
1.8100642
1.7970414
1.8343318
1.7614908
1.804111
1.7597115
1.8184282
1.939473
1.8412825
1.7665068
1.7455531
1.8503759
1.9919093
1.8014241
1.7375015
1.9505799
1.8802938
1.7964995
1.7380245
1.7716191
1.9368968
1.7632807
1.8748237
1.8029478
1.8261572
1.7608594
1.7689353
1.7372773
1.7401459
1.7909844
1.7311045
1.7895412
1.8220454
1.741957
1.8290497
1.7894734
1.884601
1.8239585
1.7671456
1.851679
1.7818263
1.698954
1.698613
1.8912024
1.6826782
1.7243598
1.6784863
1.6903827
1.6939416
1.7031724
1.7194346
1.6848643
1.7405792
1.7274014
1.6751512
1.7422298
1.672864
1.785942
1.7460103
1.7019557
1.7403792
1.673675
1.867333
1.6940442
1.9243422
2.0465353
1.7657987
1.8922772
2.102152
1.786893
1.985285
2.0213075
1.7835661
1.7926779
2.0760577
1.875892
1.7294697
1.9186072
1.900859
1.6758758
1.8323814
2.0721624
1.7538033
1.8102027
1.8512355
1.7457391
1.7590295
1.8050884
1.6760542
1.755768
1.925285
1.7324948
1.7465565
1.789339
1.7274728
1.725155
1.8696717
1.685169
1.8422033
1.7225387
1.8383267
1.8235563
1.7735437
1.8922688
1.906606
1.7583799
1.7114568
1.7427822
1.844188
1.8400272
1.800464
1.8110893
1.6885984
1.8135026
1.691115
1.7179395
1.7187577
1.6920518
1.713184
1.6974487
1.7193605
1.6319288
1.7853798
1.8147596
1.79112
1.690435
1.7277654
1.764475
1.7810025
1.6885787
1.7758297
1.8458296
1.9072543
1.7261609
1.8438692
1.8005997
1.7200613
1.7946904
1.7675894
1.8385009
1.7714927
1.9749489
1.7744552
1.7691587
1.9861935
1.7012863
1.7520373
1.8234918
1.874027
1.7387967
1.6812373
1.7657423
1.868126
1.7825828
1.7701187
1.8417073
1.7379099
1.8271239
1.8127141
1.8562429
1.8004857
1.8877385
1.8427591
1.7870715
1.8688636
1.857733
1.8157083
1.934073
1.7614547
1.9120575
1.8048538
1.817757
1.7203758
1.8192915
1.8103843
1.7210646
1.753178
1.8255885
1.6932658
1.6710724
1.8475155
1.7508132
1.682664
1.7181045
1.7702845
1.6919117
1.6737981
1.678611
1.6789465
1.655641
1.7630231
1.7756929
1.8973461
1.7434545
1.7475282
1.710212
1.7392796
1.7323103
1.7668327
1.6475455
1.7482084
1.7855945
1.733078
1.7040808
1.7588196
1.835907
1.7104255
1.7200446
1.674455
1.8178988
1.6979707
1.7475305
1.6784003
1.8055775
1.8212086
1.6639067
1.8262583
1.7437536
1.758477
1.7185497
1.6808485
1.9773283
1.7764835
1.9334213
1.8179835
1.6965445
1.8210392
1.7573109
1.6809063
1.7256944
1.6766847
1.7023557
1.8137624
1.7304796
1.738869
1.7299111
1.941175
1.8504127
1.7085569
1.6700689
1.9445282
1.6803665
1.7255695
1.864675
1.7581657
1.7162411
1.8930577
1.8654029
1.721831
1.7785394
1.8556757
1.7011622
1.8433048
2.050281
1.8062308
1.8909733
2.1001866
1.9274229
1.9126197
1.880836
2.0112703
2.119146
1.736529
2.0403473
1.9472239
1.8968005
1.7800477
2.0801187
1.847159
1.794133
1.8301563
1.9074336
1.8252002
1.8670697
1.7868762
1.7116005
1.976154
1.6382105
1.7542379
1.7547959
1.8716747
1.7448747
1.6936011
1.6769435
1.989264
1.8578025
1.6876261
1.678528
1.725265
1.9084008
1.7357227
1.7907631
1.8715826
1.7582005
1.6796876
1.7651054
1.7070099
1.7179136
1.8747942
1.6549728
1.7155995
1.6885865
1.6767102
1.6272024
1.8113465
1.6999357
1.8550613
1.7504212
1.7479087
1.6457893
1.8251318
1.7747008
1.6753993
1.7129633
1.7150158
1.7034186
1.6552682
1.8011883
1.7165523
1.6852489
1.8031822
1.792761
1.6852223
1.895279
1.7296357
1.8131132
1.8190275
1.6989233
1.7513111
1.7470248
1.7524
1.782779
1.750998
1.9188508
1.7163963
1.710752
1.7620639
1.7044543
1.7120672
1.7438421
1.663622
1.7619717
1.7935721
1.7084669
1.7309268
1.7832325
1.684938
1.6425815
1.7427709
1.942569
1.8145751
1.829111
1.7776945
1.7586085
1.9691408
1.693132
1.7103248
1.9901216
1.8950822
1.8289075
1.9884
2.1854563
1.7634728
1.7441747
1.9843688
2.1718495
1.8496407
1.8020922
1.9354973
2.0023048
1.6798766
1.6976879
1.7425294
1.7587955
1.7169
1.722433
1.7720265
1.7053772
1.7199651
1.8563595
1.7616943
1.7425636
1.8648708
1.9757464
1.8673654
1.7609215
1.926759
1.983574
1.706037
1.7010274
1.9125745
1.6941724
1.836524
1.88627
1.7324888
1.756863
1.768183
1.8236585
1.7757127
1.771252
1.7316707
1.6542797
1.7799443
1.7428306
1.7092944
1.7365512
1.8293122
1.7602086
1.7981279
1.8476175
1.8893305
1.8765228
1.7425947
1.8407495
2.0203323
1.7335289
1.6847415
1.7691473
1.9620242
1.716431
1.7858995
1.8828852
1.7357622
1.7333595
1.6871967
1.8349088
1.7919557
1.7326273
1.7673752
1.7900656
1.7785262
1.6650926
1.6951203
1.7937651
1.7596993
1.7723635
1.7186917
1.7385588
1.8174708
1.8759528
1.689951
1.7141517
1.8591655
1.988559
1.8700532
1.8666112
1.7331687
1.9354826
1.9616644
1.6961253
1.923418
2.3085165
1.8519173
1.820514
2.0934348
1.7345643
1.7125311
1.7985209
2.2602985
1.7116737
1.9304237
1.8370544
1.7334731
1.752124
1.7731656
1.783082
1.7400855
1.7455207
1.8091698
1.8419135
1.7138052
1.7261045
1.8760587
1.6816095
1.8097272
1.8646797
1.7570567
1.7156097
1.8436606
2.045866
1.7344277
1.7882601
1.8945303
1.7604088
1.7433575
1.7424839
1.8213217
2.136314
1.8312488
1.6916218
2.071871
1.8392837
1.7662835
1.7722515
1.8447322
1.9227097
1.7026433
1.6855778
1.761734
1.7020767
1.761292
1.8923225
1.6548525
1.6258805
1.837647
1.8387308
1.7087377
1.6372252
1.72917
1.6694182
1.7181687
1.7149003
1.6745447
1.7493837
1.6786478
1.7471622
1.760104
1.727572
1.8016194
1.7228128
1.8113008
1.7903404
1.7136955
1.732429
1.7288307
1.7612218
1.7630731
1.8227057
1.7410781
1.8133293
1.7400854
1.6976808
1.719517
1.7545632
1.6893705
1.6483208
1.6875405
1.7119727
1.7412478
1.8025442
1.8115255
1.7270503
1.7605742
1.7521455
1.7037363
1.7188293
1.72747
1.6769073
1.7086612
1.7014269
1.685397
1.6142954
1.7798183
1.7369765
1.6493034
1.771331
1.714879
1.6874752
2.0389295
1.7381889
1.7577397
2.0776784
1.7111545
1.7098242
1.6910053
2.0369606
1.8276447
1.661646
1.9518644
1.7861774
1.70987
1.7378887
1.6628412
1.7702955
1.8014833
1.7206542
1.6211504
1.8343987
1.7621051
1.7263538
1.7283252
1.685361
1.906868
1.8914295
1.727249
1.7098508
1.8603129
1.7431912
1.7188505
1.6129405
1.7959043
1.7393832
1.7911323
1.7397215
1.6963435
1.8759212
1.7276838
1.7584474
13.752334
19.127487
21.45462
22.328936
22.702436
22.961243
22.980183
23.663214
23.775826
24.84674
24.730852
24.118275
24.650438
23.939468
24.150564
24.201488
23.859436
24.185831
24.585833
24.026243
23.998337
24.233778
23.692926
23.401505
23.656445
23.624453
23.334208
23.880981
23.204771
22.848001
23.612955
22.946375
23.047665
23.072788
22.759377
23.270084
22.135796
23.0335
22.33531
22.466066
21.8129
22.60824
22.364552
22.29824
22.11598
22.042046
22.313211
21.726349
21.294533
21.953371
20.350592
20.893011
21.279629
21.141993
20.61802
19.85134
20.157448
19.402716
19.864672
19.741684
19.474186
19.798145
19.316181
19.035772
18.72572
18.28726
19.000889
18.315113
18.022947
17.941483
17.413055
16.948034
16.832983
16.89497
16.03605
16.013817
16.179817
14.681681
14.405062
14.718996
14.92349
14.366959
13.866481
13.503508
13.353094
13.357637
13.92809
12.748832
12.970978
13.018373
13.131336
12.955286
13.044921
13.138218
12.499408
12.76736
12.5542
13.06446
11.947704
12.866615
12.918426
12.751296
12.166023
11.787784
12.068396
12.235505
11.891164
12.516732
12.361737
12.171084
11.870422
12.60342
11.6979475
12.517928
11.71425
12.052936
11.605911
11.622884
11.50073
11.914946
11.43182
11.9363
11.492371
11.508589
12.013518
11.409154
11.599416
11.110563
11.498561
12.523211
11.298339
11.361004
11.721576
11.294387
10.969033
11.28288
11.665143
11.501512
11.278048
11.199277
10.488357
10.97882
11.239752
10.84732
10.63679
10.898824
11.084856
10.75306
10.88801
10.70231
10.931438
10.466504
10.53799
10.745392
10.443502
10.004898
10.409662
9.636536
10.28794
10.343602
10.377902
9.824837
10.170292
10.156648
9.912149
9.658892
9.4837055
9.925244
9.716586
9.8714075
9.290725
9.352264
9.541743
9.4369
9.381011
9.140486
8.941397
8.925382
8.885252
8.501312
8.250964
8.37729
9.100208
8.280329
8.06013
7.749278
7.917138
7.760249
7.285403
7.3459105
7.302903
6.8567863
6.74429
6.950089
6.3971496
6.2005377
6.227664
6.2409525
5.968312
5.6633086
5.533533
5.118617
5.070099
4.995092
4.6512218
4.6599493
4.3672748
4.3188066
4.1315556
3.8240879
3.793069
3.6234262
3.7018194
3.405201
3.3971705
3.311473
3.1629164
3.1796384
3.0958402
3.0186183
2.9220169
2.886948
2.882314
2.6915555
2.7505925
2.6759775
2.7356894
2.6611636
2.578651
2.635314
2.6208625
2.49987
2.4835498
2.495757
2.5358257
2.345622
2.4695156
2.4377804
2.4449055
2.3204231
2.369234
2.2612267
2.4127665
2.492765
2.389878
2.2851617
2.3849185
2.2824233
2.3350053
2.3227873
2.3280954
2.304247
2.3875134
2.322278
2.3409812
2.443568
2.259676
2.4198875
2.375775
2.306166
2.3372946
2.257536
2.369058
2.3131166
2.330708
2.288291
2.2263186
2.340118
2.275086
2.281089
2.4676445
2.3287575
2.194697
2.293284
2.2536476
2.2044837
2.1622884
2.4072804
2.2470894
2.2186005
2.1676137
2.2390544
2.339774
2.2659605
2.3541057
2.2398388
2.297855
2.29264
2.2670536
2.120828
2.2561052
2.2464924
2.3676252
2.299624
2.2110364
2.152199
2.150328
2.285552
2.3366544
2.1448858
2.218558
2.27169
2.1874967
2.2226338
2.135123
2.1631463
2.1378295
2.2919612
2.2002935
2.288031
2.1875563
2.166926
2.2463145
2.1490717
2.4364035
2.1942306
2.3499305
2.143085
2.2654228
2.2013915
2.166202
2.1734421
2.0700905
2.2812016
2.1970658
2.2901628
2.202921
2.3773088
2.2824178
2.3490334
2.341886
2.102303
2.1909804
2.178818
2.2673676
2.0056593
2.4595804
2.2312717
2.1741083
2.304054
2.4171336
2.2275205
2.372746
2.268286
2.3544738
2.1840413
2.236787
2.1995895
2.182098
2.1963918
2.1553857
2.2823775
2.1534226
2.195106
2.4226825
2.2717075
2.309432
2.3314579
2.25063
2.2429438
2.242548
2.2098644
2.3085148
2.072256
2.190674
2.037977
2.3941784
2.1429014
2.343251
2.277065
2.2737224
2.2498372
2.2229962
2.112212
2.1810303
2.1715302
2.2538016
2.2794974
2.2661107
2.21863
2.225222
2.335977
2.2143273
2.263984
2.301786
2.2955785
2.233019
2.1153743
2.0456467
2.0776384
2.0815747
2.1178265
2.187419
2.1569204
2.3142924
2.2095096
2.2657275
2.3021667
2.2419765
2.2107491
2.0296159
2.1895
2.252441
2.3745828
2.2276902
2.1155565
2.1759934
2.299926
2.166509
2.0559943
2.324774
2.125166
2.253015
2.0578873
2.0586207
2.1407375
2.0227559
2.3223464
2.1511304
2.3411205
2.1660557
2.0896187
2.005289
2.099587
2.1864665
2.4835145
2.2432852
2.2556517
2.0956748
2.1542768
2.1361694
2.2778003
2.301616
2.2116644
2.1870823
2.2797096
2.237821
2.120072
2.0523272
2.146444
2.1107154
2.0155578
2.0905533
2.185674
2.1658323
2.3370895
2.2423618
2.1670675
1.9902772
2.073068
2.3547091
2.2882426
2.2334085
2.3656185
2.344392
2.218926
2.1740656
2.1558323
2.184148
2.1540916
2.2471943
2.259235
2.2268634
2.0376067
2.269689
2.0966094
2.234073
2.2254632
2.1231844
2.153831
2.2472446
2.2439754
2.083569
2.146481
2.052693
2.181214
2.2804
2.132483
2.101412
2.1665292
2.0900204
2.1501477
2.121152
2.1679895
2.038144
2.1922064
2.0898404
2.1612892
2.0962675
2.0306816
2.0935173
2.1546104
2.2145586
2.1480339
1.9784235
2.169391
2.240762
2.2520275
2.2019665
2.106396
2.1584277
2.181456
2.1509554
2.0538821
2.170047
2.0683079
2.171652
2.1128736
2.169298
2.0040078
2.0089438
1.9757812
2.183968
2.103324
2.2509897
1.9421382
2.2155473
2.116723
2.1851056
1.989226
2.135091
2.221505
2.2001314
1.9886742
2.248658
2.0339246
2.3465848
2.163765
2.3281066
2.1348011
2.051734
2.1546426
2.156053
1.9860265
2.173954
2.030839
2.1600695
2.0952606
2.0240777
2.1500466
2.166987
2.1859658
2.0566013
2.031235
2.204573
2.23517
2.02313
1.9754895
2.1145217
2.0976477
2.2760894
2.0383906
1.9362208
2.0607631
2.1554995
2.0671327
2.088642
2.0359046
2.102204
2.266335
2.089859
2.0116353
2.0779173
2.0247014
2.092209
1.9851578
2.2709124
2.050266
2.1254363
2.095178
2.084635
2.2253208
2.0813637
2.1707218
2.2179942
2.0795474
2.1105812
1.9506675
2.0863485
2.0731597
2.0093927
2.0001671
2.0017657
2.0383265
2.1037405
2.0841513
1.9510064
2.1172323
2.1555545
2.1954367
2.146712
2.0322027
2.109081
2.1523578
2.1634238
2.043578
1.9786731
2.0939343
2.0615988
2.0409749
2.0523634
2.110522
1.9479792
2.1435707
2.1297717
1.9789739
2.0475564
2.149059
2.0066266
2.002483
2.1205266
2.045367
2.1905324
2.1324198
2.115257
2.0001714
2.1588097
2.1278548
1.9763868
1.9734887
2.0632184
1.9890355
2.0680509
2.107976
2.1348038
2.0417562
2.1127045
2.009255
2.0553017
2.056836
2.1367488
2.126418
2.0381918
1.9843827
1.9533143
2.1401987
2.112376
1.9940256
2.244938
2.2264228
2.005774
2.037946
1.9617641
2.1189427
1.9859427
2.0773108
2.1152341
2.201095
2.0230906
2.0525017
2.090437
2.215337
2.1308925
2.0296035
2.1341033
2.0798194
2.1264017
2.083915
2.1547384
1.9592267
2.07711
2.1374855
2.0259163
2.0874753
2.0550232
2.065959
2.0455728
1.9957402
2.0343428
1.9988877
1.9680501
2.122451
2.0349813
1.9586016
2.0629323
1.941879
1.9317373
2.0601125
1.9917715
2.1592858
2.0184062
2.1301086
2.1664286
1.9569793
1.9713191
2.0035021
2.0636573
2.0475156
2.0100842
2.0074723
2.061958
1.9553558
2.0854805
1.9890337
2.0981095
2.122031
2.099912
2.0775921
2.0312057
2.1524165
1.9778823
2.0637863
2.2026942
2.1266735
2.0040526
2.0887604
1.9025592
1.9584235
1.9827937
2.1551926
2.0752614
2.0847464
2.058931
2.058282
1.9126595
2.2065065
2.074817
2.128929
2.1172328
2.0205796
2.0023322
2.042914
2.0406137
2.0418563
2.1602154
1.9126302
2.1725163
1.9522598
2.190001
1.9977932
2.2033055
2.0195963
1.9993588
2.0964239
2.115478
2.093181
2.0063322
2.0529215
2.0648146
2.0158978
1.9915155
1.948528
2.0710955
2.0948899
1.9070567
2.0470355
2.052527
1.928808
2.104529
2.0167966
1.9796137
2.075729
2.0250106
1.956289
1.9894673
2.1027014
2.0408657
2.0849967
1.958288
1.9773505
1.9441141
2.00755
2.0189502
1.9335058
1.9349997
1.9775375
2.0286965
1.9020038
1.9066074
2.0580363
1.9564
2.135631
1.8694578
2.0258808
1.9795332
2.0481033
2.0196126
2.0354433
2.030459
2.0511825
1.8857462
1.9320172
2.1327953
2.1738198
2.1091926
2.150675
2.0011957
2.0152009
1.9875115
1.951592
2.009509
2.097897
2.0547323
1.9809022
2.0210025
2.0589879
2.004586
1.9596245
1.9579035
1.885277
1.9831557
2.1043777
2.0865278
1.918988
2.1099477
1.8437507
1.9861358
1.9489337
2.0441794
1.9450325
1.9731461
2.0431607
1.9222943
2.2154286
1.950475
1.922029
1.9558887
1.991436
1.9386265
1.9936162
2.0603263
1.9843323
1.93923
1.9251454
2.0428069
1.9781384
1.9676138
1.9343626
1.887486
2.0817204
2.087745
2.052779
2.0085158
1.9488609
1.9273536
2.0853379
1.9824481
1.8707285
1.963626
2.0297947
1.949178
1.86964
1.9149953
1.9169091
1.963623
1.931034
1.9542475
1.867579
2.0949712
1.9781059
1.9524201
2.005657
1.9388977
1.9966823
1.9547328
1.9776562
1.8857437
2.1214972
1.947311
1.9448737
1.8849483
1.9140818
1.8937432
1.9716313
1.9096814
1.953284
1.9778979
1.9864678
1.9878895
1.9914763
1.8873938
1.9190751
1.8573257
1.8633788
2.0083492
2.039958
1.9888253
2.0342715
1.877479
2.0129936
2.0044978
1.8835018
2.0423818
1.8459523
1.9775375
1.9214038
1.8812664
1.9951518
1.9394467
1.9207612
1.867505
1.8196326
1.8598918
2.0108805
2.0061429
1.9841553
1.983238
1.9226302
1.8352772
1.9215971
1.8757172
1.8521665
1.94714
2.0515788
1.9408752
1.9312167
1.8345048
1.8749385
1.8816645
1.9689492
1.9086658
1.8110487
1.8871906
1.8632773
2.166052
2.0569124
2.014946
1.9480482
2.0092397
1.8706273
2.0190675
1.9547695
1.9258033
1.944041
1.9052355
1.8927429
2.1166801
1.8768884
1.9034396
1.925062
2.047235
1.9311355
2.0041974
1.9492133
1.9012431
1.9286664
1.8832798
1.9688469
1.9292986
1.9410913
1.9209688
2.0693507
1.8575867
1.9760213
1.8953345
2.001383
1.8047112
1.9508762
1.9941415
2.0200243
1.8355345
1.880587
1.9117972
1.946383
1.9976226
2.030059
1.971045
1.8570731
1.8702767
1.7693264
1.8169341
1.9286795
1.8852987
1.8843704
1.9398392
1.8460956
2.072021
1.8240749
1.9594436
1.847578
1.9237852
1.8945765
2.0112333
1.9984837
1.8756964
1.9303002
1.8846412
1.8776027
1.9505267
1.9336483
1.9918553
1.8681568
1.8463645
1.98887
1.9029882
1.9031136
1.800289
1.7599407
1.859784
2.0006933
1.8802903
1.8277491
1.836829
1.8862007
1.8819942
1.8610501
1.9570241
1.9370803
2.0208583
1.884145
1.852193
1.8819774
1.9448183
1.9185746
1.9594012
1.89918
1.9226313
1.9350405
1.9884822
1.8735323
1.8616623
1.9532702
1.9003633
1.8642349
1.8327067
1.8610734
2.0639074
1.9197028
1.9422148
1.8944483
1.8044075
1.8734666
1.8019673
1.946659
1.8013172
1.8135859
1.8506029
1.8510872
1.932645
1.9109751
1.9001667
1.8550776
1.8482592
1.8493104
1.8730978
1.938773
1.8713063
1.8912272
1.9111325
1.9809468
1.9399798
1.8546565
1.9281182
1.8688816
1.9430703
1.9747252
1.8965253
1.8214767
1.9048439
1.8289613
1.8263543
1.8591831
1.8931745
2.012755
1.9824579
1.8868765
1.822174
1.851491
1.8750978
1.8555061
1.9843756
1.8465527
1.865222
1.9572221
1.8954504
1.9064168
1.8689444
1.9232432
1.8662508
1.818376
1.8674562
1.8504794
1.839772
1.8820403
1.7627732
1.8757153
1.9276377
1.878817
1.7760438
1.9169452
1.8944885
1.8895141
1.8293675
1.8828514
1.9123585
1.9160094
1.8491056
1.8075087
1.8933151
1.813686
1.8335079
1.8601468
1.8325275
1.8201302
1.887922
1.9828643
1.8496958
1.9601513
1.87855
1.8512383
1.8320115
1.8119668
1.7966856
1.8598757
1.7798163
1.8118604
1.8573844
1.7468612
1.9645622
1.7951182
1.8340105
1.897056
1.7642093
1.8543475
1.8139358
1.951613
1.8372905
1.93222
1.8602152
2.017126
1.8886571
1.918211
1.813246
1.7722261
1.7728485
1.8617419
1.8368405
1.8611369
1.8199688
1.7796696
1.7930588
1.7701132
1.8132205
1.7832823
1.824827
1.9427695
1.7232106
1.761352
1.7930896
1.7806692
1.9273237
1.8348513
1.7767793
1.8751291
1.9034797
1.7892175
1.8712407
1.9512435
1.8232615
1.8305815
1.7756717
1.7973055
1.9102213
1.732851
1.852093
1.8572241
1.7712379
1.7318118
1.8704233
1.839589
1.8232054
1.7853945
1.873477
1.8996128
1.7837623
1.8841238
1.766069
1.8063838
1.7559247
1.9033896
1.8993794
1.8053699
1.7715533
1.9272768
1.8088614
1.8851252
1.9124719
1.896385
1.8437227
1.8551425
1.898616
1.8414112
1.7852939
1.7485358
1.8216151
1.841871
1.9744272
1.8555847
1.8500698
1.8035712
1.7860945
1.7336692
1.7402722
1.749754
1.8094462
1.8149288
1.8303903
1.7789142
1.8798647
1.9164572
1.8366997
1.7883843
1.757904
1.7944777
1.7472008
1.9241767
1.8167366
1.8378526
1.940585
1.790998
1.8606715
1.7453027
1.8227735
1.8268198
1.7360657
1.7719715
1.8876063
1.9101083
1.9994907
1.9780343
1.8913828
1.8493288
1.8076409
1.7897822
1.8907484
2.030791
1.8814123
1.8377295
1.867537
1.7739313
1.825496
1.7676108
1.8373129
1.838311
1.9029855
1.729471
1.8762423
1.7690424
1.7890532
1.8423562
1.8438153
1.8015172
1.8091487
1.8215741
1.946559
1.8438694
1.8611321
1.7608198
1.8249081
1.7661396
1.7871039
1.7474185
1.8626353
1.8030013
1.7510302
1.8106682
1.7562175
1.851114
1.8062308
1.7623925
1.7497401
1.7579732
1.7558715
1.8200017
1.9097831
1.7818
1.843525
1.8510805
1.7281371
1.8253096
1.8544375
1.7163604
1.8672795
1.8811302
1.8639569
1.7534102
1.737016
1.8150593
1.7711754
1.8501967
1.8136972
1.7458531
1.78444
1.7900784
1.8038466
1.8389752
1.7831587
1.8018003
1.7213198
1.8015871
1.833019
1.874192
1.794423
2.0147748
1.8881108
1.7608564
1.8422773
1.772694
1.720686
1.847707
1.8505038
1.858899
1.7427516
1.800066
1.7826052
1.7547767
1.7595971
1.7260107
1.7898164
1.743391
1.7991645
1.7421211
1.8181252
1.7999339
1.8642305
1.755171
1.7434417
1.7760445
1.7813575
1.7747867
1.8226115
1.845908
1.8231966
1.8589046
1.733735
1.8607116
1.7626638
1.731471
1.718423
1.825664
1.9249812
1.7856262
1.7918371
1.783607
1.7976606
1.7922157
1.9288125
1.7258335
1.695591
1.6874348
1.7735412
1.755844
1.7018303
1.7540368
1.7440344
1.8243648
1.8140497
1.693084
1.7249961
1.7587438
1.7839328
1.7647176
1.7927419
1.7864938
1.8158402
1.719326
1.8372812
1.7552276
1.6963488
1.7037548
1.9446433
1.7974291
1.8203218
1.6690991
1.7350045
1.7655227
1.7150038
1.7679355
1.7942653
1.7222133
1.7579292
1.7485329
1.7658548
1.7406439
1.8062398
1.7247005
1.6958861
1.711285
1.9063345
1.8342491
1.8331088
1.728795
1.6596832
1.776754
1.7408882
1.7692193
1.6811855
1.7761351
1.7841002
1.7470155
1.812063
1.762648
1.7459185
1.7865548
1.7152127
1.8725088
1.7563659
1.7363292
1.7060449
1.8235635
1.8550406
1.736117
1.6679499
1.7414635
1.7952533
1.7529873
1.7043557
1.707843
1.7756059
1.7276278
1.7786174
1.7686638
1.8476483
1.746394
1.7342553
1.8403369
1.7108363
1.7266484
1.6837436
1.6726704
1.7706954
1.8147346
1.753512
1.7222128
1.7773268
1.6666317
1.8252902
1.741749
1.7329587
1.7918274
1.8515112
1.7506255
1.775666
1.7380347
1.788439
1.7696695
1.7858769
1.8343792
1.7597172
1.9016212
1.676925
1.745424
1.7153947
1.8210952
1.719487
1.8256727
1.7455485
1.7699088
1.7179053
1.8218284
1.8841583
1.7685808
1.8762085
1.9277245
1.7509036
1.9646327
1.9380796
1.7430817
1.8010958
1.7365215
1.710953
1.7760075
1.790017
1.9852439
1.6875844
1.6450412
1.6692145
1.7199787
1.8367437
1.9138825
1.6510762
1.8507925
1.6863695
1.7172892
1.6865625
1.8582186
1.7485471
1.7885306
1.7197847
1.726031
1.88307
1.806262
1.726903
1.7351445
1.7710685
1.7054168
1.765347
1.703046
1.7014283
1.7547607
1.8397739
1.7236563
1.6426437
1.6744459
1.7530684
1.75916
1.7077452
1.7077545
1.7637889
1.8883036
1.753419
1.7237638
1.7284864
1.764944
1.6777438
1.712861
1.6650777
1.666148
1.7535264
1.7405207
1.6666353
1.7335823
1.7571559
1.717516
1.9194669
1.8475544
1.7166443
1.7866535
1.8370796
1.8880625
1.749637
1.7748046
1.7921126
1.6495878
1.7560781
1.867355
1.8056723
1.7005374
1.7007082
1.7989827
1.6545353
1.8458706
1.6767123
1.7460185
1.6990023
1.8073807
1.697868
1.7848618
1.6924926
1.7933804
1.7857158
1.8399582
1.7685895
1.7181078
1.6950352
1.6960337
1.7746078
1.7486789
1.6539865
1.6503584
1.7213541
1.7778312
1.8483098
1.68708
1.7121457
1.731962
1.7168148
1.7611922
1.7173064
1.7002813
1.6975617
1.7807157
1.727426
1.6996872
1.6681464
1.698052
1.7379171
1.7527397
1.6623985
1.7241242
1.7678783
1.7055258
1.8427548
1.7947297
1.9159721
1.7456384
1.809443
1.7614127
1.6710798
1.7428832
1.6813895
1.6308188
1.6686388
1.7027009
1.8154424
1.6895897
1.7797022
1.7482771
1.7561967
1.7186869
1.7190667
1.7108458
1.6582718
1.7710003
1.792479
1.6860431
1.7444813
1.7280037
1.7368187
1.7418327
1.80251
1.6925755
1.7200973
1.7985705
1.754614
1.7310315
1.711915
1.7432885
1.7775418
1.6596215
1.663791
1.686447
1.6722187
1.673598
1.6902947
1.7337621
1.7145684
1.7419791
1.658147
1.7414359
1.7076954
1.7214762
1.719782
1.7210507
1.7131631
1.7906713
1.7769612
1.6988996
1.6571492
1.9366786
1.7843428
1.8689325
1.6990442
1.6828789
1.7519095
1.6891072
1.828553
1.7854192
1.733417
1.7099793
1.804921
1.6571244
1.7142566
2.0002575
1.6784264
1.641912
1.7615857
1.8068652
1.6988782
1.7274389
1.6376194
1.6999415
1.6678483
1.6894273
1.6235738
1.6770735
1.7287626
1.6830842
1.7237767
1.6379294
1.7263196
1.7258075
1.6506232
1.7848351
1.6683632
1.798996
1.7130177
1.672974
1.747775
1.7372358
1.7000144
1.7713315
1.7200185
1.7149315
1.7267799
1.7499204
1.767645
1.6471068
1.6974264
1.6833808
1.8478023
1.6207223
1.6568887
1.641538
