25.843182
26.324034
25.967552
25.4242
26.06514
25.500277
25.946356
25.470491
25.723572
25.55753
25.33822
25.294197
25.40994
25.050028
25.539513
24.792967
25.401342
24.938225
24.970715
24.928106
24.4588
24.529753
24.603321
23.416063
24.968
25.031008
24.331604
24.29354
24.2321
24.114471
24.232983
24.45588
23.911617
24.067316
24.268871
24.189344
23.562292
23.36289
23.72056
23.831993
23.316973
23.503622
22.886072
22.956236
23.175156
22.846
22.319607
22.749191
22.802563
22.089663
22.12337
21.670383
20.716871
21.779907
20.888697
20.520784
20.727684
20.811558
20.704483
19.715347
19.84326
19.730213
19.846012
19.065176
18.823841
18.713276
18.79659
18.664852
18.80518
18.401875
17.536463
17.671038
17.46484
18.04579
17.509428
17.177227
16.789988
16.770905
16.243134
16.433168
16.506472
15.339989
15.476306
15.333948
14.4327545
14.208061
13.626358
14.043102
13.527151
12.783307
12.190184
12.973154
12.4655
12.169264
11.807881
11.795396
11.377709
11.176336
11.160192
10.515609
10.22744
10.055928
10.033521
9.52108
9.279474
8.551851
8.806591
9.035725
8.875522
8.413279
8.157528
8.321683
8.583884
8.346781
8.291666
8.274125
7.8020973
8.251843
8.60045
8.480044
8.372371
8.156667
8.1101465
7.718102
8.230179
7.7623634
7.8473015
7.794323
7.936333
7.6440687
7.7849135
7.5936713
7.38165
7.4849668
7.464005
7.355527
7.646132
7.37339
7.602777
7.103929
7.138866
6.984953
6.948665
7.6509333
6.9872613
6.7302976
7.059213
6.87485
7.0038915
7.0260835
6.8264894
7.10613
6.9350038
7.295619
6.7355795
6.776328
6.939734
6.8158374
6.8218913
6.7414474
6.589427
7.081014
6.767073
6.4787593
7.128681
6.967614
6.8530774
6.301051
6.5919085
6.309316
6.578994
6.523005
6.350067
6.594623
6.3251586
6.199203
6.075128
6.487577
6.0602098
5.979792
6.06153
6.037888
6.160225
6.149972
6.576055
5.7174063
5.9578075
5.951471
6.008666
6.1252885
5.954953
5.924513
5.527775
5.667909
5.811536
5.984877
5.313241
5.647343
5.696643
5.5648255
5.667176
5.412949
5.980266
5.555329
5.907129
5.6638618
6.463296
5.763395
5.801514
5.7005286
5.660659
5.4938245
5.6208725
5.717349
5.4963803
5.0582914
5.3149385
5.344426
5.1315794
5.303063
5.446597
5.581078
5.552741
5.4054055
5.606921
5.685047
5.477106
5.6568027
5.453626
5.415728
5.354966
5.193689
5.296855
4.961054
5.485253
5.2685785
5.368774
5.4224496
5.1266484
5.691722
5.5792775
5.784232
5.400017
5.592955
5.382691
4.966333
5.2837377
4.95989
5.228338
4.859129
5.0249925
4.8689165
4.9238267
4.8530126
5.175248
5.247626
5.0793285
5.310223
5.036525
5.078256
5.094312
4.880313
5.012681
5.109156
4.888819
4.563577
5.1632433
4.940934
4.9958105
4.836632
5.009546
5.082093
5.085925
4.8604093
5.542615
5.3800163
5.148799
4.903167
5.076441
5.375497
5.157389
4.920801
5.045519
4.8795877
4.986459
4.987862
4.957173
4.8789964
4.781488
4.87358
4.80843
4.487233
4.872071
4.507695
5.063151
4.9588118
4.8141294
4.826991
4.720572
5.031092
4.957851
4.8636155
4.64419
5.0367804
4.784512
4.8432083
4.768469
4.742651
4.9220047
4.7133894
4.726082
4.688059
4.650919
4.767639
4.733043
4.4894958
4.455413
4.5323496
4.3875766
4.610907
4.324824
4.405113
4.391615
4.2744446
4.5442495
4.397836
4.633347
4.449396
4.401425
4.474717
4.569377
4.6262875
4.457157
4.350852
4.480701
4.2648807
4.273317
4.389861
4.668686
4.141561
4.143364
4.33831
4.486967
4.251072
4.4404917
4.4743905
4.0195603
4.1684413
4.3067946
4.149995
4.210042
4.0734954
4.251091
4.697737
4.1408486
4.2353797
4.3576207
4.290592
4.378736
3.945213
4.1384444
4.234067
3.9485
4.1102924
4.3744874
3.9976273
3.9177835
4.1365066
4.1452293
4.0356503
4.1093326
4.367794
4.357385
4.1117754
4.5266933
4.0949564
4.319438
3.905272
4.244531
4.1808343
4.2417674
3.9635468
3.8051145
3.939684
3.8583632
4.1861315
4.1038876
3.9900246
4.0580773
3.812966
4.26102
4.0418973
3.9069307
3.7560327
3.71615
3.5625165
3.60176
3.8058395
3.8622234
4.053129
3.6277444
3.8239524
3.7823896
3.7906709
3.553829
3.802606
3.9185865
3.7317207
3.9181795
3.7649305
3.717818
3.7420876
3.5616047
3.886517
4.0457697
3.9348564
3.8760343
3.7142
3.700388
3.974179
3.7252004
3.685262
4.0313616
3.5289524
3.5866709
3.569126
4.0344377
3.7891746
3.6480894
3.559276
3.675874
3.76022
3.6879654
3.674151
3.902849
3.5832164
3.7186387
3.774903
3.8673909
3.4203916
3.8075733
3.706573
3.7563722
3.7456625
3.8001463
3.6227605
3.7262428
4.101781
3.7168164
3.8311808
3.7352226
3.9329028
3.7445378
3.8620343
3.8482916
3.874342
3.79802
3.817141
4.041373
3.801414
3.900566
3.8885615
3.8310847
3.856816
3.636719
3.7673473
3.931378
4.0490055
3.7949045
3.5912375
4.018242
3.805814
3.6859527
3.496742
3.421365
3.5564075
3.4873073
3.422209
3.605837
3.3452365
3.297504
3.4007926
3.6403153
3.4513404
3.432363
3.696466
3.730381
3.456663
3.7401853
3.798696
3.5293207
3.4276087
3.5649722
3.705921
3.6019435
3.797012
3.562275
3.603591
3.554192
3.621001
3.4894204
3.5667224
3.327456
3.3990664
3.492275
3.3034801
3.413387
3.080815
3.2046108
3.714246
3.4351578
3.191945
3.1143024
3.063432
3.1843421
3.2021644
3.23743
3.3264484
3.263392
3.2716944
3.1309545
3.4166646
3.5501413
3.390973
3.4399946
3.5681047
3.4501283
3.3825397
3.867753
3.5873065
3.5134487
3.7230752
3.616197
3.7803822
3.499716
3.4341786
3.5026674
3.43412
3.3349733
3.298057
3.274425
3.1339679
3.3900495
3.493506
3.3123841
3.4320912
3.0491898
3.2220554
3.16456
3.185274
3.0357628
3.212258
3.2687476
3.197147
3.130758
3.1211486
3.4164283
3.2118258
3.1978714
3.1615803
3.2635765
3.356033
3.3407433
3.2698874
3.505981
3.2849302
3.3665936
3.1625013
3.2129207
3.418313
3.2617435
3.459485
3.2544928
3.455624
3.388086
3.2753434
3.309608
3.3158104
3.2358952
3.0200994
3.3554838
2.9672222
3.0093682
3.1839654
3.021898
3.0624676
2.8884928
3.1025772
3.0748997
3.148836
3.0432012
2.9136386
3.0507104
3.11095
3.1197796
3.106493
3.216467
3.322692
3.1247885
3.1510625
3.0993645
3.4128375
3.0692825
3.0858
2.9582217
3.0863132
3.333994
3.1697655
3.2375705
2.897199
3.0836885
3.0480695
3.015468
3.1465578
2.9919722
3.282441
3.3085494
2.999195
3.205949
3.1898894
3.1229787
3.1473005
2.9862692
2.8777435
2.86027
3.0855885
3.0429888
2.849415
3.0867233
3.0854125
3.066798
2.936716
2.8240287
3.42226
2.9804082
3.0251944
3.1820326
3.0851996
2.9038625
3.029374
3.174896
3.5066783
3.028351
3.1123974
3.1716762
3.268745
2.955512
3.212723
3.115168
3.1110344
2.975113
3.04794
3.377343
3.0413835
3.1009626
3.0297508
3.055555
2.9877615
3.1796546
2.9314356
2.9426868
3.139748
2.9402945
2.8853064
2.850284
2.854325
2.9957216
2.8269138
2.9653327
2.8206658
2.8727136
2.7961128
3.0113332
2.8942864
2.985665
2.974988
2.896553
3.0111835
2.8652413
2.8571665
3.0400624
3.021355
3.1903257
2.905783
3.1703079
2.9959176
2.9704678
2.943964
2.9414556
2.900346
2.7577968
2.830198
2.968777
3.035003
2.9001217
2.9066374
2.968551
2.8407116
2.8013403
3.1205707
2.955106
3.036213
2.873159
2.8069165
3.1465898
3.1015053
2.8813856
3.1128604
3.0811043
3.1368065
2.747283
3.0280142
2.892651
3.0684986
2.9389575
2.805934
3.0044415
2.8644738
2.877457
2.8798184
2.633736
2.826181
2.8305645
2.7349012
2.8825336
2.7497964
2.7850475
2.8843355
2.948862
3.002974
2.7068074
2.935087
2.8920696
2.7673764
2.8678906
3.0037894
2.9148188
3.0746107
2.940347
2.925914
2.9020085
2.9302855
2.7337203
2.9920962
2.719351
2.8969388
2.6040034
2.8294928
2.8391182
2.6778557
2.734894
2.5631404
2.7561846
2.9033246
2.7626445
2.7671244
2.950043
2.8285134
2.8120718
2.660304
2.6917734
2.9355216
2.88838
2.6803432
2.9061773
2.7171407
2.6713755
2.8612103
2.758924
2.9406044
2.6958432
2.631423
2.5780516
2.7632904
2.5422995
2.736282
2.8210244
3.019301
2.8121266
2.7192945
2.803197
2.820095
2.9530737
2.8531015
2.7743526
2.6416752
2.8650053
2.786313
2.6721077
2.9559462
2.6766822
3.007264
2.8038955
2.6495526
2.7358224
2.780589
2.721555
2.666943
2.871129
2.7953348
2.5918148
2.7389076
2.6182835
2.785704
2.7050877
2.6313925
2.6799777
2.8646815
2.490375
2.637955
2.5162077
2.9223845
2.6629248
2.7878027
2.8437335
2.767205
2.794843
2.7980394
2.659158
2.740078
2.7723382
2.960857
2.9925175
2.8104975
2.692257
2.740277
2.690525
2.810356
2.803503
2.7599585
2.6436703
2.990276
2.8591714
2.5895672
2.7253451
2.5175564
2.8772855
2.711296
2.7243404
2.5724435
2.699551
2.609296
2.5912368
2.8473678
2.8065946
2.5587854
2.6155548
2.7083933
2.639742
2.8666575
2.8361087
2.8435333
2.5984101
2.5413141
2.4959774
2.700673
2.704284
2.7730138
2.6675096
2.5928316
2.5570793
2.6714284
2.6444058
2.5487876
2.726408
2.6751933
2.864385
2.5980904
2.727135
2.6650093
2.690828
2.7098374
2.657321
2.7576551
2.758763
2.7971838
2.4954147
2.497691
2.567041
2.455778
2.7095156
2.547948
2.5230916
2.4698663
2.4741986
2.6109867
2.516897
2.4782007
2.470638
2.5652206
2.5679765
2.4500415
2.4871807
2.7874303
2.6631782
2.5342846
2.6148474
2.8308725
2.594348
2.7042506
2.59579
2.777708
2.5760894
2.4386055
2.6821315
2.571427
2.4657981
2.6496675
2.5950792
2.40358
2.5487437
2.685431
2.3142104
2.6220436
2.5440607
2.3924408
2.580633
2.547248
2.4641106
2.47916
2.341157
2.483454
2.5901735
2.3523614
2.6157174
2.3793578
2.6479638
2.4882166
2.5360565
2.8076231
2.4988844
2.5439072
2.835149
2.615249
2.5609667
2.510364
2.531882
2.525002
2.53199
2.5120904
2.545871
2.5184577
2.4421732
2.4161181
2.574022
2.5038624
2.6516793
2.5750077
2.5901628
2.643611
2.6905398
2.552947
2.591183
2.6173387
2.5527074
2.6607363
2.784563
2.4959426
2.586705
2.693376
2.6547658
2.4597764
2.6815052
2.345216
2.4244275
2.4698975
2.6374335
2.297934
2.367459
2.578273
2.368753
2.3649914
2.5033133
2.4133093
2.3973658
2.2853293
2.482343
2.5117059
2.363925
2.34548
2.3871062
2.4585311
2.2862775
2.645322
2.3496144
2.5648935
2.572657
2.5009985
2.5662887
2.6923397
2.5001588
2.620931
2.6606207
2.5697448
2.465165
2.4948382
2.557626
2.3142352
2.4259703
2.5861075
2.4823165
2.2376645
2.5474505
2.6105056
2.4363434
2.5287223
2.4675403
2.3085115
2.275272
2.3314521
2.3915389
2.501484
2.6642065
2.4189284
2.3786137
2.3756073
2.3041813
2.6107316
2.5150352
2.6353846
2.64439
2.61865
2.5009563
2.3585565
2.472237
2.425973
2.2074063
2.5141442
2.4048975
2.4533522
2.4625285
2.3676994
2.4837
2.4154713
2.5202792
2.4309847
2.3963363
2.4853408
2.3491025
2.3305705
2.5914526
2.3743546
2.4985838
2.5655935
2.3221076
2.6029656
2.4160175
2.4038384
2.4269717
2.5972095
2.486404
2.4619942
2.4820285
2.417509
2.2874596
2.4922478
2.5266993
2.354836
2.41066
2.2351246
2.198592
2.4207735
2.318177
2.2568004
2.23351
2.2797945
2.3474665
2.519751
2.2607405
2.184388
2.3220735
2.3821814
2.5060112
2.279653
2.2755888
2.322827
2.5357046
2.420181
2.4665198
2.5170264
2.4733648
2.358733
2.48357
2.20662
2.437984
2.52386
2.2183113
2.1805506
2.2161841
2.3521428
2.390602
2.289363
2.4096856
2.4633515
2.3781688
2.5185184
2.421596
2.3395524
2.568177
2.378287
2.777759
2.4826355
2.522198
2.448857
2.3958945
2.5963938
2.367061
2.4167836
2.3607016
2.373548
2.410487
2.4348395
2.443881
2.219346
2.3220286
2.2768955
2.1623714
2.3661504
2.2049646
2.2683687
2.195995
2.1639993
2.3538
2.2384686
2.262187
2.3374786
2.2941246
2.220603
2.4624324
2.3117814
2.442278
2.3900175
2.4728382
2.1945493
2.2735138
2.2879038
2.254659
2.3517067
2.173784
2.2572513
2.32077
2.322608
2.387286
2.1534708
2.3462079
2.4195986
2.127913
2.300168
2.205663
2.3108726
2.2337737
2.111939
2.149351
2.232736
2.342637
2.1935966
2.118262
2.2591264
2.239746
2.380628
2.490858
2.3058906
2.0964775
2.382286
2.155542
2.4318523
2.2239726
2.3384378
2.242642
2.2722595
2.4357285
2.312413
2.2613044
2.3085647
2.1425924
2.364828
2.282113
2.0618978
2.092539
2.4410636
2.3532352
2.291667
2.0432475
2.2367985
2.246343
2.0488153
2.1649106
2.161066
2.2695072
2.2676306
2.1606805
2.0773408
2.2831726
2.2682905
2.1053236
2.1283906
2.270815
2.3681455
2.172466
2.184925
2.1999183
2.1624446
2.3348513
2.0746963
2.3794863
2.14203
2.2093143
2.1953342
2.261172
2.1127503
2.28608
2.272883
2.2372162
2.2041407
2.1982868
2.2414503
2.253452
2.2922754
2.249055
2.2246723
2.110623
2.374413
2.4069507
2.1921034
2.234413
2.1383107
2.277812
2.350967
2.304276
2.1597538
2.2162182
2.6254723
2.2919962
2.3222337
2.2243333
2.2937036
2.2021885
2.4375675
2.2035453
2.1591024
2.2520933
2.3233118
2.2302125
2.332694
2.2747045
2.2204266
2.228595
2.1715622
2.1007485
2.2179103
2.210021
2.355605
2.200815
2.3275242
2.160435
2.2299995
2.2837756
2.3146403
2.1548815
2.0725253
2.1960492
2.304286
2.1602378
2.222444
2.2908535
2.2046173
2.0923257
2.034769
2.0062509
2.1513796
2.0036063
2.2086196
2.1280096
2.1578155
2.1373096
2.1573372
2.109517
2.1921737
2.2051115
2.2217345
2.284501
2.247258
2.2934926
2.283498
2.181402
2.44372
2.3026915
2.070878
2.1440845
2.216336
2.080315
2.156103
2.1584916
2.064272
2.154282
2.1556716
2.212848
2.1431088
1.9874872
2.057709
2.226806
2.31486
2.3158352
2.172169
2.1791198
2.0158212
2.1856444
2.3042674
2.3435562
2.3722858
2.270147
2.3873215
2.4236617
2.2728326
2.1549134
2.142366
2.2064238
2.3027961
2.141472
2.132619
2.112819
2.0129087
2.2260606
1.9942535
2.042389
2.1424012
2.038555
2.3437867
2.0918798
2.1528485
2.3684103
2.174646
2.1674066
2.3258514
2.2109416
2.227197
2.023171
2.193826
2.1920614
2.0073898
2.1514103
2.352136
2.4034455
2.204224
2.090201
2.1476262
2.1442134
2.2990425
2.2793174
2.0494423
2.2280204
2.0129778
2.345377
2.2956755
2.093935
2.3139966
2.3332171
2.2484856
2.1907804
2.2166643
2.2539024
2.16666
2.1770601
2.045899
2.196923
2.112123
2.0859017
2.0211737
2.0497549
2.055425
2.0786023
2.2020192
2.1355054
1.9868964
1.9608676
2.0827882
2.1850798
2.0981379
1.9803482
2.036617
2.1885402
2.0389578
1.967847
2.056859
1.9005291
2.0434232
2.0678551
1.9500794
1.888169
2.0585003
2.07181
1.9505167
2.0128608
2.1065943
2.1706305
2.0093472
1.9867632
2.0481133
2.03253
2.0775218
2.0619876
1.9373214
2.126211
2.042541
2.026935
1.9987427
1.9959085
2.1221707
1.9698962
2.1455646
2.3659885
2.1989791
1.9581535
2.0958366
2.281099
2.0089884
2.031293
2.1259346
2.177213
2.0671766
2.0420206
1.9465692
2.0812993
2.1029534
2.0267072
2.253399
2.0588536
2.105152
1.9862504
2.1400385
2.160132
2.0033083
2.1102464
2.1325312
1.9740851
1.999558
1.9905946
1.8910342
2.051891
2.0930364
2.0733674
1.9286305
1.9953192
2.0637145
2.217004
2.0334566
1.9861985
2.0611875
1.9768453
2.0895638
2.0822074
2.0818753
2.0465
1.9779817
2.107769
2.1602283
1.8978438
2.0999153
2.0265934
2.0678656
1.9980798
1.9801835
1.9022349
2.0173945
1.9748511
1.9484994
1.9539827
1.9939466
1.9643493
1.9929717
1.9431746
1.883652
1.9008465
1.9622523
2.1119316
2.0263622
1.9762849
1.8953565
2.0608602
2.0719001
2.1757097
2.0205152
2.0089529
1.9484278
2.0359046
2.0425591
2.0554354
2.040716
2.1086333
1.839889
2.0345545
2.1847413
2.2955172
1.9628925
1.965839
2.0206833
2.0537808
2.0480375
2.0122607
2.0072632
1.9704657
2.0210452
1.9176679
1.9808087
1.9006883
1.9777151
1.9850343
1.9713093
1.8779109
1.8812637
2.2300327
1.995243
2.1071877
2.0172305
1.9923112
2.0323477
2.014625
2.151065
2.0646858
1.98882
1.9242511
2.0237887
1.9838787
2.0186155
1.8917463
2.0394583
2.0653496
2.0392272
2.1086922
1.9945972
2.0263405
1.9713424
2.29608
2.103904
1.953678
2.0278392
2.0074236
2.0858145
2.0251884
1.8833778
2.089586
2.0142765
2.0868444
2.055401
2.171683
1.943261
2.0023162
1.8992627
2.0084233
2.0374997
2.0763018
2.0007887
2.0455062
2.0026991
2.1642888
2.254495
2.1398194
2.0496473
2.1656466
2.3182285
2.2173707
2.212193
1.9984846
2.0056148
1.9654375
2.0790522
1.8914706
1.8505863
1.8272574
1.9496251
1.8966331
1.9494302
2.00276
1.9954205
1.9310079
2.022311
1.9825367
1.9191841
2.3938632
2.1242175
2.0852332
1.9951668
2.1891556
2.0200589
2.027917
2.0772977
2.1054091
2.1687357
1.931989
1.8842583
1.9631895
1.9696033
1.918632
1.8848066
1.9061235
1.9555012
2.1378164
1.9358611
1.9877768
1.8887875
2.1339877
2.0689607
1.9840608
1.9827037
2.2414403
2.1632957
2.184579
2.0342195
1.9357649
2.1536305
1.9539244
2.0154915
2.054182
2.092029
2.0783756
1.9690295
2.0832705
2.0617888
2.1526797
2.0489252
2.0583432
2.067032
2.0408878
1.970349
1.9957937
2.0010424
2.0618024
1.9755491
2.0763674
1.9960575
2.0105972
1.9630883
2.1149073
1.989354
1.9845833
2.0576339
2.0079727
1.884051
1.9142858
2.0079994
2.004111
1.9762691
2.0082026
1.9209273
1.9738835
1.9328582
1.9305524
1.7934095
1.8887544
1.956888
1.9934804
2.038848
1.9497722
2.0585566
2.1683397
2.0257666
1.9871935
1.9422765
2.207062
1.9847658
1.9274242
1.8813285
2.0090272
2.0037327
1.9639325
1.8480705
2.0657957
1.8811709
1.859032
1.9688613
1.9294037
1.9918675
2.0894055
1.9319929
2.0806892
2.031177
2.0299203
1.9835083
1.9002208
2.0112157
1.9295568
2.0257058
2.0588686
2.0866742
2.0218198
2.0889425
1.9468032
2.0901806
1.9077244
2.033326
1.9466872
1.8649026
1.9281722
2.0016925
1.854465
1.8999234
1.9418161
1.9470592
1.9098234
1.8321762
1.9352983
1.9478455
1.940986
2.0689144
2.0076919
1.933491
1.8730202
1.9456306
1.9334087
2.1151965
1.9181585
2.0483208
2.0748796
1.9913712
2.064088
2.0216873
2.0221891
2.0124002
2.0507262
1.9252875
1.9958078
1.9461135
1.8963764
1.8300047
1.8697065
1.8884835
1.9174972
1.8076272
1.8790835
1.9333148
1.8149029
1.9518001
1.9891957
2.0991163
2.002342
1.9538174
1.8417895
2.13489
2.145464
1.9174047
2.1002727
2.08125
1.9240154
2.0766873
2.1700215
2.0684621
2.0310223
1.9061847
1.929164
1.8356575
2.0132046
1.9510992
2.1303194
1.889409
1.9074807
1.9525332
1.8879381
1.8516909
1.960704
1.8341906
1.9747674
1.8442235
1.9159828
1.839704
1.8782712
1.9632157
1.9260416
2.0685768
2.0991576
1.898857
1.8820674
1.9992281
1.906752
1.9943572
1.916626
2.0427544
1.9810343
1.9391514
1.899417
1.977042
1.8039275
1.924015
1.8793339
1.8078555
1.965544
1.9582494
1.9245472
1.8649805
1.8476923
1.858819
1.8883657
1.8330723
1.9686188
1.9142838
1.9165949
1.9803885
1.85715
1.956018
1.8877252
1.9982475
1.9833367
2.052167
1.9037559
2.0232549
2.0022447
1.8250948
2.0183983
2.0795135
1.868297
1.8990828
2.0007212
2.0258424
1.8103781
1.9395872
1.9109738
1.9344867
1.9571968
1.8667375
1.9678692
1.9684286
2.1002834
2.0208125
1.9192752
1.7853384
1.9789525
1.8186578
1.8919325
1.8784541
1.9714987
2.0463347
1.8635616
1.9206027
1.8472242
1.8932189
1.9349902
1.9069734
1.8790058
1.908339
1.9477137
1.7443635
2.032207
1.8837665
1.9611058
1.968498
1.8895144
1.8313987
1.8812085
1.963155
1.9307752
1.9632657
1.9749327
1.9346435
1.9085033
2.0639343
2.1134555
2.0542626
2.0303144
2.0015042
1.9288943
2.0750825
1.9076025
2.0346336
2.0441823
1.900921
1.9717233
1.8768803
1.8714435
1.8264095
1.8636732
1.7742336
1.8200415
1.927066
1.8961968
1.7787492
1.8551766
1.8311164
1.7758003
1.8829236
1.8020756
1.7686337
1.8702282
1.936404
1.8570666
1.972817
1.9192457
2.0169075
1.8431141
1.907905
1.9951073
2.0567026
1.9371248
2.1249342
2.0216105
1.8500937
2.0282276
1.8457743
1.7932333
1.9100562
1.9071782
2.049576
1.8606987
1.9590781
1.8387398
1.8133187
1.9189738
1.7860758
1.8971198
1.8326516
2.0010488
2.080968
1.797178
1.929444
2.0042603
1.885071
1.851403
2.0382547
1.9198142
1.863951
2.0155015
1.9160112
1.9027288
1.9398977
1.9985362
1.8655155
1.9881395
1.9463463
1.7527102
1.8094373
1.917308
1.895701
1.8683423
1.7788858
1.9159232
1.8695652
1.8487277
2.0438237
1.9213986
1.9035923
1.8832227
1.9067963
1.8689901
1.9763547
1.9560415
1.8980008
2.076222
1.9003475
1.8491596
1.8700063
1.9921862
2.0085046
2.0015526
1.9748697
1.8862106
1.8723925
1.991413
1.9101865
1.8547088
1.9608335
1.9893211
1.8235904
1.8937595
1.9014715
1.857702
1.8787451
1.8672855
2.0294912
1.861728
1.9257528
1.7484758
1.9432005
1.811373
1.8215088
2.0687304
1.8832067
1.8169225
1.852256
1.8452914
1.9730535
1.7999058
1.872861
1.8817264
1.8517158
1.8638121
1.8241673
1.8876191
1.8103728
1.8391231
1.8349957
2.0055888
1.9375945
1.919872
2.092396
1.9960251
1.9381398
1.8310724
1.9091401
1.904018
1.7760323
1.7274435
1.8632735
1.9942935
1.8196433
1.8808513
1.880556
1.8439003
1.8478451
1.9134767
1.8368156
1.8724302
1.910205
1.8517985
1.9765122
1.8585808
1.9348216
1.9158307
1.8840634
1.9396843
2.0011857
1.9004825
1.8543457
1.8723305
1.934366
1.7687973
1.9252479
1.911718
1.8117805
1.9604919
2.0540216
1.8941476
1.8615283
1.8305643
1.8995854
1.844206
1.8940662
1.9356405
1.9318845
1.9909482
2.0093074
1.9238553
1.9048713
1.8383638
1.8956772
1.9721525
1.888599
1.8980513
1.8810092
1.940163
1.9545132
1.8781737
2.0132363
1.9089522
1.8508747
1.8560377
1.883496
1.9156842
1.8837471
1.925625
1.8783675
1.9453965
1.9627415
1.907301
1.9364413
1.9083053
1.8768113
2.0671058
1.8805513
1.9712309
1.8946232
2.0183997
1.875408
1.9759045
1.858327
1.9594537
2.0231555
1.9265703
2.069228
1.8511107
1.8730537
1.9225743
1.9876907
1.8475349
1.9746892
1.9548862
1.9112787
1.788825
1.8977838
1.9525613
1.8170856
1.8258637
1.7751075
1.8426164
1.8136082
1.8410558
1.8488533
1.755065
1.8017104
1.85221
1.7307768
1.7427645
1.7860032
1.8573765
1.8566555
1.9420235
1.8844403
1.7709384
2.0356996
2.004863
1.9093417
1.8830497
1.9434859
2.0101616
1.9270649
1.8735888
2.0382097
1.9237936
1.9331057
1.9715621
1.995935
1.9539157
1.8090754
1.9132078
1.867346
1.790471
1.9376215
1.845346
1.9656894
1.9520454
1.7902752
1.88343
1.8464682
1.800966
1.9472469
1.9161304
1.7919707
1.874182
1.9272083
1.8779123
1.8156463
1.921849
1.8474985
1.9773363
1.9424948
1.8887206
1.8432604
1.9929563
1.9257718
1.912936
1.8629625
1.8955959
1.8073066
1.9418525
1.9094396
1.9072392
1.8270802
1.860266
1.8291366
1.9693389
1.7929024
1.8847657
1.9064255
1.892662
1.8560803
1.9616978
1.9288574
1.7897686
1.8540822
2.0002189
1.8368428
1.8528868
1.9711479
1.809224
1.8527375
1.8660114
1.922588
1.8356645
1.8402122
1.9556605
1.7956878
1.8600303
1.8398647
1.9433484
2.0010414
1.8956678
1.8239087
1.871501
1.9666475
1.9336945
1.8790138
1.9223202
1.8045932
1.9315096
1.8221908
1.8831191
1.898213
1.8858348
1.9320223
1.8985721
1.8255973
1.9650223
1.8073182
1.918049
1.8887326
1.9208965
1.8113843
1.7970384
1.8952922
1.8520634
1.8037015
1.8152473
1.8194101
1.8282458
1.8901116
1.8120693
1.9140242
1.9222063
1.9997154
1.8608983
1.8983407
1.992763
1.9958344
1.9883493
1.9362367
1.8159802
1.9837018
1.8145063
1.8224673
1.827924
1.7813163
1.8026335
1.8742081
1.8203137
1.7404186
1.9481616
1.7164356
1.7852198
2.015315
1.880004
1.8498367
1.8477645
1.8992585
1.8604087
1.9058423
1.8378513
1.9048753
1.8486929
1.81546
1.886706
1.9420754
1.8434461
1.841469
1.8249236
1.7691383
1.7868067
1.9931406
1.8601552
1.763738
1.8127526
1.778941
1.8682516
1.7831827
1.8439167
1.9721055
2.0206528
1.8875971
1.8970976
1.87255
1.866429
1.7822773
1.8773311
1.8161865
1.8080416
1.9051908
1.7969569
1.7750475
1.7341807
1.7490655
1.7740518
1.8376786
1.7910973
1.862434
1.7649417
1.8226004
1.7422895
1.7877095
1.802936
1.793968
1.8159188
1.7321818
1.7662606
1.8176743
1.8080456
1.8959347
1.7976114
1.7889857
1.8457581
1.8849399
1.8235041
1.7648604
1.7813418
1.8796664
1.8380303
1.905563
1.8616406
1.9083664
1.879467
1.8851134
1.7695465
1.9495729
1.8205825
1.8543278
1.8279803
1.8403348
1.9058354
1.7370156
1.7640455
1.8978294
1.8045934
1.7552581
1.8026992
1.7660111
1.8207982
1.8189403
1.9427737
1.69421
1.8854792
1.8423972
1.8079077
1.917448
1.8289249
1.7983553
1.9540662
1.9466169
1.7836392
1.8897738
1.7839543
1.8582255
1.7895622
1.7707212
1.925526
1.7793286
1.8560655
1.8723946
1.817757
1.891291
1.7407331
1.91007
1.8756875
1.8922863
1.7750477
1.8657084
1.758545
1.8022232
1.8084378
1.8145123
1.889565
1.8197334
1.9032495
1.8617979
1.805069
1.870783
1.8932352
1.8570565
1.7790443
1.78966
1.8510104
1.822953
1.8196125
1.7773403
1.758109
1.7452946
1.7236316
1.8178164
1.8032744
1.8510058
1.8656414
1.8229098
1.8855017
1.9081097
1.8914984
1.8252496
2.028319
1.8028812
1.7593818
1.9365715
1.9600997
1.8873448
1.7365032
1.757919
1.9283135
1.9103684
1.8401947
1.7766937
1.7534174
1.8206065
1.798579
1.8583755
1.7517037
1.8947923
1.8460052
1.8159146
1.7995375
1.8813889
1.8018725
1.8926377
1.890285
1.8645958
1.892727
1.8021631
1.9112983
1.9037668
1.812186
1.7665845
1.7656733
1.808885
1.8066396
1.847177
1.9039465
1.8627627
1.8240047
1.7558099
1.7802975
1.8460172
1.814495
1.7450291
1.771013
1.7150749
1.9159791
1.7037567
1.722634
1.8370495
1.7716846
1.7703928
1.7534004
1.7013422
1.7616979
1.7402463
1.7998707
1.7662846
1.7421478
1.7416018
1.7511045
1.8080816
1.7132533
1.736852
1.7722602
1.7182763
1.7321057
1.8174281
1.8589263
1.8163757
1.741225
1.762658
1.746742
1.7061099
1.8681029
1.7837162
1.9110565
1.7044728
1.7088218
1.7044696
1.873619
1.8319285
1.7501522
1.7434242
1.7853777
1.743055
1.9032773
1.6947411
1.8228496
1.8126887
1.7628282
1.737758
1.7901058
1.7409081
1.7899026
1.8242525
1.7878823
1.7144798
1.7723187
1.7569792
1.7222402
1.7736026
1.7473865
1.8656094
1.8186208
1.7774535
1.8868811
1.768395
1.7470148
2.0250094
1.781001
1.8136171
1.842456
1.8244923
1.8815613
1.9691417
1.7696165
1.8551095
1.8049264
1.7648344
1.7913622
1.7732093
1.796751
1.8244498
1.8895397
1.8003803
1.8075005
1.7870467
1.7009245
1.7844511
1.819743
1.766265
1.775455
1.7911472
1.7079928
1.8714201
1.7803853
1.864421
1.7861714
1.7882562
1.777321
1.9150019
1.8263085
1.8134902
1.8474059
1.8553813
1.8020519
1.786147
1.8178103
1.9091947
1.7588577
1.705245
1.7865391
1.7194201
1.7805263
1.7718147
1.7358725
1.878764
1.8251975
1.7789887
1.758959
1.7982922
1.8370509
1.8320793
1.9049165
1.902737
1.8222115
1.9518125
2.0230267
1.7268097
1.8757471
1.9649097
1.8058599
1.8264502
1.8315064
1.8531617
1.8046491
1.8758343
1.8316845
1.834075
1.7242959
1.7084259
1.7667754
1.7958537
1.8145688
1.7765433
1.7519107
1.7875605
1.6915562
1.8714718
1.8214047
1.751183
1.7799946
1.8304929
1.8472062
1.8280392
1.8544599
1.8381225
1.9866343
1.8293074
1.7433454
1.7371738
1.7749372
1.8104519
1.7485853
1.7689009
1.7602593
1.8051825
1.8606002
1.7928426
1.8032433
1.778584
1.8646253
1.7219275
1.8059313
1.789231
1.8142089
1.7790385
1.7872512
1.7987868
1.7831991
1.8708694
1.7009615
1.7636148
1.8800178
1.9458821
1.8173442
1.8405273
1.8280989
1.8327578
1.8216728
1.8359219
1.8628757
1.717534
1.9601871
1.7954392
1.7392524
1.8119267
1.7395293
1.7441173
1.8007445
1.7417035
1.8414345
1.7680418
1.7580162
1.8275685
1.8064965
1.7926477
1.8538063
1.7075528
1.720716
1.9401942
1.9072642
1.7689673
1.83952
1.7195382
1.7451183
1.8396256
1.7503117
1.815817
1.7985466
1.7924781
1.7565475
1.749755
1.7940907
1.7216347
1.8396822
1.7815783
1.6994103
1.7235682
1.723868
1.8396375
1.7606921
1.8684675
1.7728902
1.7495443
1.8009901
1.7974929
1.8398973
1.9207013
1.8284752
1.8346361
1.8581318
1.8128042
1.7917521
1.790634
1.823595
1.866642
1.7466016
1.7840943
1.7335036
1.7740757
1.8523495
1.7463405
1.782395
1.7170798
1.7575363
1.7818105
1.707439
1.7718775
1.8338215
1.7793397
1.7618352
1.7981225
1.7772253
1.861375
1.77852
1.751031
1.7625759
1.7416067
1.7372103
1.828945
1.7295967
1.8637944
1.8437343
1.7335775
1.8751383
1.8374047
1.7961055
1.7957104
1.8398324
1.8855604
1.8506379
1.7568916
1.67435
1.7159672
1.7685618
1.8613667
1.8275177
1.8618487
1.843849
1.690113
1.8786125
1.7751286
1.6981148
1.7750988
1.7897352
1.8553337
1.8117262
1.8073932
1.729654
1.8433447
1.824784
1.8502063
1.846208
1.8188602
1.7927623
1.7931372
1.7732507
1.7972775
1.9389273
1.7780132
1.9217137
1.8603958
1.843262
1.8239292
1.7968577
1.8748744
1.7644237
1.7221783
1.8918347
1.849652
1.8641918
1.7107563
1.7564417
1.7396711
1.7310175
1.7887852
1.7041765
1.8332596
1.8268745
1.8179673
1.7622552
1.7010043
1.8974711
1.8045694
1.7960075
1.7424704
1.776782
1.8164201
1.6918191
1.8107545
1.7731183
1.6865339
1.7204545
1.7449565
1.720794
1.8016633
1.7961354
1.7125897
1.7978626
1.7994665
1.7751807
1.7676998
1.7891213
1.8059965
1.799526
1.7933161
1.7162037
1.7641813
1.8345414
1.8083436
1.7398157
1.7724859
1.6975765
1.8147843
1.801042
1.8225857
1.8236611
1.7359623
1.9574857
1.7761855
1.7015496
1.7790885
1.7958195
1.7435752
1.7874608
1.8033051
1.8252838
1.8421509
1.7577085
1.781355
1.7009032
1.868272
1.8014566
1.8706305
1.7518327
1.7210745
1.8112532
1.7911478
1.862969
1.79614
1.7781218
1.7086452
1.8840338
1.8277396
1.7275697
1.6760695
1.8322912
1.8295387
1.7370586
1.8084997
1.7432319
1.7453084
1.7156235
1.7692337
1.7969018
1.7434872
1.7248808
1.7561107
1.7518412
1.7330737
1.8302518
1.7291574
1.8090048
1.7738937
1.7378091
1.7803522
1.7762662
1.752385
1.7847385
1.7155282
1.8676596
1.7394973
1.7900945
1.7221966
1.7568028
1.8817866
1.7395357
1.7554356
1.80233
1.6670295
1.8241483
1.8365012
1.8205591
1.8944547
1.8179744
1.9105823
1.8357044
1.7597992
1.7978758
1.7230935
1.7673292
1.7782748
1.7878989
1.6451838
1.7141947
1.9401671
1.7763675
1.7982025
1.7539487
1.8363773
1.715537
1.8224571
1.7473496
1.8999084
1.7382067
1.7782145
1.7205015
1.8562317
1.7279552
1.6996965
1.7163264
1.7221509
1.7907977
1.8572326
1.8258046
1.820817
1.8582777
1.7741454
1.8397261
1.7740978
1.7575896
1.9009093
1.7520586
1.8381083
1.7552971
1.79901
1.8125162
1.6873337
1.7777327
2.001177
1.8649788
1.8187268
1.7447473
1.9017831
1.7622857
1.6648254
1.8342525
1.7540462
1.8479105
1.7765605
1.8454769
1.7966574
1.8715745
1.8024914
1.8115349
1.8024304
1.8390001
1.6977835
1.7161283
1.7482319
1.7487522
1.8500978
1.7646016
1.8055884
1.6967613
1.7744042
1.7031901
1.8016927
1.739742
1.8134723
1.8272033
1.8334152
1.7735587
1.8509178
1.9126338
1.8704766
1.8513998
1.9087331
1.8309017
1.752811
1.768395
1.864767
1.902364
1.866042
1.6918048
1.7579259
1.8136725
1.6944065
1.6781323
1.853473
1.8513273
1.8173583
1.7578617
1.7976679
1.8243961
1.7481778
1.7882458
1.7663972
1.8191912
1.7975384
1.8101192
1.708901
1.7962759
1.8263078
1.768303
1.7490914
1.8357775
1.8228341
1.808002
1.7752768
1.7054952
1.802262
1.7413622
1.7731229
1.8061153
1.7378055
1.7654246
1.7326717
1.7319517
1.707275
1.7984238
1.7923353
1.7131625
1.802642
1.7068304
1.7865906
1.6889198
1.7576288
1.6830328
1.7530073
1.739188
1.7489947
1.789776
1.7759527
1.788857
1.832079
1.7849263
1.7446883
1.8515372
1.697196
1.760597
1.7461278
1.779344
1.8165194
1.727171
1.7971127
1.8712674
1.7186224
1.6844305
1.7106667
1.6930304
1.8418043
1.8165226
1.7470655
1.7737615
1.724659
1.8362035
1.7479973
1.6886708
1.857168
1.9023056
1.718971
1.8320221
1.7659843
1.7020015
1.7939885
1.9598811
1.8244958
1.767845
1.8115582
1.684991
1.7621249
1.7940698
1.7456415
1.7730434
1.7244326
1.6749427
1.6658776
1.728558
1.8610444
1.6751727
1.7815626
1.7957939
1.84979
1.753641
1.8340305
1.7290583
1.6963085
1.7512383
1.7889055
1.7779604
1.7313755
1.796045
1.7571974
1.769997
1.8072717
1.7775775
1.7738037
1.789766
1.7913365
1.6955798
1.8517145
1.6824045
1.7584922
1.7603467
1.73319
1.7316647
1.6917943
1.7057621
1.7544777
1.732931
1.6869397
1.7516756
1.7990336
1.8957382
1.8458899
1.6818857
1.8052857
1.6889875
1.7692642
1.7764356
1.6770985
1.7464143
1.7688917
1.6861398
1.7461296
1.683745
1.7691686
1.730395
1.7036903
1.854614
1.6715184
1.7402502
1.8305575
1.7089713
1.7135956
1.8122774
1.666314
1.7459712
1.7483816
1.7329011
1.7340662
1.751411
1.6935717
1.7807176
1.7101073
1.766861
1.6928419
1.7255479
1.6858653
1.8690772
1.74031
1.7673103
1.8138105
1.7576252
1.7340835
1.7636756
1.7330493
1.7652112
1.7027222
1.7136831
1.6939905
1.8277527
1.7722827
1.9001132
1.9023411
1.6614307
1.7058549
1.759979
1.7361598
1.7910655
1.7875402
1.6996752
1.7135109
1.7928438
1.763357
1.7917784
1.806304
1.8121578
1.782011
1.7599989
1.7708796
1.7020824
1.746236
1.8596479
1.7296944
1.8278656
1.7875818
1.783255
1.6929553
1.7532997
1.7697645
1.7463022
1.7567292
1.7324065
1.7217855
1.70705
1.7369616
1.7911291
1.7323802
1.7716798
1.774662
1.708537
1.8015653
1.8132204
1.7701617
1.7384984
1.9327062
1.837996
1.7221758
1.8146175
1.72594
1.7660594
1.699666
1.9093441
1.6526097
1.7328982
1.6451702
1.7733284
1.7561839
1.8620597
1.7860976
1.695131
1.7967902
1.791001
1.8338956
1.7229733
1.701961
1.7519205
1.8304365
1.755372
1.7555954
1.7180167
1.7752873
1.725933
1.8722433
1.7323133
1.689595
1.7086653
1.6580565
1.7276324
1.718702
1.7272573
1.795167
1.8628129
1.7945328
1.8560771
1.750769
1.729549
1.7888697
1.777324
1.8962255
1.6934899
1.7193525
1.7193313
1.8133237
1.7194062
1.7659233
1.7272589
1.72626
1.7166064
1.7200661
1.7109069
1.7570816
1.6874597
1.7160637
1.6646844
1.7666827
1.7889501
1.7783293
1.7226286
1.6881707
1.7520195
1.7696241
1.8205707
1.703038
1.755086
1.8076241
1.8327425
1.8895761
1.768368
1.8322563
1.6982961
1.8428497
1.7307009
1.7544463
1.7130951
1.9748242
1.790459
1.824592
1.6549708
1.7755038
1.7139263
1.6936995
1.7451292
1.7761574
1.8235582
1.677896
1.7465228
1.7338363
1.7687757
1.7529205
1.6945418
1.8135612
1.7871876
1.8204302
1.7176207
1.8111477
1.7664946
1.7010866
1.7247885
1.7459072
1.7713116
1.6697942
1.716809
1.7334112
1.7183328
1.7069111
1.7500504
1.8262107
1.7242013
1.7881987
1.7339705
1.7326767
1.8174348
1.7150106
1.650666
1.8346777
1.6589667
1.8244067
1.6653734
1.7058067
1.6815872
1.7139122
1.7193835
1.645508
1.7443045
1.8188343
1.7324537
1.7649369
1.8039548
1.774667
1.706294
1.6525121
1.702715
1.7193886
1.7146708
1.7332807
1.7712519
1.8001407
1.620203
1.7977874
1.7909906
1.7562726
1.8097663
1.79535
1.8426298
1.7927946
1.8239614
1.7767925
1.753015
1.7763577
1.7327204
1.7763749
1.8181068
1.7698238
1.8778945
1.8608536
1.7665337
1.7110583
1.707689
1.7474376
1.7930697
1.812215
1.7483157
1.6848083
1.7394067
1.6898649
1.7394445
1.7163241
1.8184474
1.7365727
1.7173871
1.8167616
1.8067693
1.8054053
1.8343235
1.7899764
1.8541259
1.9367387
1.7613115
1.7091526
1.753636
1.6820767
1.7865413
1.8611598
1.7201126
1.7481238
1.8165665
1.8171129
1.7547317
1.9639947
1.8305801
1.9115485
1.7098004
1.7809181
1.7592407
1.8763168
1.7103637
1.7328717
1.7936696
1.7676945
1.7905325
1.7591649
1.7541989
1.8102728
1.7975985
1.8787618
1.7293197
1.8297763
1.721841
1.7573092
1.749177
1.7090306
1.6671221
1.7144443
1.8563626
1.669241
1.6797237
1.7474527
1.6908967
1.6997267
1.7653837
1.6957141
1.6920024
1.7096257
1.706534
1.639099
1.6745962
1.7930909
1.6699791
1.7993852
1.74632
1.90628
1.821219
1.9271255
1.7478375
1.7152052
1.7941555
1.7517896
1.848159
1.7154268
1.7186048
1.6675931
1.7182052
1.6974365
1.7544128
1.6907313
1.7785804
1.7188728
1.6946547
1.7355816
1.7346222
1.7169788
1.6775328
1.8339769
1.6819454
1.8041563
1.7390889
1.7974393
1.7440026
1.649877
1.659601
1.7150078
1.7135255
1.8464154
1.7739775
1.739427
1.7149148
1.7072238
1.794609
1.7464901
1.7731515
1.7805258
1.7006177
1.7087853
1.7553368
1.7978736
1.7633367
1.840108
1.728223
1.7152865
1.8155297
1.7619095
1.7170892
1.6959435
1.6408998
1.63809
1.759313
1.8504041
1.8256427
1.6889237
1.7102163
1.8513428
1.7707722
1.6890053
1.7404248
1.788955
1.8134295
1.8057445
1.862467
1.8446856
2.045174
1.7128828
1.779013
1.7386957
1.770525
1.8039522
1.7331495
1.689476
1.8136925
1.7195808
1.7010558
1.735139
1.6698167
1.6687018
1.7798734
1.7114205
1.6962762
1.7846038
1.803398
1.7895362
1.7788547
1.7666988
1.7608428
1.6799825
1.8604451
1.7815084
1.7790372
1.7369984
1.710408
1.7539202
1.7239579
1.7875837
1.7716583
1.7137544
1.7925488
1.7779871
1.7707908
1.8343941
1.8180276
1.7753007
1.7288344
1.7760112
1.8806453
1.744803
1.8361528
1.7658076
1.7452457
1.9414947
1.7974894
1.7387352
1.7813917
1.7067875
1.8079172
1.6855755
1.8159248
1.808409
1.7691705
1.72422
1.7699143
1.7045552
1.7532423
1.7555995
1.6777382
1.7853185
1.7078972
1.8496615
1.7374889
1.7307255
1.7299258
1.7332006
1.7508721
1.7326634
1.749508
1.7479932
1.8159535
1.74167
1.856776
1.7530062
1.6853412
1.780999
1.7470529
1.6939468
1.6916906
1.674592
1.7510085
1.7114584
1.7366955
1.7592161
1.7064625
1.6608303
1.7774308
1.7350954
1.7415476
1.7440492
1.7888123
1.7047595
1.7493153
1.7819403
1.6842519
1.7273679
1.738016
1.7503037
1.7320094
1.7188772
1.7420895
1.7903348
1.714985
1.6884457
1.7662215
1.707772
1.7208726
1.7299706
1.7542977
1.6925056
1.7566901
1.73897
1.6836998
1.6576985
1.8394165
1.7136284
1.721521
1.6848555
1.7759198
1.7426916
1.7297198
1.754494
1.8013937
1.6707487
1.6763203
1.6564157
1.6851162
1.6671377
1.6764038
1.725397
1.702787
1.7640783
1.725564
1.761503
1.7731847
1.7560661
1.751429
1.7655934
1.7492712
1.804431
1.7923716
1.8782288
1.6941162
1.6597495
1.824672
1.8114054
1.6952661
1.7698207
1.718449
1.7585094
1.888956
1.7801747
1.7870319
1.6739705
1.6976438
1.8718148
1.7244015
1.8734919
1.7634541
1.7034507
1.7209673
1.8063473
1.6532707
1.8606321
1.7514092
1.7915297
1.696202
1.8326608
1.7915505
1.745447
1.7545317
1.726532
1.7242187
1.690143
1.7457926
1.7139208
1.6858592
1.822904
1.7650435
1.7206326
1.7463818
1.7764567
1.8528833
1.7606571
1.7759577
1.7121215
1.8596377
1.72914
1.8254182
1.7400615
1.7396727
1.8238701
1.8660599
1.7735599
1.7455337
1.7314376
1.6882355
1.7442248
1.7475853
1.841526
1.7477955
1.7515875
1.6817873
1.7570738
1.8273532
1.7483735
1.741561
1.7222878
1.8287892
1.7398733
1.7308661
1.7501152
1.7044337
1.6895308
1.7277313
1.7910255
1.8163247
1.7211554
1.8480885
1.7116196
1.7450428
1.7754858
1.6950555
1.665354
1.668836
1.6772478
1.7181463
1.7318717
1.6858445
1.7001172
1.6413566
1.6920131
1.653801
1.7279173
1.7113329
1.7465774
1.671626
1.7696748
1.6533682
1.770557
1.8347235
1.7641691
1.7299595
1.6780427
1.7268842
1.7302006
1.7358875
1.6799757
1.7636936
1.7258284
1.7130234
1.6803436
1.805929
1.6778928
1.7828947
1.7451879
1.7561048
1.7709981
1.7495329
1.79036
1.6580485
1.7012745
1.6865118
1.6891814
1.640551
1.7699018
1.7122205
1.7178491
1.7647908
1.7045517
1.7265835
1.7658392
1.695365
1.7111567
1.7214837
1.6748085
1.6615262
1.7299055
1.671356
1.686992
1.633201
1.6733115
1.722881
1.6511687
1.6473094
1.8223577
1.7016311
1.7089349
1.800678
1.770212
1.7115581
1.7198662
1.7119665
1.6478713
1.7722892
1.7927525
1.7319528
1.6964226
1.8045365
1.706057
1.7318176
1.68558
1.8115687
1.6528038
1.7482356
1.7224146
1.7400922
1.6530321
1.7113774
1.8246559
1.7351655
1.7245871
1.6631665
1.7029781
1.775076
1.6759778
1.6360495
1.7331135
1.7452035
1.7677203
1.6730691
1.713504
1.6690363
1.7306064
1.8500375
1.8788283
1.7288897
1.7068685
1.6206251
1.7537895
1.746837
1.685703
1.7782793
1.7258149
1.8190103
1.6845815
1.6691003
1.7231867
1.7547218
1.7250597
1.6527097
1.6791162
1.721976
1.7385346
1.739196
1.7614472
1.6519473
1.7094985
1.7149258
1.7463683
1.7567586
1.711546
1.670377
1.7009542
1.824256
1.6597135
1.6953007
1.6389184
1.7702717
1.788168
1.81278
1.7592053
1.6658024
1.7520405
1.6724006
1.7126302
1.7428846
1.6282008
1.7318852
1.6645395
1.7114007
1.7166425
1.7884405
1.7849697
1.6923348
1.7620428
1.633938
1.654186
1.7047538
1.678539
1.7351559
1.6527039
1.7045088
1.7468735
1.7570586
1.6906617
1.6757858
1.6718525
1.867436
1.645006
1.687147
1.6942612
1.7521462
1.6746554
1.7012246
1.8208055
1.7064184
1.7288378
1.8010225
1.7107065
1.7247417
1.6556604
1.8020288
1.6820762
1.7936049
1.6938227
1.7124357
1.8291831
1.6367764
1.7611041
1.7467296
1.6517786
1.7798818
1.7218572
1.7841467
1.7687458
1.7709265
1.6799318
1.7051053
1.6766143
1.78772
1.667103
1.6269811
1.6847509
1.7498239
1.719449
1.6863338
1.7184674
1.8280338
1.7483785
1.7383817
1.621788
1.7852805
1.706284
1.7334621
1.653132
1.7567945
1.7013408
1.7197982
1.7876842
1.7051166
1.8577442
1.675011
1.666795
1.7442058
1.7167168
1.7099807
1.6779506
1.7333075
1.7047874
1.7324637
1.7224842
1.6623812
1.6813266
1.7705519
1.731754
1.6510402
1.7359397
1.7658617
1.6771734
1.7341747
1.6044345
1.7908094
1.8371903
1.7072883
1.6322486
1.6936004
1.7101753
1.6913297
1.7913654
1.7633514
1.7605195
1.7629646
1.7758528
1.6952806
1.6535528
1.7097926
1.6984278
1.6571708
1.7215518
1.6721619
1.6481315
1.7088996
1.7476472
1.7199048
1.8087034
1.6478689
1.6885107
1.6903168
1.7675934
1.716616
1.9369274
1.6644442
1.7490658
1.7413722
1.7265476
1.7189617
1.7024738
1.7171785
1.6605856
1.6921898
1.7136664
1.6814003
1.6459092
1.6291147
1.7059666
1.69959
1.6919893
1.7405852
1.728288
1.7172893
1.6926233
1.7563503
1.7297622
1.7529095
1.766536
1.7852675
1.7638675
1.6947472
1.7657095
1.736769
1.741076
1.6891404
1.6977985
1.7914883
1.7790217
1.7278672
1.7374448
1.705061
1.839637
1.6457018
1.721623
1.7041898
1.8887448
1.764473
1.7933334
1.746702
1.715506
1.7492807
1.7635717
1.81197
1.8045571
1.6666738
1.7073059
1.7293003
1.6823065
1.7548395
1.7490059
1.6578515
1.7709143
1.7606016
1.719539
1.7951155
1.8028202
1.7383755
1.7904153
1.743487
1.7219995
1.721368
1.7680138
1.737365
1.7896224
1.6821975
1.6338704
1.7825435
1.6712372
1.699636
1.707893
1.7792244
1.7236835
1.774684
1.7528416
1.7715995
1.7298132
1.8267527
1.7415055
1.6665932
1.7310045
1.6973175
1.6690185
1.7308522
1.8272277
1.6903493
1.7614814
1.6918986
1.787292
1.7174174
1.9151968
1.741636
1.8345745
1.7620957
1.7783194
1.830439
1.7689911
1.6809253
1.6958305
1.7219337
1.6979085
1.6934677
1.6822492
1.7691691
1.7107264
1.6724344
1.6882393
1.6863518
1.6764172
1.7424265
1.6607437
1.6533107
1.7514437
1.6958609
1.655736
1.728241
1.700526
1.7405624
1.7376002
1.7797765
1.8178953
1.7321702
1.7478329
1.7358253
1.7019588
1.7178085
1.8030788
1.741438
1.7469028
1.7028003
1.6842753
1.7015384
1.706894
1.6957448
1.6703537
1.8115427
1.7628312
1.770604
1.6777867
1.7510791
1.6373174
1.6266813
1.6904402
1.7432567
1.67577
1.7888982
1.6532876
1.684873
1.718359
1.7160634
1.8180537
1.7781535
1.6489264
1.7160835
1.7787362
1.7799038
1.6716145
1.647321
1.7089977
1.6632541
1.6801248
1.7342392
1.7671597
1.7569133
1.631928
1.7847145
1.6571097
1.65046
1.6882935
1.7215991
1.8101364
1.7231995
1.7367059
1.7629997
1.8176258
1.7907195
1.9445527
1.8458178
1.7866046
1.8578962
1.8836397
1.7571529
1.6941477
1.6647202
1.679674
1.7211015
1.6666981
1.743865
1.659936
1.6850767
1.7281915
1.6327782
1.7169558
1.6707327
1.7665477
1.72941
1.7002273
1.7184383
1.735275
1.7039875
1.7257055
1.8332947
1.7173338
1.7808625
1.75473
1.6999625
1.6823772
1.7989805
1.7341355
1.71829
1.7104933
1.7295003
1.681778
1.6556628
1.6473522
1.7111701
1.7297199
1.8114117
1.7052058
1.6280355
1.6884598
1.8368068
1.6566336
1.7165933
1.697637
1.8485922
1.7581358
1.7006867
1.6596625
1.6857901
1.7939382
1.6480604
1.7222158
1.7095857
1.644729
1.7867154
1.7393054
1.6570168
1.7076923
1.6511327
1.7059218
1.7013345
1.7109338
1.727332
1.7141455
1.6973557
1.715205
1.7643993
1.6855419
1.7025255
1.7969298
1.6430645
1.633688
1.7118757
1.7303888
1.7820475
1.6947898
1.7543845
1.7119718
1.7838315
1.7077355
1.7724776
1.6575494
1.7830995
1.805296
1.7462213
1.7160753
1.7414864
1.6537558
1.7080606
1.7422098
1.7393897
1.6991885
1.6854837
1.7061509
1.7153078
1.7468268
1.7795362
1.6488663
1.7259493
1.7192718
1.8158969
1.6617688
1.7340232
1.8043998
1.6831
1.762249
1.7161522
1.7314233
1.6612934
1.7393762
1.681841
1.6719377
1.6510191
1.759536
1.6833564
1.8848357
1.6844946
1.7162364
1.7541494
1.6522819
1.7957963
1.7164482
1.7090467
1.8252082
1.6688766
1.6436116
1.797319
1.6962293
1.8228096
1.713545
1.7121719
1.6554564
1.7086345
1.7165562
1.7611371
1.7244712
1.6545054
1.6792817
1.6338583
1.7156515
1.769675
1.7880708
1.7488621
1.6571138
1.782217
1.6498095
1.6797826
1.7753083
1.8269619
1.8394336
1.6560957
1.7586282
1.8212554
1.7761925
1.688816
1.705438
1.7058092
1.7298312
1.6653272
1.6265944
1.7890265
1.6986264
1.6642599
1.7108501
1.7011508
1.7536151
1.7922453
1.7091027
1.8437184
1.7527223
1.7353994
1.7344395
1.7439703
1.673662
1.6816361
1.7080418
1.770886
1.6840056
1.6682297
1.6498127
1.614772
1.7474784
1.6752025
1.7181412
1.7353872
1.5942672
1.6485134
1.6864152
1.7883611
1.6716753
1.7062962
1.6765877
1.6690568
1.737426
1.6288221
1.6777723
1.8191322
1.7192893
1.7074542
1.7686633
1.7193583
1.6752414
1.812616
1.7041695
1.7096537
1.8745165
1.7196202
1.6732103
1.7160715
1.6461396
1.7060647
1.8522215
1.6535461
1.760736
1.66408
1.7567495
1.6508032
1.641211
1.681879
1.7860383
1.7258283
1.6849524
1.8511566
1.7395906
1.750795
1.7223616
1.7801868
1.7137889
1.7026895
1.6881818
1.7603458
1.65496
1.6919276
1.7063144
1.675559
1.6603782
1.6713245
1.8884499
1.7493958
1.7167625
1.7254186
1.6724181
1.6639928
1.6917759
1.6693703
1.6976913
1.7489831
1.7618811
1.7601461
1.6765467
1.744936
1.7722987
1.7274842
1.7508081
1.7501055
1.7096314
1.6885431
1.7040112
1.7808652
1.7170538
1.6731185
1.7379228
1.7164072
1.814028
1.799681
1.659261
1.7865449
1.6813223
1.7135285
1.6738874
1.7092555
1.757264
1.6873189
1.7452776
1.7132531
1.8003782
1.8445276
1.6861297
1.6698885
1.8118155
1.6642873
1.8196669
1.7761699
1.6949614
1.778
1.7215668
1.7284684
1.7482471
1.6807908
1.6783308
1.6717393
1.6363995
1.717599
1.8004555
1.700524
1.7151438
1.6418105
1.7404898
1.7197248
1.7697475
1.7259775
1.6971937
1.8057718
1.7249964
1.6718543
1.8221972
1.741517
1.7545749
1.7668469
1.6418
1.8376338
1.6874145
1.7048852
1.659744
1.7516222
1.7320875
1.7211553
1.7302213
1.7492198
1.7209243
1.6726803
1.7515053
1.6530162
1.69393
1.7327043
1.744854
1.7148553
1.6286005
1.6773943
1.6902287
1.7196622
1.6847522
1.6614101
1.7301806
1.7377584
1.6876919
1.7590016
1.7419667
1.7144705
1.7127628
1.7658283
1.7129635
1.6435739
1.6191915
1.6807204
1.6532675
1.600825
1.6625025
1.7863317
1.7183965
1.632903
1.6650085
1.6694854
1.7518573
1.6893148
1.8028008
1.7339265
1.7875682
1.8594748
1.7669497
1.6991367
1.7184105
1.6684995
1.639378
1.691255
1.7210857
1.7308537
1.727073
1.7260519
1.6601585
1.7051584
1.7253633
1.7720894
1.6924039
1.6551697
1.7291591
1.6974288
1.8430278
1.685203
1.7693136
1.6530967
1.8176748
1.7473562
1.7627002
1.7234709
1.7242903
1.7006102
1.6377695
1.6287798
1.6237228
1.670045
1.6778401
1.7657632
1.6459422
1.7542765
1.739412
1.6993575
1.6932406
1.7020925
1.652586
1.6895827
1.6724212
1.6945798
1.6938863
1.7189214
1.6606606
1.6563122
1.6179857
1.7181852
1.7816023
1.7265158
1.741316
1.6925769
1.6106102
1.6422325
1.6915935
1.7713454
1.7175629
1.6349387
1.706093
1.694494
1.6688616
1.6913593
1.6384503
1.7550156
1.7157807
1.6297243
1.7491995
1.7003264
1.628474
1.7904036
1.601489
1.6591008
1.6986811
1.7089936
1.7252723
1.6993607
1.7152214
1.6423203
1.6834565
1.6932333
1.6660333
1.7610037
1.6602015
1.7575648
1.696009
1.6858765
1.6836002
1.7801882
1.7075831
1.6951218
1.837886
1.7000309
1.7823112
1.7058423
1.7259158
1.7118425
1.7497487
1.7114516
1.756265
1.740142
1.6790265
1.7840728
1.7196685
1.6978557
1.6911994
1.7839632
1.6232882
1.7045374
1.7187322
1.7365252
1.7166599
1.6695081
1.6829215
1.7928517
1.7458209
1.659445
1.689471
1.727848
1.7530707
1.7129565
1.7048805
1.6875188
1.7056386
1.774308
1.7630957
1.6408342
1.6494756
1.7098885
1.7038605
1.6933777
1.684134
1.678787
1.6996353
1.6679499
1.7068821
1.7288426
1.7284193
1.6949488
1.7281084
1.7993454
1.7748243
1.8002323
1.6722904
1.8785862
1.8016952
1.7791468
1.6607316
1.6929866
1.6050175
1.744027
1.713209
1.942814
1.7147063
1.685429
1.6103628
1.8011378
1.848301
1.8610975
1.675627
1.8826872
1.7401377
1.8801668
1.772058
1.7505735
1.7635342
1.6159652
1.6616
1.7243195
1.9100782
1.6750169
1.7523818
1.7366469
1.6770595
1.7737733
1.6853157
1.7996799
1.6503263
1.7381989
1.7130525
1.7688725
1.6891607
1.6529292
1.7821432
1.6853344
1.726395
1.717004
1.6728165
1.7812288
1.7379737
1.7256078
1.7363085
1.7636863
1.6589153
1.6587466
1.8442228
1.6802505
1.6955527
1.6637269
1.7518847
1.721469
1.7247145
1.7157378
1.7284249
1.6137079
1.7074094
1.6627063
1.6753718
1.7295516
1.6865928
1.7254303
1.7466053
1.6736802
1.7161839
1.713552
1.758953
1.7506927
1.6227143
1.6563573
1.709234
1.807278
1.682606
1.6870228
1.6261034
1.6336601
1.6882234
1.7711803
1.6591507
1.6578856
1.7006817
1.6676724
1.647504
1.6571445
1.6801381
1.6671768
1.6670803
1.7598143
1.6827713
1.610898
1.6560782
1.7406065
1.6307685
1.7248383
1.6501992
1.778003
1.6429268
1.672258
1.6402727
1.7056342
1.6531913
2.0556433
1.7411412
1.7142901
1.7384895
1.6647805
1.8173637
1.702896
1.6663285
1.6863905
1.6709875
1.7812229
1.6969845
1.6256658
1.7024597
1.6354917
1.62016
1.7175223
1.7163177
1.7262838
1.664947
1.6814024
1.7306823
1.6347133
1.7029548
1.712907
1.734774
1.6405313
1.7086073
1.6825475
1.661613
1.7455348
1.8760656
1.6885129
1.6267657
1.7166189
1.79004
1.789172
1.6784903
1.733006
1.7205298
1.6820493
1.7247499
1.7591243
1.8357118
1.7155831
1.7234805
1.6594359
1.6766738
1.6631492
1.6957086
1.6915058
1.6823847
1.6576643
1.7165502
1.740151
1.7353277
1.6636692
1.6348437
1.6849288
1.707472
1.6431607
1.7311746
1.6887054
1.6797291
1.7162315
1.6444442
1.6126711
1.722311
1.6489775
1.7431425
1.6176775
1.7560728
1.6794147
1.6607826
1.645451
1.7087132
1.6220943
1.6196072
1.709725
1.66482
1.691567
1.712906
1.6889622
1.7055651
1.7338636
1.677327
1.6231338
1.7052952
1.6315778
1.6841775
1.626413
1.6937327
1.857383
1.793676
1.6712155
1.8056107
1.657688
1.6643536
1.606536
1.694414
1.6748102
1.7803757
1.76322
1.6513516
1.7488493
1.7176595
1.6551132
1.7782763
1.7322317
1.6531959
1.6698513
1.6448891
1.6746228
1.7368628
1.6669085
1.712942
1.6498656
1.6443712
1.6897125
1.6776237
1.6372541
1.6880637
1.783471
1.70643
1.7177601
1.8089253
1.7135432
1.7008398
1.7039102
1.6912115
1.7999783
1.6364739
1.69784
1.6964705
1.730018
1.68178
1.7049955
1.7515169
1.6404414
1.7142445
1.6345507
1.7183852
1.7028295
1.7545019
1.6868488
1.6909395
1.6730363
1.5971618
1.6848942
1.692206
1.695209
1.6715039
1.7384973
1.8567708
1.6784313
1.6588819
1.7058493
1.7541605
1.7167287
1.6502568
1.7082596
1.6516608
1.651654
1.6529639
1.7486889
1.7380577
1.7418865
1.707765
1.7028984
1.7964159
1.6876961
1.6940768
1.7335372
1.6676185
1.7173356
1.6593913
1.8092883
1.7647703
1.663825
1.8398459
1.7683527
1.719304
1.6978238
1.6633917
1.6985328
1.7558075
1.7020296
1.7622836
1.6637092
1.6433761
1.6719853
1.6694102
1.6648908
1.703747
1.6859428
1.6898212
1.6604198
1.613744
1.69179
1.741256
1.6968215
1.6651467
1.6584201
1.6712095
1.6898082
1.7616739
1.6719677
1.6714385
1.6698462
1.7327344
1.7342364
1.7160047
1.6598775
1.6807338
1.7363459
1.6773982
1.6699128
1.668889
1.6621476
1.7355547
1.7568761
1.7229079
1.6528996
1.6878927
1.6562603
1.7122098
1.7802647
1.660517
1.6658396
1.6753912
1.6716522
1.690494
1.6740712
1.6810166
