27.632132
27.19368
26.490835
26.442327
25.775751
25.256132
25.546276
25.045168
25.265701
24.839813
25.099592
24.520868
24.45499
24.30434
24.764055
23.759382
24.865496
23.777575
23.907324
23.48458
23.31066
23.092964
23.598854
22.724815
22.71924
23.55388
22.927025
22.741304
22.483788
22.380272
22.333908
21.875765
21.711817
22.267334
21.46516
21.084908
20.85714
20.343508
20.797398
20.029291
19.368235
18.708345
18.511908
18.353144
17.874826
17.294504
16.431717
16.065493
15.93161
15.111862
14.245306
13.648652
11.910421
10.452396
8.602167
8.336629
7.739766
7.692345
9.241264
8.784935
9.374329
9.731877
8.630784
7.8598223
7.326878
6.610477
6.2952914
6.137973
5.7389107
5.9001613
5.9860697
6.5790977
6.744743
7.589905
7.4786468
6.904641
6.0085244
5.835366
5.771368
5.475777
5.8794045
5.7382
5.5488358
5.7431355
5.700376
5.681155
5.6124606
5.6279263
5.5707173
4.984809
5.079078
4.943556
5.067233
5.1681504
5.213578
5.509671
5.2208524
5.5303226
5.4385076
5.224909
5.0296593
4.985004
5.162057
4.815968
4.68408
4.4840364
4.6886225
4.643977
4.603823
4.4337797
4.6727443
4.8496475
4.960657
4.91637
5.026372
5.042502
4.698094
4.8795013
4.854052
4.608653
4.601724
4.506245
4.615747
4.397595
4.751212
4.6912327
4.8837595
4.789311
4.780622
4.6776295
4.481224
4.5500116
4.660718
4.315278
4.269393
4.126625
4.243318
4.517642
4.2704544
4.177055
4.526834
4.474424
4.600501
4.660834
4.514986
4.408157
4.546129
4.3364553
4.4947248
4.452369
4.252678
4.1859303
4.094894
4.484749
4.253205
4.221745
4.0736084
4.2995267
4.031838
4.0130963
4.152981
4.128737
3.901325
3.875609
4.092954
3.8249686
3.9846137
3.9590402
4.1856394
4.1172953
3.94226
4.1321974
4.055357
4.2305346
4.091497
4.1331964
3.911595
4.0030904
3.835716
3.510669
3.8079464
3.8336704
3.723405
4.0953693
4.106809
3.861399
4.188413
4.253133
4.151182
4.271973
4.1809497
4.009741
3.949745
3.963715
3.8164108
3.817256
3.8310704
3.9850166
4.2723594
4.083079
4.178989
3.9945648
4.1803956
3.8458867
4.0420537
3.9244437
3.817401
3.7593672
3.9553864
3.8648334
3.8413136
4.033145
3.8993094
3.9248192
3.8878756
3.7996275
3.825816
3.826056
3.7543895
3.797597
4.095585
4.1434827
4.0746765
4.25584
3.923357
3.7691388
3.8106716
3.679586
3.5651815
3.733191
3.662785
3.9538617
4.045737
4.0200677
4.0268373
4.191099
4.1000967
4.1154103
3.6863487
4.190991
3.7306225
3.640523
3.634266
4.0621963
3.74036
3.6785054
4.126627
3.9339082
3.910312
4.47915
3.9116218
3.5778177
4.1740613
3.5788574
3.681321
3.627461
4.048432
3.563124
3.7213652
4.230475
3.8004699
4.1115923
4.0341287
3.6464925
3.5960207
3.4485614
3.79399
3.635483
3.4271848
3.4943728
3.7711115
3.7103696
3.61342
3.585573
3.6622694
3.6651106
3.8303425
3.7250748
3.935387
3.8195364
4.062786
4.1709123
3.904537
3.495662
3.69276
3.4367175
3.41092
3.343297
3.3707833
3.668367
3.4293296
3.6007073
3.7846
3.8506024
3.875508
3.8634663
3.6983752
3.555175
3.618009
3.4932842
3.4506946
3.5015206
3.428443
3.6217184
3.59106
3.769405
3.5739732
3.4894044
3.597277
3.4289296
3.5469825
3.5662305
3.4077334
3.4898775
3.7217689
3.509182
3.6720076
3.883198
3.561068
3.4274652
3.5237966
3.2485373
3.670436
3.568167
3.779633
3.8074684
4.0419226
3.9004865
3.7957869
3.689123
3.5241618
3.5737324
3.408234
3.230333
3.3882158
3.511901
3.6185179
3.3842733
3.626908
3.391819
3.3402917
3.2528725
3.6084266
3.3591995
3.0564501
3.3199735
3.2460475
3.1667175
3.247423
3.2718816
3.356028
3.260816
3.2983148
3.2928085
3.2788966
3.0651634
3.4734473
3.202642
3.432179
3.2339616
3.455783
3.4209545
3.4212565
3.3027124
3.372158
3.0752585
3.0173736
3.0837011
3.0789967
3.274816
3.235074
3.282628
3.1979434
3.3112764
3.482814
3.3026245
3.1978674
3.3275855
3.061845
3.2010875
3.220843
3.1426294
3.2939405
3.1599035
3.136784
3.255226
3.2947109
3.3662386
3.4034615
3.1810346
3.613238
3.1472938
3.273859
3.2173996
3.079827
3.0835328
3.0336826
3.150299
3.2249908
3.317164
3.5040336
3.353631
3.1106513
3.2091708
3.2502282
2.9665937
3.2433195
3.2107666
3.2401857
3.4127264
3.2729468
3.249902
3.1250858
2.9602444
3.0486789
2.9941945
2.956639
3.01431
2.998803
3.000365
3.0607948
2.9833858
3.1787825
2.8479903
2.7803044
2.8846924
2.9616024
3.033357
2.8680573
3.0395403
2.957538
3.072549
3.0387704
3.0812721
2.9372492
2.97631
3.025056
3.038703
3.1422467
2.812158
3.0766077
3.0485356
2.9721365
2.7662866
2.9585822
2.8914683
2.8684516
3.0652118
2.9718795
2.920148
2.9627945
2.9394388
2.889245
2.7907727
2.7233298
2.7892547
2.667896
2.7046432
2.995963
2.927169
2.9254885
3.2073395
2.8841896
3.1722317
2.942029
3.0155604
2.8753688
3.0176895
2.9760215
2.592369
2.780496
2.7546885
2.847392
2.7227974
2.807072
2.724831
2.713827
2.9709153
2.695033
2.637551
2.7619991
2.709858
2.693381
2.6478736
2.791538
2.95117
2.7521224
2.816186
2.878135
2.8136296
2.697988
2.7867374
2.747879
2.769126
2.839611
2.997633
2.8471606
2.9552684
3.128294
2.89153
2.8825004
2.815124
2.628372
2.6941805
2.7757156
2.7830343
2.9150395
2.6766276
2.800742
2.813728
2.6562345
2.9325047
2.7015693
2.5839415
2.7089155
2.8146226
2.6602545
2.7087004
2.9841692
2.9639337
2.6163116
2.7060008
2.835113
2.815545
2.6866221
2.850311
2.6417105
2.5562246
2.614942
2.5609915
2.7403104
2.6662686
2.665088
2.5439765
2.6987705
2.5449078
2.52543
2.6689708
2.586378
2.4532034
2.5132267
2.5677686
2.65297
2.5629752
2.6985226
2.5243442
2.614042
2.5842602
2.5855834
2.6163301
2.5248313
2.5829735
2.578268
2.521946
2.461682
2.6185915
2.5894744
2.478499
2.6007159
2.6235125
2.5807304
2.5317464
2.558948
2.5073407
2.5918725
2.5934222
2.5164795
2.528773
2.615621
2.666968
2.5216172
2.6547427
2.522396
2.560797
2.4217832
2.5242436
2.5944967
2.5524652
2.5539513
2.4554174
2.453824
2.530187
2.4815335
2.2901568
2.528996
2.6315284
2.3301406
2.5581374
2.5299795
2.404029
2.3733563
2.4210052
2.4168205
2.594029
2.3807716
2.520533
2.5544105
2.5643322
2.3184626
2.58384
2.2932534
2.514671
2.4066195
2.255024
2.4336896
2.5977306
2.3322494
2.3205264
2.3339775
2.3530586
2.310686
2.36531
2.394258
2.270731
2.3317127
2.367059
2.3802805
2.4224894
2.5717194
2.3896341
2.2630446
2.4341764
2.3866694
2.396224
2.3965778
2.4924374
2.314466
2.402592
2.4488547
2.5536046
2.3997145
2.519573
2.371056
2.504823
2.277843
2.289476
2.5298796
2.3645566
2.204819
2.354675
2.414164
2.386795
2.359584
2.3730664
2.4428473
2.4276538
2.2791994
2.3105187
2.445773
2.424274
2.2478156
2.385502
2.459656
2.337138
2.4814534
2.2669942
2.331462
2.2894447
2.599201
2.2927818
2.4447546
2.5077055
2.411244
2.1867557
2.4129379
2.313278
2.5315435
2.166926
2.3025844
2.3072839
2.2749438
2.0858626
2.386003
2.3296654
2.3354316
2.292974
2.2746854
2.274193
2.291881
2.3172905
2.2590356
2.3449173
2.4080808
2.239019
2.3730416
2.439825
2.2919595
2.3233585
2.4932156
2.2820745
2.2596798
2.2047634
2.3049352
2.156895
2.3713255
2.2401032
2.245745
2.347486
2.2263596
2.3945866
2.3750815
2.4243755
2.2897089
2.4360235
2.214363
2.2134387
2.2817464
2.2150095
2.1280794
2.1242898
2.1931627
2.3197153
2.0346768
2.215971
2.171189
2.2885568
2.0072315
2.104941
2.1382844
2.231488
2.3486228
2.324941
2.2386007
2.3061152
2.3576293
2.11926
2.2266505
2.2612991
2.2908502
2.1352544
2.1584964
2.2093422
2.2717485
2.107251
2.1769438
2.1399302
2.0453017
2.4370565
2.2961874
2.1666625
2.3013585
2.0820954
2.0950007
2.209641
2.251682
2.1480458
1.9788022
2.1332562
2.2841954
2.1089015
2.1174695
2.2024994
2.2077296
2.2606194
2.0351324
2.099832
2.2925777
2.2085154
2.0691996
2.2489514
2.0784807
2.0768492
2.0024135
2.208007
2.162636
2.1338415
2.151506
2.2715526
2.1522367
2.139603
2.134352
2.083252
2.0747948
2.1518636
2.1562884
2.167945
2.1345506
2.098638
2.0895498
1.9898182
2.1092665
2.06942
2.0571375
2.2107644
2.2370934
2.0045228
2.0599575
2.168195
2.1650076
2.1852283
1.9771295
2.0080514
2.13057
2.0835214
1.9580898
2.0257885
2.0310566
2.1774065
2.133447
2.1815386
2.0952818
2.1262324
2.0288112
1.9747866
2.0789666
2.127967
2.119881
2.011173
1.9489052
2.0482247
2.0046768
2.147912
1.980106
1.9511452
1.9829614
2.1669297
2.146488
1.9760495
1.9140209
2.0341687
1.9726528
2.073737
2.061422
2.189522
2.0162132
1.9923842
2.121343
2.0097673
2.0937102
2.095573
2.063107
2.0342596
2.0444076
2.0854425
2.0257745
1.9278699
2.1810138
2.0312495
2.173535
2.0210183
2.1247694
2.0759664
2.1312675
2.1963663
2.0762312
2.059364
2.0054457
2.0128324
2.0251598
2.013519
2.0604706
2.0397894
1.8826979
1.8541344
1.9825273
1.9442325
2.0191176
2.0851803
1.9384431
2.0837283
1.9014567
1.9307767
2.09902
1.9867553
2.0032637
1.9790533
1.9334465
2.0945418
2.0996053
1.9974133
2.010904
2.1359155
2.1243455
2.0840285
1.9599693
2.0133197
2.0350711
1.9350967
2.0437207
1.8697681
1.9320494
2.1517744
2.0204594
1.9802945
1.9293985
1.9304458
2.008516
2.098842
1.9687525
2.105587
2.0324872
1.9264537
1.8761332
1.986647
1.9684175
1.9158401
2.0300026
2.1732376
2.1281466
1.9685525
1.9560355
1.9841437
2.0317783
1.9617193
1.9705864
2.06459
1.9425426
1.91747
1.9366859
2.0750623
2.0000403
1.9488196
1.9546489
1.9830226
2.0026433
1.8512166
1.8494762
1.9206972
1.923824
1.916672
1.9212643
1.8192552
1.850551
1.8949769
1.9091185
1.7645786
1.9851657
2.0124621
1.9206768
2.0710344
1.9642677
2.2497647
1.922895
1.953486
2.0153673
2.0630298
1.9240522
1.9727993
1.8895969
2.0347981
2.004782
1.8903563
1.9637868
1.861022
1.817032
1.9431946
2.0023305
1.9499103
1.8075378
1.928735
3.9824834
5.512474
4.740715
4.122301
3.3850553
3.6645458
3.424924
3.4302936
3.337513
3.1788836
2.2771776
2.1186354
2.2539017
2.3213625
2.3524516
2.5459185
2.4036365
2.372523
2.1025667
2.244762
2.043161
2.162725
2.1270735
2.0606444
2.1401765
2.110723
1.9792064
2.0897262
2.018809
1.9603649
2.1750665
2.1220505
2.0735986
2.0263278
2.0273583
1.8916255
2.002545
2.055497
2.0341532
1.9334185
1.9835062
1.980635
1.8907526
1.9100575
1.9136487
1.9934325
1.9111488
1.8521302
1.8562708
1.9909824
1.925775
1.9258945
1.9492214
1.8300418
1.77255
1.8556511
1.9557078
1.842538
1.9022835
1.9269277
1.8223425
1.8061785
1.8242755
1.8714125
1.9672885
1.8481963
1.8882267
1.9675297
2.0212917
1.9763993
2.0381172
1.9719032
1.9495728
1.881165
1.961017
2.0216703
1.9085172
1.867918
1.982829
1.8933077
1.9000938
1.9102852
1.9642702
1.9332898
1.9396842
1.8801688
1.8430194
1.873506
1.9375279
1.990765
1.7792599
1.8032807
1.9146028
1.9415963
2.1810029
1.8753525
1.9665761
1.8752205
1.7816857
1.9329251
1.9133879
1.8884927
1.8083957
1.873734
1.728231
1.967142
1.8601067
1.8933127
1.9570978
2.0174534
1.93154
1.8658376
1.8056864
2.0107536
1.838999
1.9266647
1.8429971
1.879187
1.822314
1.807001
1.7808616
1.958597
1.8389248
1.7907083
1.746017
1.797294
1.8280447
1.8328861
1.8444847
1.751524
1.86383
1.8281525
1.929303
1.8195641
1.889751
1.9482118
1.8833473
1.8461215
1.8889279
1.8480896
1.7976538
1.8355764
1.999336
1.8225502
1.8107595
1.8410238
1.8105705
1.7492064
1.9602009
1.7983208
1.7919292
1.9387025
1.9056523
1.8518782
1.7659528
1.8189508
1.9056746
1.8277606
5.323982
9.144606
12.8031845
14.188686
16.318232
16.64646
18.350773
18.17236
18.19266
18.215773
17.44892
17.731787
16.798277
16.972326
17.031603
16.820562
16.241283
15.260903
15.842326
14.837706
14.197672
14.11949
12.53811
12.148046
11.484758
10.761255
9.647869
9.15632
8.558
7.057667
6.561406
5.910632
5.4340696
5.279391
4.814324
4.595245
4.9750295
4.778663
4.460681
4.2853255
4.132188
3.8884745
3.5706525
3.330699
3.257261
3.075499
2.7994225
2.7145483
2.5933201
2.4852142
2.4439414
2.4005165
2.799266
2.486663
2.379692
2.3134837
2.4316168
2.342227
2.4312024
2.5459886
2.548523
2.5447586
2.2423596
2.4651475
2.315821
2.361202
2.278374
2.340041
2.2644703
2.1893895
2.2572176
2.4070315
2.2737048
2.333926
2.3108318
2.3568494
2.1061263
1.9910138
2.2483113
2.114262
2.269185
2.0979974
2.1519053
2.1658976
2.5450659
2.1594687
2.1665485
2.0724566
2.1669428
2.1585436
2.2885873
2.1927848
2.0785687
2.104897
2.137071
2.049556
2.2200565
2.1555753
2.0359018
2.1631715
2.2499382
2.062738
2.4121625
2.051171
2.0530407
2.0518525
2.1278174
2.0697908
2.013714
2.0552049
2.0207312
2.0891361
2.128363
2.0866973
2.1621096
2.0103767
2.0180793
1.9530596
2.127394
2.1975296
2.1330235
2.0881321
2.0549464
2.2897604
2.097043
2.0150447
2.0053573
2.1362212
1.9518875
2.016243
2.0316968
2.219835
1.9958735
1.9727654
1.9880497
2.0542068
2.0841222
2.0410094
2.2951872
2.265853
1.9677948
2.0243165
2.0229297
1.9631025
2.0801556
2.0602362
1.984152
2.0502787
1.8878053
2.1916213
1.9486089
2.0224257
2.0065606
1.9703654
1.9678663
2.029445
2.0242236
2.0731885
2.0776153
1.9470953
1.9824218
2.0505955
1.9841611
1.9284625
1.926585
2.1074965
1.9530712
1.967315
1.934419
1.9861492
2.0125685
1.9466505
2.049243
1.8247315
1.9797182
1.9744517
1.9664447
2.0854805
1.8461453
1.8395165
2.0591543
2.0632682
1.8271401
1.934515
1.9575357
1.9448173
2.1100636
1.9498302
1.8713975
1.9917817
1.9607242
2.0012965
1.9999632
1.9248837
2.0440707
1.9665903
1.8627115
1.863798
1.9582072
1.9485322
1.8981085
2.0923138
1.8887883
1.9937197
1.9629495
1.9785242
1.8414973
1.9188777
1.951815
1.791992
1.87144
1.91275
1.9747585
1.8517193
1.9941187
1.8236938
1.8698858
1.802762
1.8188457
1.994984
1.8460734
1.9676515
1.8607125
1.8960109
1.9471627
1.8716221
1.863988
1.8639514
1.8507675
1.894028
1.9922494
1.9045768
1.8488197
1.9004835
1.861688
1.9113393
1.9055443
1.8808749
1.8484077
1.8806344
1.8710872
1.7680935
1.8342896
1.796749
1.8358546
1.9834678
1.9117246
1.9682806
1.824858
1.7695003
1.9622363
1.9256039
1.7782942
1.8589677
1.8158095
1.8248694
1.837787
1.8829396
1.776187
1.9461269
1.7763135
1.750919
1.7782699
1.7590783
1.896622
1.797559
1.836549
1.8184615
1.9967272
1.8001109
1.8279105
1.8351904
1.9296911
1.8034855
1.7464114
1.938638
1.8934057
1.811718
1.7967336
1.918332
1.9193548
1.8238925
1.7879834
1.779588
1.8149457
1.9845167
1.9597256
1.8496047
1.894748
1.9091002
1.9305274
1.9032933
1.8377597
1.9143566
1.9230689
1.8450062
1.8162735
1.7751944
1.8791499
2.0002184
1.7762785
1.844192
1.9036475
1.9338638
1.7988713
1.7697331
1.8798298
1.7937098
1.752011
1.8655114
1.8711482
1.8133543
1.7946478
1.7259994
1.9542978
1.7486632
1.8459666
1.7417269
1.7972172
1.9379002
1.7964942
1.9727325
1.8907194
1.7981383
1.8470098
1.8798703
1.8258017
1.7163603
1.7749195
1.8100238
1.880592
1.7924747
1.7712185
1.7859685
1.8581419
1.8055742
1.8890189
1.7213471
1.8208269
1.7816552
1.7073427
1.7231324
1.8059484
1.7993008
1.8096118
1.718906
1.8563359
1.9100863
1.7935238
1.8015022
1.768466
1.787667
1.7833796
1.765939
1.8058571
1.7456578
1.8103524
1.8273095
1.830093
1.8764906
1.7687365
1.783089
1.7305948
1.7792485
1.9406203
1.7994587
1.825477
1.8441572
1.8207293
1.7500135
1.8495775
1.9114672
1.8189902
1.7770618
1.7431953
1.812802
1.707106
1.7848482
1.8798951
1.8559936
1.818128
1.7525505
1.8295352
1.7842871
1.8545015
1.8461319
1.775996
1.8960638
1.8365571
1.8021865
1.9025878
1.817004
1.8437103
1.8673146
1.7727432
1.885992
1.8837603
1.9461339
1.825296
1.795753
1.7703677
1.76459
1.791082
1.8583933
1.772757
1.7914902
1.8300513
1.7677846
1.7795299
1.85631
1.7550108
1.7971138
1.7557154
1.7467576
1.7166088
1.849344
1.7789114
1.7703815
1.7089249
1.7621834
1.7766315
1.8338196
1.7220585
1.7007496
1.8318427
1.7582182
1.7344795
1.768866
1.7875566
1.7649225
1.7383196
1.785917
1.712307
1.7668011
1.699223
1.7715052
1.730818
1.7822735
1.738757
1.7416798
1.7515874
1.7834308
1.8429937
1.7279291
1.8320112
1.7788852
1.7641213
1.7248553
1.7427808
1.7990875
1.7454507
1.8109572
1.8855855
1.7572447
1.8328415
1.7877545
1.7150646
1.7639449
1.720528
1.837903
1.7615051
1.732646
1.682507
1.7180328
1.702035
1.729575
1.7174691
1.821076
1.7663525
1.7952805
1.7579397
1.6991656
1.7078205
1.6962132
1.6492326
1.7918525
1.7559619
1.7127535
1.769177
1.7564968
1.698549
1.7189645
1.7135973
1.8198925
1.7210678
1.6938955
1.7262626
1.7435032
1.7563789
1.7094605
1.839868
1.7350645
1.8627692
1.7790763
1.706562
1.8148229
1.9042308
1.762383
1.8105378
1.6598092
1.7190965
1.867807
1.7152058
1.7188301
1.6923684
1.7464417
1.7469053
1.6916721
1.7169628
1.723416
1.8335502
1.6888553
1.7256773
1.810406
1.6900631
1.7408774
1.7420592
1.878722
1.7867169
1.7418923
1.7662668
1.7546554
1.8060566
1.7252017
1.7206244
1.8484178
1.7193465
1.7589747
1.6952894
1.8291798
1.7866206
1.8387059
1.843379
1.6393667
1.6704575
1.7255547
1.6754904
1.7108594
1.7643664
1.6525513
1.7567554
1.705135
1.6921673
1.6813333
1.6933193
1.7123246
1.6861898
1.7885581
1.7237182
1.7471256
1.7330525
1.7281011
1.660194
1.7139025
1.7439255
1.797147
1.7813172
1.7448187
1.7649122
1.7346746
1.713607
1.6878296
1.6918768
1.7285763
1.7356396
1.6965733
1.6166297
1.709253
1.7662374
1.6759464
1.7380712
1.779742
1.7187682
1.6546568
1.626386
1.6835194
1.6889815
1.7521182
1.7717607
1.7057163
1.6562309
1.6551584
1.6640345
1.8260764
1.7046833
1.7161779
1.6726953
1.7424015
1.627672
1.6518334
1.6754128
1.6722292
1.7628257
1.6961901
1.7684269
1.7335441
1.6692191
1.739862
1.7189052
1.7288127
1.6983043
1.6747755
1.6286414
1.7256845
1.7031895
1.7284807
1.6927716
1.72696
1.737925
1.7468758
1.748635
1.6788305
1.6665207
1.7973392
1.778511
1.703421
1.721806
1.833794
1.6880717
1.713205
1.7189866
1.7500876
1.787663
1.7314682
1.7745442
1.8047694
1.671906
1.7293829
1.6751285
1.7446327
1.7644825
1.7733183
1.6400142
1.8033363
1.7548578
1.7256007
1.8912867
1.7359205
1.7559435
1.708773
1.6817955
1.7154429
1.7924625
1.7598387
1.7553543
1.7256902
1.6829226
1.6307606
1.6752667
1.7174729
1.655256
1.6331563
1.6253431
1.6533345
1.6040099
1.5948805
1.7840055
1.7885865
1.6631337
1.6882073
1.7754323
1.6378832
1.665783
1.7224908
1.7130277
1.687157
1.6464268
1.6865083
1.7003763
1.8021668
1.7126597
1.7228955
1.6180762
1.6907686
1.6758177
1.7355282
1.6893405
1.7163715
1.7612605
1.6970958
1.6879755
1.6902344
1.6527978
1.6641631
1.7203512
1.6854155
1.6350319
1.6793227
1.6269448
1.6137605
1.6142527
1.6401047
1.7254316
1.7012837
1.675586
1.6503904
1.719971
1.6708204
1.6815422
1.6355618
1.6618987
1.6422007
1.6351696
1.898513
1.6708122
1.6773107
1.6918186
1.7315168
1.6391915
1.7753783
1.7236347
1.6696513
1.7584275
1.7487671
1.6177355
1.655682
1.8187023
1.691261
1.7109855
1.6813587
1.7750291
1.8244867
1.6500586
1.6786263
1.6838348
1.6982478
1.6970011
1.7446115
1.6740197
1.703931
1.6596467
1.6867017
1.7969007
1.6727511
1.6764164
1.739611
1.6646684
1.7095643
1.6902703
1.7879146
1.6812167
1.6771185
1.7082353
1.6863354
1.7039373
1.6786419
1.6868314
1.6964213
1.663254
1.6785604
1.6469707
1.743447
1.6542038
1.6898133
1.6881126
1.7512305
1.6493225
1.6267377
1.6939583
1.6516
1.6609647
1.6582775
1.611816
1.6946214
1.777639
1.5900667
1.6412629
1.6304178
1.7020036
1.6914545
1.6840998
1.649245
1.61556
1.7720172
1.6513937
1.6302327
1.7342598
1.7348429
1.7230525
1.7182765
1.7047415
1.6633878
1.6507041
1.6750277
1.6435695
1.6963183
1.6871374
1.6670753
1.6462977
1.7449422
1.646564
1.6995043
1.6879544
1.6583678
1.603688
1.7482215
1.716495
1.614691
1.6354535
1.7298517
1.6970577
1.8513275
1.6220503
1.6693377
1.8109322
1.7022731
1.7063073
1.7537234
1.668554
1.7943162
1.724769
1.668252
1.6560034
1.7287354
1.7005912
1.6473337
1.6922443
1.644436
1.637918
1.6981957
1.6786405
1.6979765
1.644752
1.58003
1.6714232
1.6627874
1.6707348
1.7089522
1.6513629
1.6361533
1.6641517
1.704801
1.6457735
1.646647
1.6960227
1.6841393
1.7334476
1.6322467
1.6523472
1.7207147
1.7854905
1.7211211
1.6180345
1.6691064
1.7565689
1.7727793
1.7101662
1.700972
1.7038451
1.7223516
1.7438525
1.7449169
1.6795766
1.7194853
1.696186
1.6914511
1.6345776
1.7256863
1.6778408
1.643351
1.6449457
1.6804124
1.6889647
1.643963
1.7487661
1.7710098
1.6555262
1.6181862
1.6018007
1.6063863
1.6092453
1.6587472
1.644133
1.6741711
1.719359
1.620316
1.6873729
1.6706117
1.7630409
1.7391739
1.6861472
1.6337358
1.7291667
1.7024696
1.7035418
1.718666
1.7192864
1.6905313
1.5754981
1.7321384
1.6702096
1.646951
1.6745085
1.7372316
1.7124481
1.6377847
1.6781995
1.7457513
1.74146
1.6537734
1.7108006
1.7314078
1.684843
1.6347167
1.6485072
1.6212115
1.7007568
1.637587
1.6352366
1.7720327
1.7226763
1.6572431
1.6933166
1.6621051
1.6176585
1.6242877
1.6833618
1.6540687
1.7541542
1.6191393
1.6728588
1.607345
1.6496379
1.6945184
1.6980506
1.655584
1.6412083
1.6866543
1.6928304
1.7523404
1.6885545
1.7162795
1.6873863
1.7784097
1.6324914
1.6840442
1.5886365
1.671422
1.7020026
1.7005435
1.6409551
1.7359712
1.6976005
1.6894538
1.7262831
1.8340375
1.6966633
1.633695
1.7041674
1.6862497
1.6553271
1.7647425
1.729219
1.6672004
1.6715744
1.7263598
1.7146848
1.7851562
1.7903639
1.738309
1.646365
1.6852068
1.7146612
1.7274944
1.732354
1.6512543
1.5960209
1.7473327
1.7071861
1.5973133
1.7700617
1.7918698
1.671186
1.6940507
1.635445
1.661115
1.6658638
1.7305372
1.790055
1.6674547
1.6190569
1.6862683
1.5866898
1.6519765
1.6845512
1.6839107
1.6781678
1.6767898
1.7362968
1.6202167
1.6992855
1.6932658
1.701739
1.7507035
1.651374
1.693161
1.719592
1.6869234
1.6131052
1.6713392
1.8217406
1.713526
1.5991162
1.6178331
1.7341553
1.6638625
1.6112659
1.6612452
1.7993095
1.7159933
1.6688285
1.66421
1.6014819
1.639719
1.6610434
1.8084008
1.6851922
1.632804
1.6737407
1.6223363
1.7022817
1.7070845
1.6501719
1.6846355
1.7195933
1.7436298
1.6176674
1.6126266
1.6215181
1.6134903
1.6218761
1.8325675
1.6635257
1.6814995
1.7231293
1.6087015
1.6753235
1.596124
1.669176
1.6523318
1.6580327
1.6595794
1.6444423
1.7278508
1.6052173
1.7397887
1.5969938
1.6801625
1.6912283
1.6259465
1.6056514
1.6327235
1.643473
1.7135217
1.608512
1.6525673
1.576796
1.6406167
1.652614
1.6389767
1.693714
1.6612779
1.6636767
1.6316838
1.6668965
1.6509699
1.6093457
1.6282928
1.652561
1.6135027
1.6184204
1.7226083
1.6464077
1.7006727
1.5914507
1.7319216
1.7352042
1.6622741
1.6552367
1.6581912
1.7171445
1.6596773
1.7228297
1.6345112
1.6201627
1.6847996
1.7159365
1.6976647
1.6489338
1.5801276
1.6836402
1.667704
1.6160598
1.6662041
1.6668185
1.6378387
1.657598
1.638865
1.6265055
1.6589983
1.6897745
1.6003357
1.640084
1.6240191
1.7429141
1.6568033
1.6385072
1.6971331
1.727007
1.6310464
1.6673135
1.702274
1.605517
1.6283644
1.6090041
1.582238
1.6327925
1.6446136
1.6356105
1.6916959
1.629603
1.6751208
1.6761312
1.667034
1.7661568
1.7473532
1.6653754
1.6688002
1.5941839
1.6398855
1.6344765
1.6431165
1.6404343
1.69121
1.6233077
1.6008401
1.6860927
1.6206782
1.6487056
1.6500486
1.5839231
1.6140398
1.6128467
1.5785718
1.6495373
1.6311762
1.6689767
1.590136
1.651631
1.6335973
1.6613299
1.5998611
1.5814956
1.6400733
1.5851655
1.615649
1.6330394
1.7043588
1.6440238
1.6088113
1.599861
1.6125861
1.614323
1.7328757
1.5869067
1.6030494
1.6294897
1.6060693
1.668542
1.5750372
1.731043
1.6071682
1.642733
1.6422405
1.649337
1.5805222
1.6451035
1.6265552
1.590991
1.5717933
1.5772325
1.6606865
1.6255765
1.6544594
1.6981498
1.6728563
1.6098851
1.7127925
1.6080523
1.6367413
1.5926142
1.6214948
1.6104286
1.7074095
1.6292412
1.6301934
1.6607555
1.7042058
1.596962
1.7249749
1.637869
1.7129316
1.8026383
1.7128069
1.7197618
1.7088238
1.6226664
1.6805489
1.7466462
1.6812438
1.6653777
1.634968
1.5874622
1.6716152
1.7352464
1.581134
1.6579328
1.6676041
1.6025903
1.6501137
1.703005
1.6919595
1.595335
1.6615118
1.6131713
1.5913085
1.6406356
1.6012458
1.6507233
1.6107585
1.611448
1.693325
1.6272963
1.6306982
1.6255203
1.6591797
1.6717823
1.7266225
1.6230356
1.6344998
1.6375364
1.6063945
1.6063257
1.651401
1.670947
1.5948145
1.5963866
1.6561106
1.647041
1.6336449
1.66411
1.6540577
1.6578056
1.659781
1.5930207
1.5953153
1.6967922
1.6316439
1.6540496
1.6108005
1.6339242
1.5796846
1.6283035
1.6236225
1.6878124
1.6382776
1.6092244
1.6050473
1.6327344
1.6231047
1.7264572
1.6014485
1.6354511
1.581429
1.6076453
1.5891777
1.6648746
1.6153916
1.6014669
1.6350379
1.6267425
1.6859055
1.6593943
1.6496551
1.6352397
1.6201155
1.6148766
1.6479266
1.6379228
1.6847317
1.6385049
1.665416
1.6016132
1.6432198
1.6152129
1.6834222
1.6282073
1.6283443
1.6051712
1.6628733
1.7537956
1.6712415
1.6100446
1.572832
1.6076692
1.6777465
1.635285
1.641003
1.6591985
1.6342412
1.5690522
1.584554
1.72668
1.6343828
1.607764
1.6462985
1.619491
1.5908217
1.6019123
1.5633053
1.5805023
1.6887685
1.6473846
1.6429042
1.5995331
1.5859457
1.6330733
1.6055614
1.6060998
1.6272765
1.675607
1.6046646
1.6380676
1.6660278
1.5860463
1.6321692
1.6956435
1.5915583
1.5982282
1.6594385
1.6474348
1.634507
1.6032774
1.614773
1.6493493
1.648562
1.62144
1.6614734
1.6966197
1.69334
1.605217
1.6544249
1.6608651
1.5999603
1.5738242
1.6131997
1.673519
1.5664243
1.6056861
1.6148682
1.657869
1.6676105
1.6013775
1.6210014
1.6215211
1.6039572
1.5736507
1.70992
1.662047
1.5888988
1.6720568
1.5646292
1.6293485
1.6117826
1.6159075
1.7363899
1.5995125
1.5811073
1.7085518
1.6324263
1.6705458
1.7206824
1.6903796
1.621712
1.6956184
1.6188005
1.7827308
1.600718
1.5897793
1.696652
1.7511121
1.6677233
1.6330578
1.6922566
1.6366237
1.6104482
1.6593134
1.6066914
1.6671234
1.6930989
1.57645
1.6786395
1.6254184
1.5939462
1.6079197
1.6547124
1.5861615
1.6051087
1.6655327
1.6540935
1.7998242
1.631634
1.6381513
1.6119405
1.6687957
1.6071851
1.6357718
1.6218193
1.6839788
1.630645
1.661036
1.7040187
1.6667062
1.5713764
1.692121
1.5822439
1.7097282
1.6525365
1.639011
1.657153
1.5904088
1.6238157
1.5881737
1.5646144
1.613169
1.6292852
1.6153582
1.6874465
1.6133935
1.6113617
1.6167532
1.6331115
1.6342043
1.6851432
1.5964634
1.6122295
1.6195351
1.639133
1.580637
1.6373857
1.6509037
1.592699
1.6521595
1.5923622
1.6292294
1.624923
1.5991479
1.6365273
1.5781745
1.5821948
1.6257643
1.6002347
1.5939271
1.5614642
1.5499083
1.6158779
1.582051
1.5899919
1.6067739
1.548568
1.6537523
1.5540242
1.5883121
1.610123
1.6128417
1.5931835
1.6035488
1.6039633
1.6173846
1.6636472
1.5928104
1.6368455
1.6485599
1.7790627
2.2375777
2.067117
1.9565345
1.8535128
1.7078911
1.7491533
1.8898213
1.9196932
1.7662987
1.8457955
1.9048393
1.7411315
1.711463
1.7401825
1.6869707
1.7906688
1.6250511
1.8349135
1.7265317
1.6919636
1.7737997
1.6826153
1.7742076
1.6359097
1.6250592
1.6110226
1.8515395
1.561102
1.7252805
1.6971267
1.5775647
1.656491
1.6378552
1.5823022
1.5977767
1.6878257
1.6415215
1.577389
1.7282549
1.714748
1.6268494
1.634906
1.6007195
1.6706457
1.5991813
1.6664922
1.5827345
1.5954965
1.5869849
1.6403978
1.6372532
1.5636997
1.6227032
1.6160595
1.6632935
1.5860364
1.5784355
1.5949798
1.577911
1.6268995
1.6503308
1.6642382
1.634034
1.642997
1.6496522
1.6837733
1.6274827
1.6708386
1.573492
1.5839105
1.5672046
1.5579122
1.6134629
1.563586
1.5674835
1.5722436
1.5798087
1.5785491
1.5712973
1.5686587
1.6393127
1.596015
1.5527468
1.5832982
1.5533663
1.5919614
1.5742158
1.616423
1.6331502
1.6487797
1.5516511
1.6535282
1.6682647
1.6384177
1.5589228
1.573274
1.6017447
1.5741217
1.5718677
1.5776521
1.5534773
1.6646441
1.6176735
1.5836084
1.5834162
1.5922405
1.6299183
1.5530758
1.6280693
1.6575112
1.6504105
1.5901871
1.5747536
1.5507656
1.6196563
1.5713083
1.5891707
1.591301
1.6356426
1.6166668
1.5980692
1.5737752
1.6261206
1.6340545
1.6131687
1.6426154
1.5903053
1.561932
1.6517961
1.655795
1.7894131
1.5532953
1.708239
1.576264
1.607044
1.5965432
1.7024002
1.6441245
1.744001
1.693678
1.7875012
1.7830387
1.6890912
1.579568
1.6260289
1.6144723
1.6589493
1.7549423
1.714556
1.5676622
1.563865
1.6410555
1.7018213
1.6580547
1.6855776
1.7202142
1.5734805
1.6491369
1.6200205
1.5928375
1.6481984
1.6360422
1.6329954
1.590058
1.5611312
1.6105461
1.5726514
1.5944347
1.7240202
1.6124057
1.6153415
1.6131618
1.5688503
1.5759908
1.6379027
1.6186007
1.6495143
1.5769362
1.562042
1.5718608
1.5815053
1.5946685
1.5461663
1.5789974
1.564689
1.6019877
1.6203322
1.5679193
1.5783862
1.6217858
1.5493821
1.5701983
1.6164159
1.7846612
1.5732162
1.607682
1.5996068
1.6204332
1.795646
1.6001117
1.6143363
1.5896523
1.6598315
1.5978086
1.702807
1.6055151
1.6952788
1.6431832
1.6058315
1.6241956
1.696872
1.6701494
1.6258612
1.6109028
1.5695138
1.6039584
1.6045192
1.5985281
1.609632
1.6167103
1.6222123
1.6386603
1.7032866
1.5603567
1.6399368
1.563752
1.581066
1.6063678
1.7110914
1.6041403
1.6195623
1.6328783
1.6775037
1.606955
1.6134865
1.6151828
1.5932717
1.6111907
1.5876113
1.6096596
1.716776
1.644585
1.6506615
1.5673742
1.5741085
1.5746104
1.6160269
1.5925734
1.6780894
1.565655
1.6694458
1.5758097
1.5553857
1.6204991
1.5749965
1.5602185
1.6032557
1.5824594
1.6005685
1.5520145
1.5581672
1.5757048
1.620051
1.5763528
1.5476995
1.6202958
1.5795844
1.6324365
1.5996895
1.6543053
1.596396
1.6344596
1.7156045
1.5503558
1.5477576
1.6108103
1.5753288
1.6401498
1.6065367
1.6104922
1.6228832
1.5607113
1.6142541
1.6183997
1.6445589
1.6253213
1.7046965
1.6121062
1.5714413
1.5845373
1.6269473
1.600931
1.5796559
1.6624283
1.5713913
1.6439915
1.593227
1.606526
1.5707641
1.6251953
1.558215
1.5417577
1.5587875
1.5932732
1.5902557
1.5993025
1.5527076
1.559986
1.5858685
1.549633
1.6756215
1.5839913
1.5871036
1.576355
1.6034392
1.5743595
1.6298175
1.616702
1.5620848
1.5737753
1.5550485
1.5671217
1.6163285
1.6526579
1.622828
1.5814352
1.6466074
1.6243007
1.672147
1.5725319
1.6146905
1.6910082
1.5793242
1.6137797
1.57045
1.5880712
1.6173131
1.6811712
1.7266448
1.5830368
1.6171825
1.5980988
1.6091428
1.5954968
1.6080805
1.5737418
1.5893377
1.583881
1.6487015
1.5889637
1.5491906
1.6007452
1.54862
1.5366861
1.6503222
1.5838042
1.6045293
1.568567
1.6302557
1.6127224
1.5863729
1.566189
1.5976392
1.6265469
1.5717733
1.5766443
1.6909469
1.6144159
1.5661081
1.5898675
1.577077
1.605166
1.6424369
1.625195
1.5830202
1.5500611
1.6751348
1.6063049
1.5864365
1.5629365
1.6233187
1.5526861
1.6202713
1.6657798
1.6446753
1.6255038
1.5976142
1.625415
1.5962358
1.5725764
1.6124258
1.5939213
1.6197743
1.7004126
1.6019822
1.5742644
1.6628025
1.6229882
1.592228
1.7269839
1.6700265
1.6397935
1.7902437
1.644853
1.6658084
1.564296
1.6034102
1.7775627
1.7124845
1.58617
1.5851775
1.6470984
1.664703
1.6801022
1.5446665
1.636678
1.6204088
1.6768137
1.5967216
1.6486206
1.5434983
1.6794212
1.668133
1.773386
1.6958332
1.5760928
1.673409
1.597553
1.5934825
1.590362
1.6356649
1.6732551
1.549268
1.5792639
1.6351131
1.5624785
1.6178149
1.6382787
1.5878756
1.6469437
1.5548086
1.6350636
1.597342
1.5807962
1.5869528
1.6609577
1.5870975
1.543123
1.637113
1.6061808
1.630915
1.6100066
1.6826502
1.6437436
1.5520633
1.5910189
1.634238
1.5927294
1.5860902
1.608029
1.5925745
1.5770042
1.5601548
1.610626
1.5689412
1.5817823
1.6271008
1.5988154
1.5942388
1.6704545
1.5559036
1.6081848
1.5872955
1.6289955
1.6609575
1.6895311
1.6062243
1.5572507
1.572268
1.5932494
1.7175211
1.5795305
1.6447837
1.682924
1.6961217
1.7410578
1.577085
1.598002
1.6158067
1.557094
1.6137824
1.5896088
1.5721929
1.6613678
1.564735
1.5558051
1.59352
1.5468458
1.5747113
1.5397632
1.5534719
1.5844694
1.6323732
1.5637323
1.5780138
1.5845629
1.6132398
1.5704437
1.6327074
1.5765578
1.6045768
1.6275908
1.5967313
1.6467695
1.5590997
1.6578947
1.6872113
1.8099029
1.5871167
1.6204226
1.6765047
1.7216586
1.8653374
1.6015655
1.637089
1.5445275
1.5859253
1.6481631
1.6804585
1.683374
1.5851138
1.5459073
1.612615
1.6916685
1.6395857
1.7323483
1.6171603
1.5883054
1.6241664
1.5758071
1.6154432
1.5945905
1.669797
1.7496272
1.6518767
1.565744
1.5998904
1.580868
1.699926
1.5882863
1.640414
1.5929313
1.5440232
1.5734593
1.5899628
1.5389125
1.5979253
1.5888819
1.5798162
1.6555341
1.5534241
1.644029
1.599826
1.6377442
1.606278
1.6587164
1.56502
1.5431845
1.6433953
1.587826
1.6227602
1.5970192
1.6277844
1.6536555
1.5875087
1.6027492
1.544146
1.6479232
1.7194738
1.558741
1.5778859
1.5871142
1.6518917
1.5650903
1.561427
1.5375879
1.6242518
1.627077
1.587743
1.5990585
1.5713922
1.5881616
1.6211947
1.6118945
1.5617915
1.6410277
1.6715357
1.547141
1.6191773
1.7092712
1.636557
1.5778053
1.6026043
1.5640832
1.6719755
1.6382916
1.6454271
1.596509
1.5496011
1.6485677
1.6777188
1.562354
1.5821009
1.7153143
1.6732162
1.5842978
1.5980382
1.642608
1.537642
1.6260885
1.5681531
1.6502062
1.5835352
1.5436665
1.5581383
1.548644
1.5539566
1.6048658
1.6272374
1.6105981
1.5746428
1.6138164
1.533678
1.580996
1.6123629
1.558623
1.5804975
1.574527
1.6621008
1.5654291
1.5574995
1.5569735
1.6299988
1.547368
1.672787
1.5686256
1.6287822
1.6182522
1.5722407
1.5745567
1.5830638
1.5686282
1.5442154
1.5677887
1.577141
1.5923109
1.5385168
1.5828322
1.631569
1.5533396
1.6114677
1.5799444
1.6165274
1.5766507
1.5933434
1.6782722
1.5589585
1.5883218
1.6775941
1.7010978
1.6484332
1.5738025
1.5979332
1.5798423
1.6019875
1.641203
1.622435
1.6039761
1.6569386
1.567325
1.5597394
1.589203
1.5968055
1.5692
1.6986924
1.6732638
1.577143
1.5397578
1.558667
1.6090015
1.5691775
1.6201898
1.6253773
1.6143287
1.6213485
1.612294
1.6466165
1.550006
1.5440832
1.6361738
1.575162
1.5618755
1.5586002
1.5386093
1.5621532
1.5336645
1.593298
1.5883332
1.6121428
1.6172813
1.5414135
1.6784903
1.55233
1.5861893
1.6169661
1.5366663
1.5548953
1.6191498
1.5900077
1.601615
1.5463794
1.6141492
1.5520254
1.6379565
1.553616
1.5981753
1.6037112
1.5860323
1.6162786
1.5437185
1.553749
1.6362916
1.5654943
1.6112033
1.5958096
1.6253653
1.6883106
1.597419
1.5741357
1.5454534
1.5589345
1.5642778
1.6491666
1.6264086
1.5604593
1.5597953
1.6097838
1.5708709
1.5735276
1.5909375
1.6525737
1.6212171
1.5870405
1.7204323
1.6185416
1.5836272
1.636847
1.632595
1.5976369
1.6293128
1.6275105
1.606097
1.6170355
1.535907
1.6098849
1.5435778
1.6427213
1.6442922
1.6404468
1.6193557
1.5761606
1.6234338
1.5539527
1.6474123
1.5727205
1.5355079
1.6014957
1.595481
1.6543945
1.6957206
1.5828505
1.7061558
1.6938812
1.6260437
1.5916238
1.605048
1.5981579
1.5799525
1.5777512
1.6178715
1.5521533
1.5395192
1.5695632
1.5441477
1.5842259
1.5579901
1.6087266
1.5668766
1.5679988
1.5390387
1.6174498
1.5706778
1.576613
1.5883203
1.551584
1.5905315
1.5818278
1.5367522
1.5652629
1.5718095
1.5522416
1.563816
1.5373428
1.5980105
1.5796412
1.5369719
1.5954742
1.6020677
1.6055998
1.5506505
1.5938263
1.576478
1.6232115
1.677925
1.5726745
1.6631273
1.6019175
1.6074576
1.6354802
1.5433358
1.6573282
1.6350232
1.5728208
1.620264
1.629139
1.6491038
1.6186897
1.6695292
1.6177973
1.6306351
1.6178148
1.5726663
1.5406262
1.6697408
1.5640033
1.5914664
1.6091148
1.5495262
1.5483217
1.579285
1.6145067
1.5731936
1.5477722
1.6310685
1.536707
1.6067346
1.5789404
1.5911167
1.582059
1.5598342
1.534613
1.5645288
1.5687011
1.595209
1.6290289
1.5527725
1.551645
1.601445
1.5952095
1.6337458
1.7014574
1.5767105
1.604171
1.652562
1.6132641
1.607446
1.570911
1.629465
1.6576825
1.6152551
1.654596
1.5820757
1.5419602
1.5983791
1.6495374
1.658237
1.5719157
1.5654868
1.58177
1.5370375
1.5533917
1.536674
1.6770612
1.6540369
1.6108129
1.5759904
1.5436811
1.5948429
1.5768385
1.6269507
1.5671399
1.6012185
1.6880792
1.5721043
1.572521
1.558179
1.7079017
1.6143204
1.5739458
1.6111073
1.5745845
1.6764265
1.5836433
1.5607742
1.5689169
1.5547347
1.6223817
1.6272681
1.6172485
1.7185237
1.5880479
1.6255503
1.5603275
1.658305
1.5849375
1.5934347
1.5622104
1.6233735
1.5739225
1.6041187
1.5887957
1.5794742
1.6597679
1.582302
1.5590011
1.5444882
1.657577
1.6502401
1.5829691
1.606732
1.5783885
1.5576848
1.6123997
1.6004725
1.5718642
1.586333
1.567203
1.5628484
1.6207602
1.5432402
1.574562
1.5967317
1.5704732
1.5638806
1.565401
1.572679
1.5518405
1.562295
1.5347334
1.5369737
1.5745089
1.5626477
1.5661654
1.572744
1.5862638
1.578877
1.6532602
1.570396
1.6399035
1.5863951
1.5757638
1.6596737
1.6568152
1.5634274
1.6259267
1.5980449
1.6053215
1.5977684
1.602099
1.7447329
1.5642797
1.6040553
1.589042
1.7664285
1.8146377
1.5722276
1.5664304
1.5844132
1.9721438
1.6145959
1.7743537
1.5597718
1.565022
1.5996627
1.8317673
1.6222194
1.6430663
1.6179358
1.5764728
1.5454249
1.5766603
1.6062152
1.6891747
1.6217386
1.5677091
1.6416339
1.667051
1.6229688
1.6075131
1.603627
1.578006
1.6120032
1.5941371
1.697296
1.562172
1.5469913
1.5796816
1.5513755
1.5983015
1.541767
1.5669571
1.5892643
1.5782933
1.587985
1.5309558
1.577635
1.5763556
1.6157142
1.5490115
1.5494097
1.5618182
1.5421813
1.5641468
1.5456609
1.5602057
1.555927
1.5455767
1.5424663
1.5955076
1.5878743
1.5319033
1.5495082
1.5668569
1.5971732
1.5552459
1.5751777
1.635919
1.6190281
1.5817769
1.5957912
1.5622255
1.670943
1.6454569
1.6784552
1.567033
1.5922265
1.6384645
1.5770777
1.6732496
1.596863
1.7171849
1.651221
1.541631
1.6378963
1.629198
1.5502505
1.575319
1.5449382
1.5683122
1.5570292
1.6350708
1.5512615
1.6175722
1.5486039
1.5954448
1.5651597
1.5241965
1.621102
1.5885289
1.5507457
1.5707783
1.6415287
1.566923
1.6495982
1.5454365
1.6116064
1.6129012
1.5476493
1.5970732
1.5475179
1.6606421
1.5944345
1.6429458
1.5546275
1.548249
1.5883652
1.637888
1.547772
1.558737
1.5770699
1.606397
1.532986
1.5754198
1.5696553
1.6229745
1.5661516
1.5905555
1.547741
1.5637681
1.5465696
1.5790895
1.5670714
1.5540278
1.5508175
1.561712
1.5322535
1.6181825
1.5692472
1.6020766
1.5713435
1.5412652
1.5965843
1.5696917
1.5663909
1.5761559
1.5996616
1.5853244
1.6003
1.5335644
1.59662
1.6335343
1.61818
1.5450863
1.5656981
1.6373852
1.6089525
1.6019225
1.6032907
1.572471
1.5982233
1.6378847
1.6346325
1.6078732
1.6183075
1.5619237
1.5646795
1.5699457
1.5704805
1.616834
1.6573567
1.5995066
1.6209171
1.5955315
1.575185
1.6314319
1.6220925
1.5947813
1.591605
1.5806123
1.5991389
1.6120349
1.5611062
1.5506661
1.5343399
1.5332968
1.6088736
1.546777
1.5515357
1.560969
1.6461732
1.599478
1.6535013
1.5912938
1.581364
1.6105077
1.5887094
1.587644
1.5379457
1.63817
1.5414273
1.600376
1.610046
1.5844728
1.5799394
1.5596988
1.528961
1.5595694
1.5771145
1.5275823
1.545074
1.5697719
1.5620456
1.5347509
1.5562472
1.6286054
1.5498823
1.6002109
1.665046
1.5578474
1.5375413
1.5950716
1.5519953
1.5984185
1.5933913
1.6449033
1.6655102
1.6802597
1.5481262
1.5551219
1.5589205
1.6386082
1.613807
1.6071048
1.6227278
1.5508828
1.5464271
1.5451648
1.5620238
1.5712708
1.542709
1.5872903
1.5437505
1.6841942
1.657809
1.5504239
1.569013
1.6060395
1.5471052
1.5606825
1.59948
1.5788162
1.5524122
1.5519189
1.5654855
1.5441922
1.5838588
1.609365
1.5276805
1.5679865
1.5276573
1.6157798
1.5506687
1.694044
1.5436587
1.5893242
1.7483748
1.6878043
1.568113
1.5707028
1.5751058
1.6581348
1.6423392
1.6141187
1.5920789
1.5250192
1.5840292
1.651537
1.6167394
1.5883394
1.6085697
1.5952646
1.5581722
1.5455533
1.5884745
1.5591023
1.577421
1.5739732
1.5388923
1.5875012
1.618054
1.5617182
1.571945
1.7125432
1.6614889
1.599825
1.5855207
1.5541965
1.5777082
1.5976646
1.574894
1.5543395
1.5647871
1.56602
1.5913082
1.633826
1.5446161
1.5659535
1.5526674
1.6393331
1.6628498
1.5643338
1.5330571
1.5712616
1.7147563
1.5296974
1.5639263
1.5347489
1.6785383
1.6469476
1.5604893
1.5335815
1.5792447
1.5915303
1.647939
1.531487
1.5870415
1.6115384
1.6467582
1.5917319
1.621309
1.5327263
1.5464435
1.6568748
1.5749133
1.6209154
1.5737071
1.6283047
1.637237
1.6386414
1.5986705
1.5819986
1.5567685
1.648716
1.6553087
1.5283285
1.5329537
1.5736022
1.5833497
1.5782588
1.6458508
1.595668
1.5628318
1.5653151
1.5234963
1.5780004
1.5809772
1.586161
1.5544922
1.5640777
1.6114718
1.562309
1.581121
1.5376767
1.6173344
1.548433
1.566642
1.5719115
1.5665632
1.5912743
1.6186705
1.5526795
1.5764897
1.5896802
1.584401
1.5467665
1.6404495
1.595721
1.5798447
1.6411133
1.603016
1.6287754
1.5417295
1.5928661
1.533064
1.5700698
1.5367185
1.5753802
1.546477
1.5625547
1.5589073
1.5876193
1.568174
1.6099894
1.5432106
1.5624094
1.5957507
1.5739902
1.6199545
1.5741135
1.5263277
1.5558438
1.5805984
1.5525103
1.570344
1.619075
1.5517858
1.5639217
1.5966783
1.5485291
1.5776052
1.5399263
1.5917965
1.5962845
1.5831865
1.5825706
1.5508822
1.565977
1.5403099
1.5605513
1.5268233
1.52825
1.5378902
1.5264373
1.6761343
1.526201
1.5412322
1.5674381
1.5397944
1.5283577
1.5894974
1.5265694
1.5347068
1.6628243
1.5861077
1.6086954
1.5547973
1.5974867
1.5665233
1.5477974
1.5791016
1.5813894
1.540356
1.525429
1.5438246
1.545362
1.5423447
1.568883
1.5575061
1.5480855
1.5441643
1.5249289
1.6165304
1.5267823
1.6629971
1.5684668
1.5973605
1.5477766
1.5474873
1.5947148
1.6534544
1.5350066
1.6378239
1.5474414
1.6046762
1.5536662
1.5586687
1.6129066
1.5549628
1.588462
1.5498823
1.552861
1.5568608
1.5333377
1.5524275
1.5760615
1.5274078
1.5503485
1.568807
1.5593772
1.5607916
1.5974883
1.5707685
1.5318215
1.5309392
1.5450732
1.5754441
1.5850341
1.5581566
1.5558995
1.5452671
1.5855387
1.5368669
1.6430162
1.6098615
1.5247294
1.5488098
1.5536537
1.596279
1.5311097
1.6196878
1.5487276
1.565743
1.5746213
1.631675
1.6048533
1.5540941
1.5283008
1.6495233
1.632643
1.6348518
1.6275833
1.5584567
1.537307
1.564189
1.531311
1.5764756
1.6237458
1.579194
1.7204485
1.593637
1.5357025
1.5687569
1.5748618
1.6600318
1.5655013
1.5731963
1.5372556
1.537246
1.5759115
1.6201605
1.6103917
1.5380658
1.637429
1.5802592
1.6347698
1.6993042
1.5409138
1.608836
1.5697412
1.6346858
1.6085806
1.579751
1.550687
1.553664
1.5957037
1.7513096
1.6042923
1.5644974
1.6610447
1.5559865
1.5258065
1.547407
1.5735401
1.7501193
1.6176773
1.554926
1.5505224
1.6118218
1.625743
1.6136409
1.6564913
1.6171203
1.6309481
1.5476291
1.6520505
1.6440339
1.67505
1.5492833
1.602602
1.57833
1.5448953
1.5323203
1.6239011
1.6938637
1.6481686
1.5847738
1.5441015
1.536661
1.55748
1.8347323
1.6493223
1.5559398
1.5882057
1.6961277
1.7007766
1.6821808
1.6260489
1.5871533
1.5670137
1.6068068
1.6067647
1.645019
1.6164305
1.6312637
1.5761818
1.5544332
1.7625585
1.6483074
1.6381515
1.5652972
1.5684038
1.6596473
1.5833235
1.5618268
1.5718735
1.6196427
1.5802143
1.606192
1.5376575
1.5532237
1.6747075
1.5873532
1.5491678
1.5510377
1.5895925
1.5360464
1.5900413
1.5538203
1.5548677
1.6095878
1.5671332
1.6098078
1.531355
1.553271
1.5508295
1.5309305
1.6314633
1.5867038
1.5900795
1.5990534
1.5470729
1.5421362
1.5337455
1.5379126
1.5952988
1.5632973
1.5991248
1.5441129
1.6197495
1.6513151
1.6317785
1.5358628
1.5339428
1.5694419
1.5773902
1.5690911
1.5662521
1.5983043
1.6339352
1.5438234
1.6218975
1.571432
1.5353479
1.5550171
1.604223
1.5803075
1.5343462
1.5562392
1.5470302
1.6059465
1.5375926
1.5575817
1.5288529
1.5535792
1.6187452
1.565104
1.5465783
1.5890361
1.5933615
1.5868673
1.5968435
1.5512711
1.5761875
1.602892
1.5656493
1.5236045
1.5319022
1.5275414
1.568295
1.6087044
1.5562855
1.5275627
1.627392
1.5594041
1.5645156
1.5564822
1.5870848
1.592248
1.5394955
1.6214664
1.5726677
1.5455799
1.5426445
1.611449
1.5963235
1.5491742
1.5435629
1.5441262
1.5370044
1.5940173
1.5581023
1.5806267
1.5782068
1.5451815
1.5745852
1.5703577
1.5661134
1.5278765
1.5551357
1.5510364
1.5857803
1.5413395
1.5766073
1.5601132
1.5575608
1.5354244
1.5915354
1.5970285
1.633666
1.5424336
1.574792
1.5242637
1.5639125
1.6314436
1.5980446
1.5508407
1.56419
1.6378309
1.6281031
1.5471058
1.571867
1.6859752
1.749327
1.606101
1.5263628
1.5492635
1.5411035
1.6684242
1.6338313
1.5672865
1.7498409
1.6060095
1.5926925
1.5646772
1.5976106
1.5378838
1.5758926
1.5814705
1.5372922
1.5885721
1.580924
1.5550542
1.5657465
1.6112063
1.5494663
1.5514787
1.557226
1.5721238
1.5493246
1.5770053
1.6166937
1.5731456
1.5584103
1.5765408
1.5958693
1.5871342
1.5549612
1.532051
1.5827651
1.5255246
1.5775198
1.5899856
1.569609
1.5706139
1.5781041
1.5679125
1.5574574
1.5763693
1.535783
1.5550896
1.5293005
1.5593412
1.5558885
1.5678242
1.5573211
1.5499282
1.528978
1.5541033
1.5622787
1.6205935
1.5355667
1.5535657
1.5318563
1.5884693
1.5548702
1.575065
1.5891099
1.6088393
1.6035787
1.5480932
1.5866675
1.5318309
1.5266857
1.5331414
1.5878347
1.6059707
1.5427096
1.5415345
1.5601246
1.6308049
1.6102602
1.5627022
1.5446602
1.5381596
1.5388105
1.6095033
1.5350498
1.5795525
1.5414289
1.533302
1.588257
1.7315372
1.5444826
1.6176424
1.5387769
1.6263503
1.5770544
1.5332428
1.523654
1.5790548
1.5302073
1.5317224
1.5342075
1.5288149
1.5517834
1.570231
1.5476841
1.5571449
1.6118132
1.6050217
1.5474052
1.5471056
1.6822226
1.5682905
1.6400406
1.5299894
1.5685489
1.684753
1.5689892
1.5499797
1.6570519
1.5300663
1.5387346
1.5192785
1.5600886
1.5354443
1.6040318
1.5718846
1.5235358
1.5640466
1.5839072
1.5870817
1.5424955
1.567859
1.5400858
1.5434202
1.578053
1.5782175
1.5494123
1.545761
1.602577
1.5427014
1.58987
1.5354552
1.5270557
1.5875747
1.5755403
1.6205385
1.5532925
1.6490566
1.7294625
1.6263295
1.5265123
1.5527664
1.6221732
1.7380563
1.632374
1.6254979
1.6466777
1.6406467
1.7081722
1.6848392
1.5484382
1.5796583
1.5516567
1.6713955
1.7397398
1.6921532
1.5892473
1.5866741
1.5393031
1.6383874
1.6618705
1.7531415
1.554946
1.5219457
1.5669272
1.6405882
1.6226655
1.742233
1.5979333
1.529987
1.5554646
1.7088915
1.6631137
1.6533067
1.6172135
1.5436845
1.6049614
1.5898538
1.6231573
1.6172192
1.5603148
1.6438105
1.5672437
1.6185865
1.5716193
1.5292453
1.6005608
1.5956123
1.5900867
1.5611707
1.5621108
1.5632195
1.5299298
1.5732503
1.6016618
1.5770465
1.5433768
1.6000208
1.5651118
1.5693532
1.5863875
1.5873069
1.6292946
1.5409378
1.5376347
1.5387735
1.5937277
1.567041
1.6133192
1.572486
1.5718187
1.5274025
1.54095
1.522935
1.5395362
1.5753435
1.6175598
1.5266205
1.5483009
1.5255495
1.5272335
1.6695217
1.5357262
1.5543845
1.6444128
1.5850943
1.6637417
1.6205897
1.6398637
1.7067177
1.6368005
1.6409837
1.6602626
1.5832448
1.6345992
1.5556446
1.649438
1.6523492
1.5425477
1.6646479
1.6065251
1.5689032
1.5952815
1.5658553
1.5972743
1.5621052
1.5743262
1.571222
1.5950613
1.6042819
1.646943
1.5902063
1.5640224
1.5757267
1.5654093
1.6033803
1.5841765
1.614807
1.647112
1.5398355
1.5698586
1.5530187
1.6684817
1.5742075
1.5491391
1.5312078
1.5918325
1.5507827
1.6420838
1.6659231
1.5815407
1.5617427
1.6271652
1.5709502
1.5470493
1.5722957
1.6639818
1.5877063
1.5584457
1.6138515
1.5429094
1.5427269
1.532771
1.6221884
1.6519407
1.558768
1.5559317
1.5791308
1.5750445
1.5678653
1.5880445
1.554228
1.5631597
1.5933176
1.5831856
1.5868387
1.5625333
1.6207563
1.568863
1.5755765
1.5677603
1.5471268
1.5897583
1.5499194
1.5449585
1.5533308
1.5721917
1.5470614
1.5589082
1.5432953
1.6809378
1.5662453
1.550685
1.5807595
1.5947642
1.6488026
1.6270152
1.5944098
1.5787922
1.6543715
1.5945934
1.5370641
1.5636526
1.5761123
1.5891968
1.5888927
1.5383583
1.5930872
1.5638368
1.577084
1.5655789
1.5487007
1.5900137
1.541657
1.5663482
1.5594352
1.5642455
1.5401254
1.5445852
1.5742773
1.5290612
1.5986412
1.5603465
1.5328789
1.566837
1.5408971
1.5407772
1.5239512
1.5619363
1.5761553
1.54133
1.5724525
1.5831122
1.5388507
1.5663791
1.6073115
1.5295552
1.5265906
1.5618622
1.5543631
1.5342841
1.5254295
1.5819064
1.5683401
1.5803125
1.5511057
1.5208112
1.5498886
1.5662749
1.593375
1.5796567
1.5969765
1.5691444
1.6004723
1.8023252
1.5758467
1.5692668
1.5771155
1.5907034
1.5974027
1.6828703
1.5887243
1.6013564
1.5332314
1.5944151
1.6384782
1.7511154
1.589904
1.534303
1.5468985
1.5768253
1.6840309
1.5656343
1.5726258
1.5628798
1.5307578
1.5358387
1.6556193
1.5423627
1.5306915
1.5594021
1.530908
1.5631227
1.6207005
1.5311561
1.5720477
1.5837752
1.660212
1.5681312
1.5385143
1.695238
1.566507
1.6800601
1.5587815
1.583985
1.603424
1.6404216
1.7177328
1.577686
1.554605
1.5906374
1.7508473
1.8411568
1.6302733
1.5828842
1.5644644
1.53004
1.6385617
1.6393932
1.6231636
1.5812817
1.603814
1.5774633
1.5461699
1.5779147
1.580877
1.627529
1.5955999
1.6441927
1.576394
1.5542622
1.6830345
1.5886055
1.5781082
1.5729903
1.530857
1.5254562
1.6015605
1.5237085
1.5729512
1.5348115
1.5401725
1.535831
1.582883
1.6501893
1.5808374
1.5306889
1.6059222
1.553028
1.5496856
1.5273551
1.5337822
1.5376722
1.5665867
1.5275055
1.6476793
1.5219713
1.5353338
1.5495977
1.6098114
1.6459242
1.5621665
1.5398396
1.6108438
1.5315919
1.6268922
1.7688469
1.6454175
1.526826
1.525735
1.5803978
1.6618732
1.609511
1.6773897
1.5786275
1.5293597
1.5514605
1.7407212
1.6191065
1.5671576
1.5962027
1.5856339
1.5549489
1.5781128
1.5410852
1.585387
1.550685
1.6080503
1.5290965
1.5713394
1.5728885
1.5637611
1.5540975
1.5913326
1.5590103
1.6451232
1.5706336
1.5593443
2.6840923
4.145476
5.32638
6.132691
5.727074
5.290789
4.350873
3.671563
3.5983438
3.3083966
3.6374094
3.586595
3.323716
2.986622
2.48611
2.325847
2.102711
2.1456766
2.131547
2.231295
2.2868326
2.0657518
1.9753565
2.0026474
1.8697335
1.9243302
1.7764615
1.9369683
1.890219
2.0531623
1.8488959
1.8082827
1.8232145
2.0476887
1.9106994
1.8823383
1.7423468
1.7948937
1.7746452
1.9352982
1.7438878
1.7064291
1.7920288
1.82249
1.713431
2.0137882
1.7757615
1.7436272
1.8561002
1.7904837
1.7126381
1.719532
1.7844735
1.719508
1.6863195
1.826953
1.694424
1.7210678
1.7217873
1.7790774
1.7241954
1.7791257
1.7073001
1.7043613
1.7115418
1.6968976
1.7573061
1.7047157
1.7016586
1.6228055
1.6610606
1.6969959
1.6392689
1.6187283
1.6760749
1.6739502
1.6279283
1.6950852
1.6839974
1.6170592
1.6670523
1.6485276
1.6762887
1.6462388
1.6229043
1.6231209
1.6402488
1.5948633
1.6192362
1.6054542
1.6963093
1.5876322
1.590278
1.632707
1.6114748
1.5721998
1.6159378
1.6455562
1.5864352
1.6662241
1.6466632
1.6021057
1.569988
1.5985818
1.5860492
1.6091306
1.6898983
1.5864955
1.5584887
1.5757078
1.5521033
1.5565819
1.6267215
1.7204138
1.5772172
1.5634447
1.6159523
1.5892023
1.6198498
1.5694697
1.6903664
1.6160235
1.5412186
1.6476638
1.578132
1.6431296
1.6258112
1.5851972
1.5491065
1.5886123
1.6544987
1.560633
1.61808
1.5354537
1.60553
1.551564
1.5907212
1.6194782
1.5959237
1.6563131
1.5638942
1.5583682
1.5423919
1.5528562
1.5619317
1.5785898
1.5334095
1.5560391
1.540028
1.5936875
1.5587347
1.5935634
1.6497227
1.5396875
1.6139458
1.600793
1.5614147
1.6692489
1.5944905
1.5837092
1.5581168
1.5366865
1.5703766
1.6104662
1.6100194
1.64054
1.602793
1.5489173
1.530617
1.582568
1.5500867
1.5492957
1.5573046
1.5986053
1.531978
1.5533098
1.52931
1.5797087
