27.632132
27.19368
26.490835
26.442327
25.77575
25.256132
25.546276
25.045168
25.265701
24.838331
25.096605
24.519112
24.442965
24.327257
24.758171
23.724504
24.905634
23.740116
23.938347
23.518925
23.248112
23.124004
23.641634
22.670794
22.77866
23.48008
22.97735
22.758549
22.33086
22.446548
22.39405
21.805273
21.849575
22.21417
21.564772
21.165558
20.772375
20.324495
20.84738
19.959234
19.590542
18.915674
18.494661
18.174934
17.943468
16.980944
16.154467
15.751581
15.213523
14.43091
13.858698
12.835632
11.340892
10.090512
8.551178
8.213483
7.821382
7.770153
8.856982
8.559692
8.900036
8.470274
7.660446
6.8938227
6.640293
6.24346
6.367108
6.451287
6.161392
6.790717
7.048042
7.404634
7.178219
7.406426
6.280053
6.222203
5.870404
5.7484016
5.734058
5.642372
5.465415
5.458873
5.7922397
5.780461
6.116155
5.6484976
5.3157535
5.322363
5.470409
5.215542
5.045538
5.600664
5.970101
6.016274
5.5112367
5.644231
5.277675
5.137742
5.106737
5.0729713
4.881972
4.8088408
4.9230266
4.843249
4.733636
4.868934
5.043455
5.338397
5.382147
5.2705183
5.0261564
5.0432134
5.024145
4.7359915
4.828646
4.582806
4.3295674
4.439344
4.390527
4.452121
4.266429
4.392192
4.4696035
4.436873
4.752497
4.299724
4.413593
4.476091
4.5277534
4.551488
4.4146533
4.520969
4.400672
4.5955048
4.6272736
4.4720745
4.8152122
4.777763
4.606416
4.49018
4.401639
4.1369395
4.317038
4.3428283
4.2793393
4.223743
4.334252
4.353353
4.415571
4.599031
4.253387
4.4117227
4.0940943
4.214902
4.130765
4.0805583
3.931629
3.970813
4.060241
3.916755
4.06292
4.2157307
4.1117263
4.1268845
4.1540847
4.02034
4.208094
4.148975
4.3178306
4.1667213
4.091978
4.0195913
3.9594905
4.1107774
3.8489077
3.9660106
4.0039535
3.914598
3.722219
3.7719147
3.9969075
4.0477667
3.8422158
4.144147
4.3027573
3.9658203
4.185482
4.139669
4.080397
4.1600504
3.9028425
3.984055
4.007539
3.8257535
3.6974294
3.9390104
3.7893267
3.7661066
4.1852527
4.059441
3.8248281
3.948987
4.173088
3.743827
3.8549473
4.0587864
3.849566
3.9660017
4.052209
3.829226
3.760953
3.9310186
3.7727935
3.927275
3.8314285
3.9763277
3.803775
3.9836233
3.7481852
3.5585203
3.7594838
3.84396
3.7609973
3.729125
3.6582325
3.7306795
3.5267506
3.5881853
3.7331138
3.6122575
3.7686086
3.6961606
3.843162
3.875775
3.8676069
3.9328613
4.1080227
3.8185632
3.4575393
3.9662468
3.611628
3.5471551
3.507641
3.8824322
3.8375266
3.5596027
3.5880392
3.5522206
3.6346915
3.6853726
3.7303169
3.4050868
3.6311343
3.4613128
3.6467695
3.821699
3.787789
3.5709648
3.4241357
3.607573
3.380679
3.5246766
3.614352
3.6370306
3.733951
3.4485228
3.7047749
3.6061707
3.663919
3.6332183
3.808213
3.5655699
3.526635
3.4535275
3.698236
3.529872
3.9448495
4.0667033
3.8108141
4.0782204
4.0931544
3.844828
3.7023535
3.4800825
3.5882354
3.4578683
3.527918
3.5355287
3.3130264
3.5956657
3.5839925
3.77689
3.867138
4.0811715
3.81786
3.7331738
3.4766364
3.3379226
3.3238103
3.3247519
3.5061486
3.2809114
3.4025044
3.6262615
3.3825405
3.464947
3.4397986
3.3294072
3.6773355
3.4424298
3.3615873
3.5071805
3.5853076
3.531884
3.7616346
3.6907804
3.483493
3.294902
3.209367
3.2435572
3.3595786
3.5049164
3.9084053
3.5939918
3.6227155
3.775119
3.556354
3.6390924
3.2529862
3.2035143
3.2825155
3.370927
3.2799163
3.450136
3.6764054
3.4489326
3.5812736
3.4960725
3.4933555
3.4046378
3.4042408
3.2917657
3.430044
3.4498873
3.306613
3.5100641
3.3804998
3.4338593
3.387897
3.1898174
3.3796046
3.382833
3.3009205
3.592543
3.5342834
3.537399
3.568476
3.4057462
3.5156956
3.2303026
3.2992306
3.2791562
3.14192
3.1710744
3.4509776
3.2095158
3.3305426
3.28107
3.436248
3.323391
3.195188
3.651967
3.280831
3.6067853
3.397889
3.310762
3.481008
3.676573
3.3809204
3.4480202
3.5322483
3.1563318
3.3314922
3.1506
3.2605329
3.2261765
3.2752788
3.3359768
3.2081065
3.0851736
3.2107055
2.8824964
3.0293484
2.970875
2.8782165
2.8259833
3.0733657
3.0357382
2.970788
3.1896834
3.0260215
3.258661
3.2334464
3.1355505
3.207352
2.9984734
3.1800687
3.0747275
3.027009
3.036567
3.1101115
3.2491975
3.086528
3.2448485
3.0467243
3.1974397
3.1448586
3.0216465
3.1083076
3.0219696
2.9561586
2.8538465
3.2197053
3.157177
2.894023
3.10049
3.1023388
2.9103456
2.7875533
2.9679728
2.9982285
2.903739
2.882917
2.9856699
2.9205804
2.9778392
2.9468374
2.760925
2.836618
2.8396955
2.95563
2.8420086
2.8093023
2.931412
2.8990533
2.9431934
3.1060748
3.0731483
2.9010081
2.9620352
3.2690816
3.0972722
3.2017183
3.1434076
3.1018322
2.7809372
2.883874
3.0612066
3.0246825
2.988394
3.225038
3.1990144
2.933165
2.9590294
3.1697998
2.8927042
2.9827955
3.209429
3.1688461
2.676291
3.0699196
3.255022
3.228154
3.272074
2.700826
2.9462094
2.8334007
2.837969
2.7039518
2.6609972
2.7299416
2.8037515
2.8384228
2.8395574
2.790671
2.7414775
2.936094
3.382592
3.909252
3.944177
3.3064528
3.03454
3.1887858
3.639572
3.538546
3.6684134
3.1686904
2.789023
2.7974617
3.0849295
3.1881802
3.1939058
2.8437972
3.1151607
3.5674808
3.186804
2.9245152
2.8356383
2.7035718
3.0075243
2.8952181
2.6986294
2.519371
2.5898974
2.6256013
2.94302
2.7422714
2.7864625
2.735293
2.6466243
2.884413
2.8950367
2.755343
2.6291416
2.8323536
2.6249933
2.6646295
2.6632507
2.7981136
2.596464
2.6308591
2.581474
3.1368806
3.4994252
2.7947586
2.764037
3.1563404
3.2286088
2.973168
2.683354
2.573013
2.787326
2.9706807
2.9829223
2.665986
2.644478
2.938442
3.0964193
2.7952394
2.566896
2.5973108
2.766799
3.0061076
2.808019
2.668586
2.8143249
3.0464015
2.639674
2.689783
2.5390613
2.5920174
2.6169512
2.46365
2.647957
2.6174746
2.629204
2.5092452
2.60792
2.6254897
2.5500007
2.659047
2.7671177
2.668136
2.761566
2.5610108
2.6420236
2.6627996
2.5863144
2.5156386
2.511305
2.623698
2.627061
2.5808477
2.4980116
2.5650294
2.6154134
2.373456
2.607402
2.74081
2.5333312
2.4481344
2.4496243
2.5086966
2.586328
2.3977518
2.5143538
2.462126
2.5423136
2.4169495
2.455474
2.428296
2.5286756
2.575888
2.4242156
2.456772
2.7140005
2.5289948
2.4786935
2.661332
2.644858
2.521782
2.489839
2.5975933
2.4975126
2.5403864
2.5104911
2.363822
2.4347718
2.5603895
2.3886092
2.2964818
2.44684
2.480633
2.3698335
2.452988
2.4198487
2.4598386
2.385353
2.4042995
2.449474
2.5302877
2.506249
2.4222355
2.5363524
2.448859
2.4866955
2.5866985
2.539881
2.4393957
2.4055927
2.438403
2.4633267
2.368911
2.2921185
2.367758
2.6306508
2.4179451
2.4204514
2.3935308
2.396332
2.4650254
2.6828022
2.6299236
2.4538565
2.533964
2.4424245
2.314018
2.262378
2.4838984
2.3637304
2.441767
2.443878
2.259977
2.2575386
2.306022
2.4487815
2.4647017
2.261076
2.3027816
2.3992724
2.3673644
2.1247098
2.388636
2.315185
2.3898013
2.2672677
2.0982275
2.2172604
2.345047
2.3622198
2.1784577
2.216808
2.4364865
2.1764615
2.2428575
2.2925637
2.1894145
2.386756
2.4085424
2.2403932
2.2744756
2.2899163
2.3207176
2.2448285
2.2157404
2.253531
2.2353778
2.303669
2.1444225
2.3117793
2.2480464
2.309353
2.281478
2.3869395
2.3373394
2.3875515
2.1792405
2.2932944
2.3130074
2.1686423
2.240908
2.2786405
2.1421916
2.2096055
2.154003
2.268093
2.10888
2.216828
2.2145996
2.34209
2.2808635
2.2829683
2.2721677
2.2215831
2.2493227
2.269195
2.3062968
2.230869
2.2058935
2.2690306
2.1575854
2.2619245
2.1495624
2.2350001
2.105217
2.1220782
2.1826615
2.2203794
2.214201
2.208047
2.3674974
2.1836662
2.184769
2.242037
2.219352
2.2067604
2.182666
2.2831404
2.335421
2.1866932
2.2687945
2.304121
2.3195965
2.2264724
2.1211774
2.116221
2.4401646
2.22037
2.1381552
2.1229987
2.0573134
2.1521401
2.1317534
2.0927925
2.194985
2.1135645
2.0486224
2.175287
2.1439412
2.2337766
2.118799
2.0390773
2.0477061
2.0315
2.180124
2.193769
2.142798
2.1720333
2.0410044
2.1280246
2.1102273
2.2246366
2.1626787
2.107637
2.17956
2.0997376
2.326982
2.198412
2.181382
2.334245
2.2426903
2.2848535
2.229118
2.1258736
2.2552304
2.09723
2.160656
2.3320556
2.2104042
2.1870475
2.1083314
2.227168
2.0181851
2.166357
2.0145266
2.0966127
2.082934
2.031658
2.0714877
2.0744352
2.005636
2.0322976
2.0633621
1.9526492
2.0412161
2.0075977
2.116505
2.071536
2.036028
2.028666
2.0879595
2.1265411
2.0055616
2.0715516
2.068198
2.1008933
2.1765978
2.0616248
2.0705674
2.0855339
2.0717633
2.147332
2.196776
2.144752
1.9919758
2.2061021
2.1002035
2.156153
2.2788403
2.073845
2.188015
2.0227308
2.092665
2.282076
2.0419934
2.1335516
1.9910635
2.038489
2.1258407
1.9614607
2.0234985
1.9669045
1.9374406
1.9138069
1.9714787
1.966797
1.9658208
2.2305188
1.9732528
2.1857905
1.9893918
2.0195556
1.9218652
1.9879137
2.0388691
1.9902343
2.0396404
1.9919783
2.0913682
2.1754415
1.9430692
2.1124625
2.1318214
2.1251976
2.1163185
2.1273685
2.0378492
2.1439378
2.1191094
1.9442748
2.125413
2.0675616
2.1439474
2.095622
2.008717
2.05826
1.9256757
2.0853498
1.9942075
2.0361044
1.9785796
2.0447538
1.9322569
2.0341208
1.9689308
1.943203
2.1057816
2.080444
1.992739
2.0138137
2.000977
1.9342476
2.043678
1.9648153
1.9696388
2.0444114
2.1005585
2.2052026
1.9662955
2.063848
2.0540183
2.1001055
2.1305735
2.0264964
2.1317074
1.9648978
2.0187678
1.9768314
1.9352485
2.0771515
1.9373488
1.9240345
1.94759
1.8960474
1.954697
1.9069576
2.0331986
2.0136213
1.9475337
1.9990404
1.9383496
2.1664922
2.0566235
2.0940895
2.046644
2.1636899
2.1006002
2.056138
1.99612
1.948642
1.9697338
1.9360394
1.9722097
2.0072296
1.9317122
1.9686096
1.9610593
1.8912591
1.9123478
1.9677943
1.913159
1.985934
1.9507005
1.9089633
1.9865912
1.9536182
1.9780798
1.8575644
1.9755307
2.0490973
2.0952337
1.8978052
1.8581272
1.8933197
1.8807242
1.9115499
1.904705
1.886141
1.9122179
1.9515527
2.1313128
1.8837105
2.0174665
1.9657815
1.9710338
1.996982
1.9066757
2.080983
1.9101512
2.0185413
1.9986316
1.989713
1.9201473
2.1341186
2.1300814
1.8860102
1.986497
2.029676
1.9802657
1.8629153
2.1467476
1.9278281
2.0958672
2.0488575
1.9043884
2.0200346
1.9769942
2.036399
2.0262556
2.0114532
2.160913
2.1469004
2.304819
1.9029865
2.2883875
2.2755163
1.859202
1.8565007
1.8878325
1.9859709
2.0227168
1.9730223
1.9025425
2.0936227
1.980619
1.9414809
1.9171033
2.0617
1.9674666
1.9289831
1.9862775
1.9788942
1.8948874
1.8476365
1.8942151
1.9751443
1.9177427
1.8713132
1.8982825
1.862082
1.94554
1.8323214
1.81762
1.9398327
1.9142061
1.8715875
1.8560818
1.8062434
1.9035085
1.7815
1.9252472
1.9133786
1.8521383
1.9074347
1.928756
1.9485114
1.8763533
1.886339
1.8635315
1.9771703
1.823635
2.0112996
1.8866143
1.8613106
1.9141037
1.8090084
1.9079672
1.8808557
1.8959497
1.9296362
1.9343842
1.9374827
1.851231
1.8521048
1.8777007
1.8468635
1.901474
1.843335
1.8418562
1.8211572
1.7701162
1.8727036
1.8696523
1.8234856
1.7919122
1.8572265
1.8688345
1.8651862
1.8603204
1.8146148
1.8730369
1.8380135
1.8716292
1.7771516
1.8356739
1.948361
1.811955
1.881102
1.927427
1.8847113
1.8944857
1.8527286
1.9259392
1.937423
1.7432557
1.8940667
1.865055
1.8141419
1.8180684
1.8574938
1.9132028
1.8647125
2.0033903
1.9269108
2.077592
1.97764
1.8834945
1.9485604
1.8599143
1.8617218
1.8397815
1.9742622
1.9738879
1.764264
1.852883
1.8657911
1.8892534
2.048146
1.7677404
1.8743882
1.974642
1.8598733
2.0517216
1.852241
1.8725038
1.9267896
1.9720182
1.9090782
1.7819686
1.8877645
2.047663
1.9020803
1.9200677
1.9559455
1.9285787
1.8327127
1.8599955
1.7524554
1.838686
1.889217
1.9235308
1.8577682
1.9423316
1.888034
1.843171
1.867421
1.8630527
1.8711632
1.7705382
1.8300138
1.8117722
1.8654715
1.7646129
1.9442632
1.8429118
1.8327515
1.7763036
1.7936102
1.8972993
1.7698463
1.9367405
1.858431
1.78409
1.9313445
1.9095376
1.8092535
1.7325675
1.787198
1.936696
1.9707824
1.8716549
1.900335
1.8295974
1.9215368
1.902962
2.1063569
1.8601009
1.7567371
1.8869357
1.9216943
1.8758837
1.8063525
1.826861
1.849703
1.7539303
1.8463583
1.7558132
1.7592132
1.7588112
1.8368502
1.7615747
1.8483875
1.8568256
1.6788578
1.7248043
1.762893
1.7889843
1.8898363
1.8050804
1.7923523
1.7025807
1.8155627
1.7737625
1.7536132
1.7260685
1.779259
1.7378753
1.7823633
1.8208692
1.780233
1.8031566
1.7496423
1.7131964
1.8071682
1.8354918
1.9116863
1.8458347
1.8878574
1.8707702
1.863223
1.8229892
1.8098693
1.8598908
1.7363706
1.8045815
1.7083575
1.768891
1.8507806
1.797265
1.8263928
1.7446448
1.8118241
1.8297395
1.851214
1.757077
1.7574463
1.8263265
1.8090013
1.7691456
1.8822203
1.7237884
1.8438767
1.8218018
1.8596917
1.8057443
1.793262
1.9015497
1.8461741
1.7825764
1.8501697
1.8565053
1.8386241
1.667519
1.8183441
1.7193967
1.7352142
1.7258476
2.0279016
1.7608075
1.7290834
1.7144818
1.7330037
1.8517345
1.8484108
1.7960773
1.9828111
1.7098465
1.7893525
1.8080152
1.8274279
1.833987
1.7614903
1.6700096
1.7677654
1.659737
1.7648964
1.7426629
1.7689344
1.7704887
1.7019235
1.873144
1.6870241
1.7643187
1.7656281
1.760656
1.8849167
1.8279645
1.7619257
1.853997
1.8818274
1.7442645
1.7600174
1.8158795
1.7528955
1.7857201
1.7215806
1.7105738
1.7314378
1.7615303
1.7747456
1.815896
1.7410598
1.8066198
1.8421214
1.767568
1.8634841
1.914924
1.8029108
1.7014582
1.7734675
1.8957115
1.7167486
1.8212389
1.7143729
1.7735448
1.8463682
1.7856905
1.7854365
1.7094074
1.7425694
1.8310381
1.7464768
1.8049612
1.8584683
1.7935448
1.8521422
1.737636
2.0476596
1.7914205
1.8489425
1.9072143
1.8208537
1.817571
1.758666
1.6949972
1.8280177
1.7502704
1.8383287
1.8072726
1.7184447
1.7860371
1.8378675
1.9410135
1.7545892
1.6867392
1.7352488
1.6996783
1.8584943
1.8180125
1.8047479
1.7172803
1.6962223
1.9522986
1.7996342
1.7718599
1.7487651
1.8165486
1.8167652
1.7832242
1.7472581
1.728649
1.6916852
1.7165363
1.806177
1.7565827
1.7422464
1.7431201
1.8061234
1.7260864
1.7495509
1.7599293
1.7966137
1.7781954
1.7663049
1.6831555
1.7287997
1.8229069
1.7893938
1.689108
1.6759405
1.9173323
1.6678667
1.6250427
1.797968
1.7138366
1.7519293
1.6698618
1.7644491
1.712238
1.8421897
1.7188419
1.7049265
1.8281031
1.8311337
1.8248041
1.6978163
1.8118248
1.9335722
1.7536718
1.6817373
1.7872653
1.7186825
1.7423346
1.6925166
1.6848971
1.6879249
1.7208792
1.7210467
1.7104077
1.7719033
1.8825762
1.775417
1.6838603
1.6444964
1.8266472
1.8581134
1.721982
1.7297916
1.825538
1.8425313
1.731233
1.6706691
1.830887
1.816295
1.728274
1.7324262
1.7156695
1.8709816
1.8606893
1.9204932
1.781576
1.8627962
1.8195658
1.7607638
1.7512772
1.8076377
1.6764824
1.7206182
1.7059277
1.7451375
1.6789976
1.8167428
1.7780308
1.774289
1.722636
1.6747285
1.7070428
1.798137
1.7721138
1.7651036
1.6697065
1.696996
1.7306256
1.7024053
1.7392263
1.7915483
1.7481582
1.8573906
1.7104743
1.7352194
1.7239892
1.8605444
1.7329807
1.6574019
1.8149288
1.805681
1.6660078
1.8201153
1.6711162
1.6509264
1.7207978
1.7003052
1.7509367
1.6473516
1.7324018
1.6705823
1.7441294
1.6569158
1.6927615
1.87613
1.7293962
1.7187158
1.776353
1.7823704
1.6570607
1.7000386
1.9056258
1.7801232
1.6361933
1.6683714
1.7605482
1.8584373
1.8273988
1.7297292
1.756353
1.9732995
1.8666921
1.7098677
1.6849498
1.7222792
1.8125015
1.7614188
1.75211
1.706831
1.6417682
1.7513869
1.7524364
1.7232121
1.7220076
1.6975857
1.6961936
1.7175353
1.8041725
1.7063352
1.7484312
1.6405658
1.808287
1.7860951
1.664992
1.8917212
1.8283901
1.7195021
1.7229418
1.7648185
1.7434239
1.7417872
1.6296369
1.6565398
1.7294745
1.831418
1.707568
1.661267
1.6710839
1.625182
1.8518597
1.7372159
1.7490821
1.6884563
1.7739682
1.6699313
1.758769
1.751677
1.6911716
1.7549872
1.7027602
1.8286988
1.6716788
1.7365382
1.7457738
1.719819
1.7584082
1.6916703
1.7259163
1.733782
1.713779
1.7003027
1.6674633
1.7042794
1.7442956
1.7835772
1.7595333
1.643638
1.7238344
1.8733953
1.688176
1.6761515
1.7027704
1.7403733
1.6941322
1.6310722
1.684769
1.702288
1.6527176
1.708642
1.6740549
1.6237838
1.6736238
1.7332993
1.7741958
1.7015216
1.6450733
1.6321665
1.5942395
1.6635296
1.664822
1.6756382
1.6797134
1.7653333
1.6927135
1.7697502
1.7229449
1.6311682
1.748073
1.737423
1.6658907
1.684988
1.6150677
1.679268
1.718444
1.7495224
1.6708922
1.6431836
1.6564883
1.6652683
1.7552379
1.6092367
1.6712563
1.6816893
1.7356328
1.8608688
1.7194785
1.8351804
1.843299
1.7920148
1.6157315
1.92128
1.8049983
1.8295069
1.683353
1.6083835
1.754928
1.8320051
1.640011
1.7262563
1.6951113
1.755924
1.7097876
1.7124143
1.6804843
1.6920193
1.8361759
1.7268565
1.7152284
1.7981724
1.6229422
1.8003538
1.6806854
1.7655748
1.7214491
1.7819365
1.732445
1.6548183
1.6541457
1.678479
1.7129546
1.727829
1.7992625
1.6507074
1.6585827
1.7805438
1.6451362
1.622289
1.6525172
1.6475571
1.950738
2.03282
1.664694
1.8388805
1.8169693
1.666304
1.660152
1.6653419
1.6976153
1.6347961
1.7461485
1.6725657
1.6427666
1.7283057
1.639217
1.6541137
1.630767
1.6842278
1.73576
1.6848413
1.6399866
1.6630452
1.6166748
1.6858965
1.6404709
1.6425887
1.7298335
1.6649082
1.6234685
1.7419027
1.6570188
1.6316059
1.6613307
1.7144214
1.711975
1.6242285
1.6119994
1.6094062
1.7300987
1.7782022
1.6874404
1.7297761
1.663266
1.6566455
1.6651685
1.6393176
1.6805105
1.62993
1.6417764
1.7347287
1.6718295
1.5951297
1.7075541
1.6518548
1.6281645
1.6251754
1.6330115
1.6271071
1.6218084
1.6169072
1.6800122
1.6001495
1.619044
1.6902972
1.6549155
1.5977871
1.6401521
1.7469544
1.6696444
1.5999312
1.6528847
1.6831403
1.6186937
1.6365607
1.6071892
1.6179893
1.6555138
1.61676
1.6161653
1.6655815
1.6975073
1.631187
1.6562142
1.7345263
1.6255665
1.7356639
1.701973
1.7673873
1.6975588
1.7212591
1.6813233
1.7502398
1.66046
1.7422905
1.7555332
1.7125375
1.6370094
1.6600354
1.7256784
1.7123939
1.6817126
1.8010882
1.6217757
1.725293
1.7613914
1.7045242
1.6715864
1.8003136
1.6331983
1.6596254
1.676036
1.6947869
1.6498849
1.6359537
1.6890467
1.5787766
1.6639946
1.652591
1.698977
1.7049656
1.6160659
1.6422571
1.6724362
1.7838329
1.698993
1.6509275
1.7263433
1.6510183
1.6158751
1.7238582
1.6445491
1.5781382
1.6972421
1.6482195
1.5979972
1.574597
1.6488312
1.5969843
1.6427537
1.60808
1.688627
1.6018145
1.6694407
1.6583978
1.581699
1.6513321
1.776984
1.7501014
1.7018812
1.7176735
1.6578132
1.6944133
1.7352747
1.613747
1.6223519
1.6689295
1.6368732
1.7392439
1.6668082
1.7459332
1.6239734
1.7268013
1.642816
1.6520025
1.6394732
1.6869612
1.7910777
1.6158124
1.7407132
1.7003216
1.6381224
1.5989877
1.6742604
1.6921085
1.8026743
1.8324437
1.6840937
1.6287496
1.6967922
1.6647949
1.6634786
1.7502543
1.6641594
1.597516
1.6618258
1.6544518
1.6765835
1.6166849
1.6639922
1.6281757
1.6270492
1.840457
1.6062229
1.6593196
1.6425942
1.65252
1.6221972
1.6856725
1.6596245
1.6607947
1.5964351
1.6936154
1.6938562
1.7356788
1.6763897
1.7069968
1.7383505
1.6546693
1.6335065
1.656557
1.695627
1.7447555
1.6524105
1.6404072
1.6145368
1.602372
1.636917
1.6353483
1.6046348
1.6088958
1.6381992
1.681221
1.6280493
1.6258337
1.6444002
1.6486783
1.5849454
1.6351978
1.645766
1.6059217
1.640201
1.6618292
1.6292145
1.7024997
1.6932657
1.621732
1.59699
1.6913612
1.6831756
1.6838768
1.5742762
1.6650164
1.5992805
1.7049193
1.591854
1.7009507
1.657324
1.6775929
1.70151
1.7313668
1.8904792
1.691979
1.806825
1.9067287
1.8722645
1.7737235
1.6941435
1.787572
1.9908928
1.6536474
1.641654
1.725575
1.6614654
1.7324544
1.6136787
1.6845689
1.6180996
1.6865032
1.6713177
1.6475242
1.6432978
1.6015425
1.6572392
1.6700627
1.6910046
1.6402705
1.5816529
1.584573
1.6438322
1.6607867
1.6343421
1.6690727
1.6630832
1.6419202
1.668349
1.7148203
1.6358196
1.6692275
1.6941838
1.6825978
1.6960634
1.5843781
1.6730511
1.6124178
1.7060492
1.640271
1.6447037
1.6651355
1.7040907
1.8186642
1.6505823
1.6485915
1.6234405
1.7348984
1.786682
1.683463
1.6080884
1.676836
1.7615196
1.7679212
1.862337
1.68
1.5989107
1.5848036
1.6369516
1.7847822
1.71777
1.6589202
1.6543958
1.7304698
1.6848892
1.6122812
1.6360984
1.608023
1.6290011
1.6090432
1.6490803
1.5922188
1.6271853
1.6354637
1.5883131
1.6516497
1.6516403
1.7447805
1.613881
1.573059
1.6405877
1.6956838
1.6427824
1.671963
1.6185497
1.7226665
1.5771627
1.6292048
1.6436548
1.6589463
1.6556225
1.6820263
1.6227419
1.6048598
1.6199228
1.6680447
1.5979878
1.6426076
1.6864086
1.6639723
1.6850272
1.6785512
1.6731769
1.6319237
1.613243
1.6458844
1.6394715
1.7512653
1.6630012
1.6148406
1.626295
1.6773207
1.6163648
1.5950607
1.6237671
1.7876893
1.6810287
1.695931
1.6833587
1.6806904
1.5922297
1.5991079
1.6059878
1.6691297
1.6364998
1.6515095
1.6546798
1.6009377
1.6581129
1.5839232
1.617946
1.7011598
1.5886292
1.7217925
1.6553311
1.697999
1.7172217
1.6254086
1.6940025
1.8483073
1.7095708
1.6619505
1.6349375
1.6320633
1.6716269
1.677434
1.6307948
1.6347009
1.6490295
1.70322
1.7859687
1.6963446
1.6420852
1.6020224
1.6864648
1.7015102
1.6582298
1.78384
1.6547147
1.6424563
1.5713911
1.5547992
1.6263931
1.5916607
1.5703813
1.669928
1.6493943
1.7118983
1.6777418
1.6115746
1.620582
1.6114366
1.6451356
1.6298603
1.6179699
1.651524
1.6877674
1.6441497
1.5951775
1.7629123
1.7448175
1.653802
1.74032
1.6298774
1.6484771
1.6192675
1.5985798
1.6999905
1.5562775
1.6940222
1.591423
1.6053252
1.8713626
1.9746897
1.8709469
1.7657295
1.6971638
1.8286728
1.7846375
1.6935178
1.8035569
1.6424493
1.660584
1.7668532
1.5991864
1.5808213
1.5943367
1.6302835
1.7128735
1.625654
1.6658783
1.6293555
1.6399853
1.6302758
1.629577
1.5925587
1.673044
1.5735285
1.6877805
1.6341243
1.5998157
1.5776845
1.6208774
1.6157795
1.6338584
1.6079028
1.6631477
1.6060897
1.6774955
1.6283118
1.6232115
1.6501198
1.6119696
1.7028848
1.7143401
1.6613373
1.6485149
1.6332806
1.6320243
1.6725469
1.6408273
1.6901532
1.7656883
1.6200167
1.5985632
1.6324394
1.68409
1.6002584
1.582505
1.658339
1.6522303
1.6498058
1.6796018
1.615162
1.642502
1.628584
1.5940945
1.5815192
1.603273
1.6302087
1.6343305
1.598565
1.5661298
1.6611035
1.6075218
1.7108382
1.5918366
1.5999146
1.594518
1.6155715
1.6825072
1.5886315
1.5937667
1.6235374
1.5643165
1.602492
1.5819873
1.5474813
1.6402929
1.5963005
1.6237277
1.6502761
1.6712224
1.6228912
1.5800803
1.7513963
1.6326377
1.6378913
1.6225692
1.6180582
1.5949546
1.6202497
1.6823937
1.6475756
1.6441717
1.6563933
1.5721146
1.612671
1.6829379
1.7143154
1.64041
1.5926838
1.5991358
1.7133203
1.6291453
1.6191161
1.6251361
1.597404
1.6718668
1.5584542
1.5573945
1.6445091
1.5903487
1.6161168
1.5983154
1.5554181
1.6194727
1.6762086
1.6244347
1.5850983
1.6462495
1.6312385
1.6752143
1.6208857
1.6643373
1.6051075
1.619875
1.633478
1.627545
1.675709
1.6510334
1.6338127
1.6137259
1.6546029
1.5910845
1.6032255
1.5892992
1.5521832
1.606155
1.5895143
1.5801326
1.6655035
1.622626
1.590169
1.6296662
1.621791
1.6084563
1.6205795
1.5993323
1.6579725
1.6577125
1.5668832
1.5503597
1.5625707
1.6860222
1.6102765
1.6427767
1.5897281
1.5968357
1.6779478
1.6132501
1.67727
1.5617768
1.6439058
1.7130612
1.664137
1.585847
1.6406697
1.6391345
1.5990372
1.6434883
1.6109885
1.6397156
1.6928653
1.584748
1.6100982
1.6767672
1.5700202
1.6360524
1.604314
1.6696132
1.7904853
1.5901042
1.6434742
1.5719649
1.7032826
1.6003382
1.5596198
1.5780565
1.6014827
1.6040246
1.6306053
1.6394522
1.6226964
1.6811117
1.6017909
1.5907205
1.6493018
1.5806453
1.6366358
1.5948361
1.5746901
1.589771
1.5608283
1.648335
1.566735
1.6568792
1.5922055
1.6245803
1.6180582
1.5518945
1.6132745
1.6449772
1.5512573
1.592395
1.615877
1.5900865
1.6206942
1.6369475
1.5833509
1.641338
1.599387
1.574008
1.6514739
1.5959127
1.5520548
1.6268474
1.5382406
1.6413219
1.5483705
1.5927914
1.6235666
1.5715028
1.6859161
1.5966188
1.5522169
1.6350741
1.6052725
1.610951
1.549781
1.6109183
1.5979382
1.6744809
1.5942357
1.5929612
1.6043178
1.6383094
1.669414
1.5979
1.5444207
1.6222885
1.6046865
1.6575569
1.557439
1.6046532
1.6053375
1.580544
1.623412
1.6912949
1.6525903
1.5776792
1.6557853
1.689991
1.7853955
1.6107289
1.6322308
1.7436117
1.710056
1.6419144
1.5989051
1.6055547
1.6172798
1.6249201
1.6800722
1.573645
1.6757762
1.5848157
1.647218
1.6047997
1.674373
1.6281878
1.6933652
1.6241118
1.5737222
1.6088593
1.6614218
1.6215951
1.6776353
1.5752785
1.7047017
1.5695784
1.6397693
1.6408362
1.6254547
1.5495107
1.5781752
1.5484138
1.582655
1.6396159
1.7702415
1.6172864
1.5805085
1.5905846
1.5616093
1.698977
1.5625492
1.6634599
1.6268022
1.5735288
1.693071
1.6580139
1.5842645
1.6532519
1.6030517
1.6209062
1.6259758
1.5946796
1.5814737
1.7036605
1.706523
1.6060022
1.6164433
1.7045072
1.727139
1.7099001
1.5875859
1.6492653
1.6442034
1.7738675
1.664151
1.6363451
1.5736498
1.6109562
1.6191357
1.7285533
1.6057734
1.5877249
1.6219618
1.5743877
1.5542021
1.568531
1.6378132
1.5987278
1.6039726
1.5605736
1.5826437
1.6553572
1.609225
1.615445
1.5735945
1.7809855
1.5910318
1.5865911
1.6211282
1.6503265
1.6680998
1.5582954
1.5962404
1.5465065
1.6234474
1.660323
1.5547191
1.5933317
1.6306525
1.6849331
1.580072
1.6132257
1.6372766
1.5960392
1.6107451
1.5893732
1.608369
1.626081
1.7643478
1.6158069
1.6674627
1.6023953
1.5681874
1.5661333
1.616851
1.6204964
1.6357578
1.6565666
1.6285458
1.6048145
1.6385437
1.6067625
1.790079
1.6277847
1.6048638
1.609998
1.6547263
1.6143168
1.5768157
1.5891739
1.5946481
1.6387798
1.6096922
1.554073
1.686764
1.7242267
1.6157583
1.6018963
1.6344357
1.632339
1.6100048
1.6870397
1.6584102
1.6429365
1.569025
1.69625
1.6526675
1.6744817
1.5896968
1.607509
1.6735072
1.7019879
1.6016045
1.6474452
1.6381884
1.5499015
1.648924
1.6624875
1.6287495
1.7333575
1.5852737
1.59478
1.628007
1.5616778
1.6019493
1.5656294
1.586695
1.5486234
1.5762322
1.6424102
1.6326257
1.6592275
1.585721
1.6460065
1.5933669
1.5968295
1.5950608
1.6215723
1.5480387
1.595385
1.5541283
1.5828089
1.6361907
1.5727803
1.5573579
1.5884341
1.5580038
1.5926317
1.5887551
1.5920665
1.6777105
1.5517648
1.5831038
1.5613648
1.5970727
1.5924977
1.5935
1.5560956
1.5855668
1.6413954
1.5399805
1.5909016
1.5402976
1.5932733
1.6129873
1.5418977
1.5910643
1.563454
1.5695683
1.5817487
1.5361668
1.5837346
1.6408979
1.544268
1.611361
1.6209103
1.5518129
1.623756
1.594877
1.5798721
1.5485344
1.642907
1.5904921
1.6612535
1.6207814
1.5954844
1.5986975
1.5490525
1.5849973
1.5756727
1.5600227
1.5704494
1.581121
1.579064
1.6232507
1.5907555
1.6485394
1.5768875
1.5400125
1.657564
1.6284302
1.5561533
1.604521
1.5998708
1.6274848
1.693239
1.5963897
1.5893575
1.7004714
1.691887
1.563258
1.599184
1.6182971
1.714908
1.6222647
1.5699239
1.6364887
1.6406893
1.5925963
1.584649
1.6813363
1.57624
1.6452765
1.7598058
1.5933094
1.6212215
1.7136157
1.6407316
1.6646715
1.6370995
1.5586616
1.7169671
1.675158
1.6028734
1.555214
1.6241894
1.6234802
1.6227577
1.7087528
1.597917
1.6114643
1.6325567
1.6078205
1.5429476
1.604688
1.5699759
1.5742867
1.5920581
1.5742426
1.586306
1.6059173
1.6171654
1.6002789
1.5503902
1.5886251
1.5662773
1.580453
1.6435938
1.5860875
1.5499305
1.6152927
1.6815057
1.6477733
1.5558282
1.58379
1.6579863
1.6781651
1.6100303
1.5831969
1.6192288
1.707673
1.5754608
1.6643932
1.5998453
1.7955253
1.7197438
1.6272856
1.575509
1.6205869
1.607388
1.5909688
1.601759
1.612715
1.6189907
1.5533249
1.54976
1.6311022
1.6520356
1.539612
1.5601199
1.550484
1.5578434
1.5319836
1.6854236
1.6076232
1.6895813
1.578081
1.5326133
1.6605735
1.6740944
1.6692352
1.6070075
1.6817176
1.7164327
1.6164844
1.5896415
1.6180513
1.6575464
1.5511525
1.686358
1.7162644
1.6447291
1.5507965
1.6126307
1.6585985
1.782859
1.5936346
1.721458
1.6898705
1.594442
1.6400129
1.5909548
1.5413972
1.5516623
1.5611987
1.553795
1.6282717
1.6138588
1.5629315
1.6410557
1.5857105
1.6661971
1.7363102
1.580876
1.6047211
1.6584163
1.6376824
1.5650238
1.626
1.6366885
1.6013921
1.6499604
1.5995198
1.5881356
1.5943886
1.716639
1.5732032
1.5632569
1.5589604
1.6087036
1.5925407
1.6066806
1.662224
1.6305666
1.5733719
1.6169825
1.6022048
1.5593562
1.6268913
1.639237
1.6924436
1.5598698
1.6355194
1.7130578
1.7624196
1.646829
1.5739483
1.6889408
1.7164376
1.6397847
1.6430176
1.5791358
1.5739969
1.7464107
1.6880219
1.6545424
1.6201246
1.5803952
1.6313518
1.6080983
1.6265697
1.690914
1.55479
1.6836225
1.7120775
1.6626757
1.6098264
1.6701542
1.680858
1.5808544
1.5468415
1.5649351
1.6374315
1.5483613
1.5678606
1.60826
1.5729382
1.6006782
1.5880996
1.5866494
1.5745178
1.5934469
1.6598817
1.608639
1.56038
1.6497861
1.6376331
1.6113483
1.5802778
1.6835657
1.7652007
1.675974
1.887185
1.6246368
1.6340393
1.8364065
1.7460783
1.6858615
1.5596156
1.7104143
1.6364398
1.6114782
1.6208358
1.735607
1.542527
1.5740237
1.6708173
1.6355423
1.5727087
1.6792314
1.5826768
1.683657
1.585143
1.6209903
1.571378
1.7100775
1.5685762
1.6022737
1.5464064
1.55961
1.6058419
1.6683668
1.5752735
1.6115283
1.568096
1.666399
1.5499107
1.5696415
1.6549112
1.629019
1.5792158
1.5555773
1.6369193
1.604053
1.6531312
1.5764966
1.667593
1.537137
1.5402834
1.5356711
1.7321173
1.6011168
1.5934893
1.7171204
1.5895386
1.6130645
1.6273657
1.5551088
1.6727349
1.5484422
1.650358
1.5751678
1.627308
1.556554
1.565301
1.5576384
1.5422895
1.539433
1.5747107
1.5909717
1.6306334
1.642379
1.5428077
1.5929404
1.6574613
1.5834849
1.5714798
1.5675827
1.5850987
1.6032482
1.5510855
1.5933764
1.5487831
1.5800495
1.571619
1.5893952
1.598063
1.5344847
1.5750163
1.6688677
1.5316203
1.5394995
1.5444444
1.592911
1.5844415
1.7238106
1.5844254
1.6314906
1.618818
1.6420205
1.6330255
1.545749
1.603141
1.5925884
1.592733
1.5378145
1.6444198
1.5770422
1.603139
1.5679752
1.6467853
1.5539023
1.5341939
1.5704792
1.5532675
1.6129645
1.5747747
1.5725812
1.57673
1.5471814
1.5958627
1.5689974
1.569363
1.654262
1.5603355
1.5764402
1.5767999
1.698826
1.5707458
1.630851
1.6120911
1.6867323
1.7035575
1.7226034
1.6076863
1.600876
1.5514067
1.689568
1.6184244
1.7373152
1.590175
1.5943605
1.5591507
1.6381143
1.813026
1.5986234
1.5451744
1.5469474
1.5693939
1.6259868
1.6730407
1.615381
1.5699582
1.572248
1.5506895
1.5422168
1.5996453
1.7419482
1.6098982
1.6309422
1.8061502
1.6074841
1.6565732
1.6097813
1.6023197
1.589994
1.6783165
1.598026
1.5961844
1.5759029
1.6332477
1.7850304
1.5923407
1.6019068
1.5864991
1.6259668
1.602724
1.6423702
1.6951813
1.5469292
1.5598458
1.5485703
1.6396265
1.6716725
1.558164
1.6150095
1.5627053
1.576065
1.5651538
1.5767747
1.6215265
1.6713525
1.538735
1.6235541
1.6104841
1.6430631
1.6052632
1.6279022
1.5939206
1.6114565
1.5416116
1.5764147
1.5730945
1.6092148
1.5558844
1.5675173
1.5737616
1.5770316
1.5946896
1.5503956
1.5945653
1.5381212
1.5474378
1.624407
1.6294667
1.6935459
1.5651387
1.5385559
1.5872297
1.5465392
1.6445283
1.5586252
1.581418
1.5574476
1.6048722
1.613194
1.5507808
1.5601187
1.587925
1.6058698
1.5683155
1.6429431
1.734861
1.6864794
1.6036533
1.6354024
1.6283414
1.6757113
1.6300014
1.6338404
1.645017
1.6966455
1.7699455
1.6043905
1.566681
1.6024932
1.584971
1.6454152
1.6703552
1.7411138
1.532759
1.6579475
1.5848593
1.6239824
1.7239975
1.6811403
1.6011722
1.5393858
1.5908916
1.5603204
1.6078267
1.6794766
1.6104063
1.6905025
1.5467908
1.5874281
1.5843011
1.6958635
1.5584326
1.6015615
1.5552834
1.5996188
1.6223361
1.6223853
1.5522525
1.6172538
1.5767295
1.5979637
1.5835947
1.6520579
1.5659062
1.5694813
1.5684233
1.6247365
1.6185305
1.5869212
1.5708798
1.5780984
1.59261
1.5576066
1.580572
1.5958695
1.6400383
1.5547167
1.6573781
1.5391026
1.5677283
1.5391399
1.5560068
1.6026088
1.6045462
1.6267445
1.5734135
1.5687392
1.5239978
1.5615453
1.596144
1.5265948
1.5441415
1.5325218
1.5496551
1.638121
1.5305653
1.5581516
1.5521497
1.5944262
1.5605807
1.6526501
1.5701754
1.5409586
1.5792574
1.6322905
1.5454875
1.555633
1.553093
1.6255265
1.5726845
1.5425379
1.5743732
1.5518153
1.5884039
1.538364
1.5627105
1.5863606
1.5826865
1.5517085
1.5302029
1.5352445
1.5628629
1.5742416
1.688869
1.6337123
1.5818968
1.5367987
1.6320105
1.6322176
1.5849093
1.5725932
1.6106387
1.62697
1.5516249
1.5467864
1.5439978
1.5519923
1.5431126
1.5723808
1.5767899
1.5593356
1.5485754
1.5655195
1.623606
1.5817386
1.6398385
1.592064
1.6051443
1.6728674
1.5717074
1.572034
1.5728205
1.563006
1.5724777
1.6085969
1.6105098
1.5474195
1.537675
1.525627
1.5712167
1.5406507
1.5850472
1.5303003
1.6348044
1.5775603
1.5539973
1.5388932
1.5829953
1.531586
1.5638674
1.5631018
1.6978921
1.6158526
1.5825905
1.5973736
1.6634983
1.6722425
1.5640366
1.5716927
1.6804793
1.7524815
1.6918508
1.6225917
1.5623677
1.6158417
1.5961897
1.6334038
1.6376922
1.5882792
1.6582924
1.54816
1.5673412
1.5522172
1.5573856
1.6462085
1.6355125
1.5888263
1.6125437
1.6557503
1.5910456
1.5742472
1.6153362
1.5474063
1.5647155
1.5717252
1.7422955
1.5461154
1.5827323
1.567878
1.5822825
1.5665758
1.5552224
1.568941
1.6057653
1.5959734
1.6015635
1.5779703
1.6175092
1.6541133
1.6338301
1.6457063
1.6214203
1.5287654
1.683571
1.680611
1.7479529
1.6010022
1.7184832
1.7636353
1.591354
1.5754035
1.588015
1.6445755
1.6994094
1.6189232
1.5933169
1.6145602
1.6548945
1.5956597
1.6243131
1.5415936
1.539847
1.627365
1.5841128
1.5679643
1.606394
1.6825671
1.639351
1.5641923
1.6559483
1.5855078
1.5499438
1.6159413
1.5441457
1.5665133
1.529982
1.615221
1.5861694
1.5719726
1.593757
1.5465137
1.549365
1.5394874
1.5931766
1.5885193
1.5801636
1.5943358
1.636631
1.5477906
1.5462325
1.546143
1.597361
1.5547762
1.571393
1.5422165
1.6575263
1.6905094
1.537256
1.5564041
1.6365472
1.5899768
1.6206026
1.6071435
1.5816933
1.6250453
1.6985208
1.6882958
1.5721238
1.5321839
1.5528424
1.6006515
1.5573215
1.6828891
1.5669752
1.570471
1.5363289
1.567335
1.5550997
1.6023853
1.5372906
1.5696565
1.583275
1.6335281
1.6153015
1.6175921
1.576406
1.5691657
1.5500448
1.585435
1.594169
1.5814044
1.5349933
1.5686921
1.5765855
1.5754663
1.5738322
1.5279692
1.5520883
1.538468
1.61522
1.5442142
1.6664959
1.540594
1.6100575
1.6020613
1.5767672
1.6674155
1.594945
1.5444604
1.5706372
1.5217907
1.6266941
1.6066757
1.6457102
1.5697793
1.5536855
1.6592761
1.5615071
1.555508
1.6721938
1.6283187
1.554148
1.5552913
1.5816774
1.5735035
1.6000917
1.5378146
1.5598755
1.5839072
1.5847616
1.5633672
1.5593075
1.5708567
1.5864878
1.6048355
1.5562482
1.5441637
1.551887
1.6459982
1.5793858
1.5821688
1.580175
1.568629
1.567493
1.5489682
1.532008
1.5479282
1.5782729
1.5419755
1.552029
1.6770613
1.5668335
1.5994276
1.6280743
1.5851092
1.6369361
1.5357904
1.6017083
1.5878208
1.5538877
1.6640773
1.5739388
1.5711917
1.6201928
1.5670787
1.5393796
1.532392
1.608291
1.5798209
1.7227474
1.5353879
1.6046138
1.5895925
1.5868585
1.5685362
1.6268756
1.6048613
1.7148424
1.6245475
1.5959028
1.6531165
1.5849853
1.651687
1.6248473
1.5582602
1.585395
1.604912
1.5647676
1.723764
1.5666277
1.5426137
1.6290895
1.566579
1.5649778
1.5426958
1.5225558
1.5366962
1.552649
1.5330732
1.604323
1.643092
1.5637407
1.5815607
1.5407333
1.5628433
1.6366868
1.5309384
1.542566
1.5635978
1.5717763
1.5918608
1.535666
1.5380127
1.5439374
1.6130042
1.537806
1.5677605
1.5313368
1.5285091
1.5334703
1.7997172
2.00391
2.0006166
1.7585373
1.5933259
1.8806959
2.1139922
1.8832005
1.6588928
1.6535637
1.6312282
1.7726448
1.6431104
1.6648222
1.652098
1.5538057
1.7352343
1.717231
1.834888
1.6380962
1.6178294
1.5423245
1.6159359
1.6808373
1.59259
1.6412392
1.6054323
1.6066694
1.6829797
1.5649815
1.6303333
1.6918613
1.649676
1.6930022
1.6599883
1.7372727
1.658125
1.6630565
1.6388056
1.6549803
1.6770519
1.5689857
1.6178205
1.6634238
1.7177404
1.5786452
1.650732
1.6272018
1.6525807
1.6153585
1.5795207
1.528787
1.5458885
1.569123
1.5452508
1.5621436
1.6491965
1.5990118
1.596485
1.6063437
1.5548135
1.6480538
1.6083367
1.5631502
1.5644302
1.6167864
1.5394405
1.5300245
1.6134852
1.641477
1.5305339
1.5941162
1.6225445
1.5539535
1.571271
1.5337893
1.5783305
1.5765916
1.5824925
1.5958873
1.6079735
1.5734524
1.575271
1.5836076
1.5912642
1.5619059
1.5654075
1.5498773
1.5474118
1.6632589
1.5412925
1.5807678
1.5563732
1.5929787
1.5882379
1.6182218
1.562826
1.5892164
1.5352266
1.5385089
1.6277755
1.5387892
1.5312781
1.5471721
1.5774721
1.6315613
1.5341623
1.5486003
1.5768117
1.5338887
1.6420248
1.6763345
1.621292
1.5599042
1.558764
1.560899
1.5968875
1.5381879
1.5382078
1.5484372
1.6049622
1.5671965
1.582472
1.5405196
1.5638692
1.5420423
1.6127956
1.5669746
1.5610918
1.5306382
1.5243661
1.6137636
1.5740615
1.5308421
1.5369058
1.5901629
1.5513209
1.5692549
1.5279697
1.5491103
1.5552315
1.5295657
1.5222944
1.5307695
1.5653349
1.5656677
1.5819652
1.5389291
1.5655285
1.5273068
1.6190017
1.5295422
1.5940228
1.5473155
1.534075
1.5380795
1.5390979
1.5730753
1.5310158
1.5891162
1.5391812
1.5776132
1.5473773
1.6193495
1.533058
1.5668472
1.5680476
1.5607018
1.529471
1.5239598
1.5729179
1.7111666
1.5749907
1.5598751
1.5261987
1.5433079
1.6529157
1.6053799
1.5480827
1.5276712
1.5490502
1.5444237
1.585682
1.5470896
1.5983992
1.5607553
1.5720594
1.5885905
1.6703887
1.5496037
1.5526853
1.617268
1.5584695
1.6131226
1.6093832
1.5349625
1.5404673
1.5903089
1.556537
1.5285035
1.5667448
1.5386846
1.5557334
1.5898241
1.5767468
1.5456862
1.5248692
1.6002737
1.52429
1.5268285
1.6009662
1.7015299
1.5448388
1.5702451
1.546314
1.6369263
1.5773152
1.6395934
1.5921206
1.6383293
1.5796478
1.5988355
1.640163
1.6015515
1.5727364
1.6800237
1.804
1.6731827
1.6171643
1.6082455
1.6218878
1.572448
1.7671305
2.2749383
2.27447
1.937563
1.9889342
1.8078237
1.8247341
1.8971262
1.8657936
1.7012675
1.8803536
1.6746571
1.6940166
1.682061
1.6367297
1.6133052
1.6388272
1.6811451
1.5942479
1.6643375
1.6475763
1.7435403
1.6027458
1.6695081
1.5599395
1.6405468
1.6165085
1.6395463
1.583415
1.6802907
1.6054951
1.5620869
1.610619
1.600512
1.6863921
1.6177521
1.5912788
1.6124712
1.5400587
1.577737
1.5366615
1.578344
1.6078638
1.6184571
1.55221
1.5641488
1.5819217
1.636546
1.5648564
1.6063391
1.5771829
1.604605
1.5379802
1.5897521
1.6066643
1.5695474
1.564138
1.5742903
1.6528188
1.5616035
1.5617355
1.5759155
1.6593776
1.5598099
1.5568149
1.5446148
1.6011876
1.556128
1.5551655
1.5207603
1.5526955
1.5769037
1.6733595
1.5468475
1.619832
1.5521572
1.5221105
1.5439687
1.5728859
1.5680243
1.5561622
1.56148
1.6010085
1.5699354
1.5788585
1.5339851
1.5747192
1.5740461
1.5532961
1.7003007
1.5403655
1.5662053
1.5425587
1.6553208
1.5780692
1.5930792
1.5595045
1.5270019
1.5613999
1.5516493
1.5662991
1.547502
1.5248903
1.5712633
1.6070043
1.5718861
1.6016833
1.5621951
1.5538584
1.6144122
1.5531479
1.546797
1.5844612
1.5581836
1.7189924
1.541388
1.5525337
1.5462455
1.6710647
1.8286844
1.6346896
1.5726095
1.6808836
1.7312475
1.7216955
1.6173797
1.6355408
1.5357292
1.6479563
1.660028
1.5740697
1.6286747
1.5798506
1.6094612
1.6133533
1.5479974
1.5569428
1.617822
1.527132
1.5640879
1.5635091
1.5885924
1.6949692
1.5651968
1.5615772
1.5824455
1.6371626
1.671032
1.5721227
1.5670577
1.6286447
1.771035
1.7082888
1.587483
1.5793897
1.6211525
1.5889193
1.6506147
1.5981133
1.6037906
1.6392862
1.5700101
1.6591475
1.570466
1.5722345
1.5744069
1.5758977
1.54989
1.6270955
1.5597328
1.588014
1.5602189
1.5534889
1.5724396
1.626899
1.5727953
1.5547761
1.5522093
1.5576477
1.5500174
1.697749
1.6246097
1.5487611
1.581375
1.5984355
1.5767978
1.646396
1.5789182
1.554682
1.5449058
1.5770991
1.5922899
1.5667472
1.5715829
1.6370064
1.5594537
1.5510772
1.5943359
1.6197683
1.5797018
1.5365047
1.5794096
1.5246485
1.5924727
1.5659175
1.5689409
1.540635
1.556971
1.524582
1.5602872
1.5687903
1.5401304
1.6338142
1.5438805
1.5638665
1.5417943
1.5325385
1.5883873
1.598355
1.5806094
1.5707415
1.557897
1.6903328
1.5546945
1.5399863
1.5667089
1.6040508
1.5711867
1.5565773
1.5302292
1.5694135
1.562683
1.6030333
1.5700072
1.5911093
1.5614287
1.6273123
1.6185952
1.5345099
1.5725642
1.6040288
1.5576421
1.6393803
1.6988913
1.6145425
1.7874513
1.6470171
1.6592952
1.6106753
1.606818
1.5595433
1.5846777
1.5953448
1.620355
1.5412531
1.6499332
1.6196485
1.6063132
1.738446
1.712634
1.5833882
1.5655978
1.557179
1.5965765
1.5918376
1.6405785
1.58318
1.6286618
1.5971715
1.5433354
1.5372223
1.6179135
1.6063004
1.5647869
1.5331873
1.5701965
1.5990152
1.5718247
1.5270734
1.5664045
1.6110185
1.5766351
1.5440092
1.6083922
1.5712925
1.601963
1.576601
1.6037655
1.5623246
1.5471615
1.5621529
1.5805994
1.6755085
1.5294175
1.554911
1.5466805
1.5889949
1.6409881
1.5518825
1.5480268
1.559878
1.5754207
1.5313721
1.5357913
1.5268546
1.554351
1.5479482
1.543438
1.5653505
1.554265
1.5492973
1.5785228
1.6048125
1.6561327
1.6910245
1.6194756
1.5605928
1.6614531
1.5592648
1.631912
1.57557
1.650931
1.5657532
1.5508977
1.7883042
1.6359013
1.543918
1.532666
1.6150672
1.546618
1.580931
1.6146656
1.6567358
1.5548866
1.5805987
1.594437
1.6090405
1.6376562
1.5736676
1.5244085
1.5567572
1.5836893
1.5342703
1.6239622
1.5385127
1.5671067
1.5478303
1.518083
1.5609568
1.5449473
1.5753591
1.5381229
1.535993
1.5755305
1.5504278
1.5258408
1.5360233
1.568919
1.5704565
1.5591028
1.5441356
1.52451
1.5413663
1.5727732
1.5610223
1.5368608
1.5499737
1.5481793
1.5449971
1.5234151
1.5893587
1.52851
1.5466168
1.5253905
1.551857
1.5218565
1.5380073
1.520811
1.5206946
1.5204111
1.5989465
1.650828
1.5296288
1.532781
1.5578475
1.5325961
1.5465088
1.6428434
1.5424343
1.532396
1.6002818
1.6306616
1.5559813
1.6537936
1.5262207
1.6274983
1.6233472
1.6253769
1.5975622
1.5442607
1.5325463
1.5236603
1.5393035
1.591455
1.5701888
1.6769898
1.6415696
1.5197724
1.5747162
1.5956575
1.5643781
1.6830598
1.5677183
1.5611162
1.5256939
1.559324
1.538422
1.575693
1.588811
1.5389338
1.5311582
1.5511581
1.5315515
1.6202952
1.530566
1.5722687
1.6194011
1.5317503
1.5249654
1.5350869
1.5198785
1.524036
1.5363154
1.5588133
1.5618333
1.5164558
1.5325413
1.7778316
1.5911118
1.5476263
1.578326
1.5279951
1.5875492
1.6305915
1.6488287
1.566923
1.5628124
1.5780737
1.60884
1.5341095
1.579842
1.6021167
1.5943464
1.5286934
1.5572865
1.5408709
1.5240097
1.5207388
1.5532461
1.5939198
1.537207
1.5386543
1.5638515
1.5336014
1.5236129
1.526269
1.5396297
1.59259
1.6697086
1.5916677
1.5569178
1.5452701
1.548029
1.5616127
1.5594628
1.5840952
1.5422587
1.553876
1.5542115
1.599452
1.602503
1.6072513
1.593384
1.5643085
1.5540138
1.5566177
1.5420038
1.6078333
1.5525253
1.563405
1.547852
1.6115632
1.5258195
1.5232177
1.5507803
1.591619
1.5786512
1.5730315
1.580301
1.5349373
1.5348263
1.564378
1.520274
1.5371763
1.5609763
1.5477139
1.6277152
1.5851251
1.6267749
1.615323
1.5868855
1.5529397
1.5967908
1.5942224
1.5458173
1.5446033
1.6275023
1.5869168
1.6257637
1.6111405
1.6289049
1.613863
1.5736696
1.5229474
1.5611323
1.6086497
1.5896177
1.6363846
1.55569
1.5256646
1.5654274
1.6088575
1.5592072
1.5536902
1.5344013
1.5666085
1.5651935
1.5542063
1.5635017
1.5848287
1.6164773
1.5887543
1.5283047
1.5295817
1.5567898
1.603599
1.5501947
1.5533419
1.5546552
1.54659
1.6091405
1.5984635
1.5281032
1.5438725
1.6145364
1.5263612
1.5275325
1.5577587
1.5325688
1.5308027
1.569689
1.606806
1.5382987
1.5699534
1.5789788
1.5787963
1.6327821
1.5224942
1.5246611
1.5376245
1.6685115
1.531694
1.5976031
1.5224917
1.6253283
1.5744802
1.5517342
1.5442655
1.5541301
1.5899596
1.5649005
1.6408738
1.531033
1.5461133
1.5510213
1.6733378
1.5648707
1.5471942
1.561749
1.6305205
1.5614403
1.5813333
1.5321295
1.5375229
1.5824327
1.5925928
1.5673596
1.5586541
1.541687
1.5724295
1.5622509
1.5299373
1.6143483
1.5334138
1.6328526
1.545589
1.5282985
1.5509603
1.5494068
1.5685616
1.5943255
1.5242549
1.5519775
1.6143023
1.5482305
1.5588298
1.5946925
1.6002237
1.6382687
1.5615276
1.5530877
1.5423797
1.5835935
1.5442168
1.5303155
1.5296502
1.5606488
1.5413193
1.5674778
1.568395
1.5392922
1.5319041
1.5602256
1.6222829
1.548835
1.5861549
1.5706565
1.5605626
1.6707807
1.5678955
1.5561842
1.543187
1.5797375
1.5823035
1.5956564
1.5657355
1.5809737
1.5816926
1.5278445
1.5513202
1.5186185
1.5793443
1.5413823
1.574373
1.5570637
1.6345447
1.6109936
1.5504818
1.5647408
1.5293738
1.609166
1.5693991
1.6058574
1.5796744
1.664843
1.5317366
1.5489774
1.612106
1.587206
1.6076498
1.535309
1.5359659
1.5590441
1.5465055
1.5357147
1.5453503
1.5965087
1.5817282
1.611077
1.5579637
1.5420208
1.5403569
1.5669242
1.5515039
1.5651762
1.5251437
1.5892243
1.5567032
1.5881373
1.5255833
1.5294689
1.5345278
1.5886247
1.5785455
1.5385406
1.6020834
1.6370983
1.5199122
1.5553375
1.531389
1.5481132
1.6111557
1.5452062
1.6129298
1.556552
1.6288443
1.6714426
1.5569575
1.5626625
1.6527609
1.61503
1.5843377
1.5643728
1.5941547
1.5486851
1.5821362
1.5863638
1.5539702
1.599899
1.5471464
1.5375944
1.5649883
1.5501065
1.6049517
1.5564225
1.5702658
1.5292743
1.5996286
1.5414555
1.5338875
1.5738146
1.5332153
1.5668977
1.5435058
1.530918
1.5693805
1.5403485
1.578966
1.610632
1.5720932
1.5531846
1.6121254
1.5307579
1.5605687
1.5569167
1.6107985
1.5823412
1.5238575
1.6324184
1.6907723
1.618305
1.54417
1.5578743
1.5628473
1.7001898
1.5941215
1.5846205
1.542917
1.5892037
1.5404108
1.5682883
1.6177993
1.5648149
1.5823138
1.568485
1.6066514
1.5160322
1.5188247
1.543023
1.5881157
1.5562398
1.5612255
1.5604758
1.5630933
1.5516324
1.6215295
1.5946313
1.5511566
1.5900877
1.5269108
1.5645978
1.669936
1.5915803
1.6144494
1.5781493
1.5246009
1.5618672
1.6306114
1.692582
1.5948313
1.6108536
1.5437989
1.5705432
1.5993944
1.5904307
1.6043395
1.5425506
1.5919695
1.5741814
1.6468672
1.6468102
1.6211598
1.5621755
1.5494465
1.5843168
1.6357545
1.6401267
1.6359398
1.5348516
1.5629008
1.5796269
1.5367793
1.5528462
1.589908
1.6523134
1.6048676
1.5235225
1.5682155
1.5647823
1.5363357
1.5217582
1.5669973
1.5248675
1.5702269
1.5235437
1.5750668
1.5751874
1.5897925
1.5566584
1.5486109
1.5361347
1.522981
1.5311085
1.554237
1.5722578
1.548085
1.5391355
1.5772879
1.5910177
1.5531722
1.557928
1.540187
1.5759323
1.578243
1.5237608
1.6368895
1.7500395
1.7088664
1.5295774
1.6294254
1.6362765
1.5784384
1.5877395
1.6933923
1.5843906
1.6014135
1.5741285
1.5936852
1.7472674
1.673846
1.5692502
1.5410672
1.5582352
1.5563105
1.5675534
1.5957483
1.6571444
1.6119483
1.5437515
1.5786043
1.5712945
1.587952
1.6094557
1.6133629
1.6199198
1.6454008
1.6554704
1.596218
1.6883043
1.7386804
1.6404685
1.5722837
1.608375
1.6898752
1.6547071
1.5924557
1.5652504
1.662765
1.6989967
1.6733487
1.5854868
1.6214089
1.5561816
1.7696388
1.7936047
1.6806355
1.5769367
1.632203
1.557769
1.5780243
1.5734671
1.5512345
1.643737
1.6297106
1.5611672
1.5888553
1.5562783
1.5616635
1.6055273
1.5510666
1.5344105
1.5314112
1.5535318
1.5733073
1.569677
1.574345
1.5953814
1.5292997
1.5627102
1.5696608
1.5634015
1.5342863
1.6043602
1.6328981
1.6007905
1.548349
1.5817327
1.7099708
1.539125
1.5467064
1.5418078
1.5827653
1.577211
1.529844
1.5698085
1.567323
1.5392613
1.5783174
1.5368575
1.5512463
1.5246753
1.5540128
1.5608443
1.5294329
1.5319928
1.5560629
1.5639273
1.5439818
1.6093744
1.5369484
1.5794533
1.5820215
1.6751503
1.5489773
1.5776156
1.6073649
1.5740672
1.5263165
1.6483337
1.6086975
1.5548275
1.5389283
1.7073357
1.5915865
1.5686506
1.63125
1.5615702
1.5432773
1.5503435
1.6305808
1.6178269
1.5391678
1.5716212
1.5528921
1.652259
1.6117448
1.5856252
1.5824223
1.5525638
1.540717
1.5775039
1.5737933
1.6009337
1.5219606
1.5492257
1.5904177
1.5322323
1.6185282
1.6209995
1.5630995
1.5802734
1.5433397
1.5558269
1.578323
1.6340567
1.6025553
1.5702004
1.5817344
1.5733407
1.6457701
1.6093334
1.5883795
1.5669297
1.5717196
1.5368572
1.5263553
1.5229667
1.5215579
1.5414039
1.5482578
1.6539619
1.5583618
1.6197863
1.620106
1.543947
1.5530939
1.534391
1.5555681
1.5407774
1.5312486
1.6033465
1.5897453
1.5783601
1.5609742
1.6043367
1.5463691
1.5368884
1.597284
1.5757283
1.560536
1.5737445
1.5673492
1.6650152
1.6294677
1.5462855
1.558576
1.5607556
1.5934502
1.5614125
1.6002425
1.5669038
1.5613209
1.5502385
1.5311563
1.6320626
1.609616
1.5483987
1.5183145
1.5769883
1.6115043
1.5507418
1.5412148
1.5696574
1.6699847
1.5879527
1.6355532
1.543595
1.5660986
1.6282992
1.6843847
1.5752225
1.527749
1.5618556
1.5390148
1.6225561
1.6605595
1.5780582
1.5486982
1.5474426
1.5603
1.5580945
1.5406746
1.53708
1.5404627
1.5897125
1.5312501
1.526506
1.565021
1.5864534
1.5630999
1.6104883
1.5339838
1.543286
1.5368913
1.5406369
1.5544728
1.5708797
1.7100565
1.526799
1.5477846
1.5271881
1.5456635
1.5718563
1.572554
1.5555618
1.5631177
1.5990223
1.590351
1.5217665
1.6887238
1.6096658
1.6444579
1.5606046
1.5196526
1.5820948
1.6038842
1.5591812
1.560923
1.61804
1.5505803
1.5891322
1.6374103
1.607607
1.635327
1.5296881
1.5649381
1.6915262
1.6299237
1.55898
1.5645567
1.5502325
1.5193932
1.5200899
1.6009473
1.615757
1.5469117
1.57088
1.5765262
1.5854305
1.5580096
1.5501015
1.567655
1.5631448
1.570432
1.6570128
1.6444128
1.6029996
1.5651197
1.5372101
1.5322647
1.624229
1.6916269
1.5534945
1.6307712
1.5994582
1.5506247
1.6076561
1.5474807
1.5744615
1.5970984
1.5687633
1.5752548
1.5345714
1.6595737
1.6244857
1.54063
1.570625
1.6070015
1.6894168
1.6282837
1.6075952
1.6188962
1.6260533
1.5709075
1.5418208
1.532518
1.5744352
1.6706697
1.5277532
1.5714122
1.5206575
1.5416465
1.5918722
1.6296692
1.5806292
1.5188236
1.5746137
1.5320543
1.5530816
1.5299093
1.5950216
1.5793234
1.5587766
1.5506784
1.5420165
1.531465
1.5440803
1.5327867
1.600166
1.5451452
1.575835
1.5177255
1.5401152
1.5269755
1.5581659
1.5193895
1.5535889
1.5280389
1.5596993
1.5254937
1.6316298
1.5315418
1.5553015
1.5424845
1.5182668
1.5890387
1.5190663
1.5197903
1.6068931
1.5749365
1.5438969
1.5468435
1.578717
1.5432328
1.5269132
1.5642302
1.5726659
1.564359
1.5944862
1.5872825
1.5464655
1.5981213
1.5604079
1.5657585
1.6542337
1.5831982
1.5773523
1.548693
1.5966979
1.531809
1.5287478
1.6728289
1.6956054
1.7286832
1.579177
1.5817724
1.647706
1.5623435
1.5614785
1.6467695
1.5456017
1.572638
1.557447
1.7047896
1.5602705
1.5969472
1.5816838
1.522693
1.552199
1.5811565
1.5661125
1.5381638
1.5191121
1.5564868
1.536654
1.589334
1.5427705
1.5547208
1.5505717
1.5601215
1.6343597
1.5313717
1.5527956
1.5760372
1.5274973
1.5952975
1.5602087
1.5480338
1.6938692
1.5536832
1.6073462
1.599229
1.5305665
1.5710725
1.5185492
1.6096365
1.5264636
1.6621548
1.5719079
1.5207717
1.5646305
1.614354
1.5338397
1.5363895
1.562532
1.6051464
