27.284964
26.838121
27.025345
27.219986
27.317955
26.948082
27.2307
26.95055
26.953989
26.86505
26.808104
27.144693
26.485096
26.411455
26.627157
26.2031
26.864048
26.996826
26.70844
26.611456
26.470196
26.362507
26.464413
26.268324
26.34088
26.159248
25.874516
26.102745
25.708815
26.085613
26.342007
26.236053
25.82992
26.485523
25.305183
25.7577
25.577969
26.245184
26.037634
25.373886
25.653416
25.47568
25.178032
25.409428
25.953743
25.707388
25.098492
25.795652
26.294216
25.605616
25.041323
25.872091
25.613056
25.78832
25.046242
25.268164
25.434137
25.33843
25.316097
24.856934
24.547695
24.927172
24.708563
24.814692
24.82906
24.59201
25.7187
25.76068
25.190598
24.847227
25.081291
25.570288
24.59041
25.837732
25.908224
25.332108
25.158913
25.729471
24.808268
24.808615
25.66766
24.649881
25.40556
25.257805
25.187054
24.884106
25.035479
25.136318
25.800592
25.476349
24.938856
25.475487
25.291481
25.561462
25.63446
25.760735
25.640108
25.397623
26.148403
25.764704
25.263268
25.297392
25.399551
25.655548
25.482822
25.340096
24.728798
25.586304
25.735497
25.231253
25.443323
24.750824
25.274742
25.951511
24.929873
25.333153
25.195389
24.58488
25.240896
26.402824
25.240875
25.664127
25.434317
24.824945
25.132988
25.417131
25.755903
25.373276
25.864077
24.88686
25.757559
25.496117
24.806368
24.446268
24.924204
25.081121
25.763908
25.180504
25.307816
25.342598
25.893644
25.557156
25.404224
25.90116
25.210531
24.998367
24.975662
25.419155
24.8474
25.449846
25.305119
24.807287
25.04274
25.567495
25.157156
25.338276
25.181278
25.240639
25.298492
24.88656
25.600294
25.099266
25.550505
25.15118
25.550793
25.836424
24.532104
25.473063
25.688343
25.263208
25.15488
24.928246
24.980131
24.856506
25.221289
25.408712
24.992796
25.216602
25.186476
25.37554
25.339207
25.251251
24.594
24.40868
24.58372
24.776655
25.25005
24.921724
25.12495
25.206701
24.669945
24.88702
25.64343
24.920567
24.790064
24.799366
25.303043
24.792814
25.033625
25.48846
25.20832
24.51498
25.05082
23.72128
24.971691
25.066795
25.067268
24.433184
25.007458
25.068708
24.625154
24.756292
25.235563
25.160147
24.368835
24.682556
25.022583
25.36959
24.828196
25.033548
24.611544
24.842352
25.239504
24.38911
24.83558
25.78254
24.680912
25.082972
23.766426
24.729843
25.306978
23.960796
24.824892
23.388762
24.331871
24.351799
23.818924
23.944796
24.206648
23.482279
23.421473
23.73432
23.060352
23.109053
22.413326
21.924076
21.71602
21.6402
20.481895
19.2998
16.973913
17.148857
18.068605
17.825766
17.513094
17.753813
19.040249
19.204557
19.976515
19.626432
19.95112
19.407043
19.916368
19.65039
18.93322
17.645891
18.19924
17.283655
16.830294
16.7849
17.117731
17.39914
17.058052
17.73974
17.120823
17.27478
16.49351
16.801403
16.504564
17.11656
16.6652
17.198618
16.26644
16.611334
16.930733
16.740274
16.164867
15.645639
15.835739
15.725821
16.136885
16.354733
16.217564
16.273893
15.628734
16.430567
14.816038
16.254251
16.51119
16.415327
16.963453
16.635847
15.963595
16.114328
15.639518
16.185534
16.03628
15.775173
15.496272
15.222373
16.009926
16.084599
16.026415
15.245352
16.136604
15.345964
16.229656
16.107883
15.975181
16.622452
16.18227
15.409155
15.907018
15.503376
16.020082
16.253548
16.044258
15.38709
15.441193
16.274837
15.75307
15.83451
15.506911
15.528668
15.725076
15.157755
15.451907
15.74243
15.390585
15.685592
15.165404
15.677918
15.210166
15.254086
15.192692
16.538078
15.48585
15.76426
16.039484
15.699354
15.768528
15.483876
15.64613
15.665959
15.747323
15.234434
14.83841
15.245484
15.488086
15.32687
15.623876
15.58097
15.864784
15.485794
15.75589
15.3902645
15.687159
15.542516
15.688594
15.594722
15.498807
15.725969
15.110786
14.895934
15.411502
15.052281
16.350044
15.494497
15.627596
15.362789
15.752088
15.402656
16.128567
15.192255
14.565192
15.239343
15.290337
15.326785
14.955221
14.82409
15.176692
15.608903
15.668
15.392094
15.389254
15.941388
15.465848
15.630702
15.500702
16.472357
15.623632
15.279826
15.403555
15.429484
14.921334
14.804937
16.079906
15.107283
14.677882
15.452152
15.211704
14.879414
15.540153
15.430761
15.641696
15.111184
15.054868
15.065814
15.422451
15.16909
15.010888
14.417962
14.979448
15.293746
15.130226
14.957483
15.2207
15.217192
14.718793
14.84793
14.863324
15.116358
15.005508
15.150124
15.575945
15.155485
14.846892
15.171401
15.096867
15.247347
15.703348
15.62279
14.640344
14.744956
15.1841545
14.603345
14.950114
15.58521
14.957775
15.160656
15.560114
15.200657
15.022041
14.645542
14.766453
14.901072
14.911177
14.9865675
15.117566
15.557648
15.462698
15.223981
15.357918
15.494736
14.390719
15.008466
14.921436
15.438504
15.368085
14.68655
14.92571
14.786915
15.096302
15.259307
14.835136
15.110085
14.31878
14.927867
15.173238
15.13458
14.37889
14.644149
15.187872
15.030117
14.562764
14.476669
15.324641
14.3423395
15.281884
14.9209
14.306362
14.9227
15.140448
15.1763
14.676512
15.267428
14.746438
14.664946
14.440333
14.8478775
14.721456
14.865032
14.619552
14.8372135
14.509083
14.554366
14.578028
14.520876
13.967067
14.947019
14.3572445
14.382478
14.536668
14.656257
14.672662
14.917287
14.657866
14.382142
14.546658
14.723697
14.331552
14.506232
15.125841
14.423888
14.552571
14.563037
14.901736
14.369808
14.78613
14.550728
14.596658
15.114734
14.572058
15.069672
14.259534
14.215686
15.027762
14.379432
14.183666
14.180018
14.577602
14.279848
14.245089
14.380856
13.921485
14.927379
13.929399
14.758747
14.561219
13.91349
14.732687
14.318665
14.829356
14.785247
14.515524
14.016402
14.341524
14.461942
13.99285
14.096636
14.408116
14.53461
14.862938
14.107211
14.528948
14.502363
13.984116
14.07794
14.249308
15.042054
14.423144
13.945933
14.368025
14.698422
14.680802
14.29928
14.213242
14.580044
14.212393
14.446956
14.310568
14.050749
14.137436
14.373754
14.647228
13.947817
14.169768
14.749374
14.272104
14.415666
14.072919
14.127274
14.088959
14.083986
14.2137985
14.134938
14.39709
14.314699
14.027634
14.561658
14.287229
14.707902
13.743701
13.745666
14.268252
14.362568
14.31676
14.26527
14.287156
13.850447
14.267055
13.82795
13.627951
14.382012
13.967747
14.449838
13.952087
14.511185
14.469807
14.200625
14.129996
14.496047
14.431292
13.932148
14.106702
14.201251
14.228364
14.287909
13.836464
14.373741
13.68284
14.217476
13.973232
13.674735
13.507926
14.248738
14.692336
13.93377
13.685638
13.800752
14.130906
14.268552
13.900998
14.436436
13.833866
14.268986
14.269698
14.720074
14.359823
14.334885
13.622955
13.460674
13.748304
13.884838
14.212476
13.6063175
14.069129
14.00619
14.202159
14.266495
14.658932
14.114152
14.549441
14.44913
13.92769
14.182304
13.755793
13.726514
13.656104
13.599074
13.953448
14.021734
13.9534855
14.082993
14.149556
14.166691
14.192025
13.99918
13.733019
14.149056
13.687968
13.876541
13.923687
13.496703
14.303435
14.182698
13.544792
13.876889
13.544666
13.637442
13.849244
13.885058
13.607238
14.745975
13.885137
13.664534
13.845097
13.857822
14.245943
14.004154
13.668882
14.214885
13.807502
14.005323
14.19151
14.205415
14.002416
13.937038
14.471262
13.712689
13.563946
13.78951
13.552607
14.031052
13.848669
14.26733
13.54334
14.10593
13.738609
14.11388
13.704145
14.02961
13.49604
13.229272
13.828062
13.8771515
13.993006
13.834056
14.216391
13.375294
13.830573
14.445063
13.616178
13.702598
13.981406
13.524844
13.902091
14.284638
14.076004
14.0187
14.12039
14.393558
13.741546
13.878759
14.128044
14.224018
13.690246
13.923476
13.539491
13.597505
13.51524
13.625582
13.65986
13.811735
13.884828
14.161402
14.144772
14.50901
14.003834
13.525255
14.5339365
14.074469
13.494137
13.605857
14.188067
13.542478
14.235058
13.870492
13.333979
14.29317
13.917342
12.764025
13.890884
13.950001
14.181516
13.64391
13.757727
13.52137
13.505539
13.263902
13.80777
13.66354
14.023286
13.8132515
13.414236
13.945596
13.872676
13.823372
13.862514
13.074317
13.6852
13.883527
13.501107
13.772596
13.560511
13.304822
13.6932125
14.222222
14.5021715
14.051272
13.292469
13.70236
13.600097
14.105571
13.9595995
13.366608
12.86418
13.562739
13.631105
13.109914
13.408521
13.8029995
13.74244
13.908343
13.745613
14.062719
13.94417
13.199733
13.812684
13.893554
14.108059
13.908798
13.977176
13.418978
13.239318
13.691676
14.218103
13.770436
13.492778
14.079298
13.812276
13.849967
13.380687
13.693356
13.77037
13.6790695
13.780456
13.448974
13.610758
13.63095
13.874956
14.497388
14.157464
13.834822
13.695592
13.868421
13.97719
13.512947
13.747266
13.576432
13.2387905
13.36348
13.566629
14.10094
13.719741
13.303242
13.840898
13.673969
13.961007
13.22493
13.433546
13.442457
13.316282
14.13585
14.095856
13.91632
13.81467
13.370427
13.432656
14.057316
13.5942745
14.058328
13.9084835
14.218929
13.637644
14.105692
13.728728
13.229718
13.664541
13.600434
13.413028
14.144992
12.953295
13.696167
13.8772
14.373099
13.562665
14.223242
13.408167
13.56369
12.889585
13.550714
12.993043
13.694412
13.369778
13.851023
14.309187
14.533837
13.36729
13.481637
13.329404
13.473968
13.267475
13.490934
13.372344
13.771888
13.63877
13.274033
13.73463
13.376801
13.786795
13.913752
13.537723
13.965326
13.767536
13.215225
13.69729
13.547428
13.552007
13.536484
13.71117
13.865757
13.397085
13.175946
13.971742
13.343975
13.390604
13.672062
13.810015
13.691042
13.571724
14.433444
13.796894
13.716935
14.094516
13.75429
13.189879
13.247385
13.193646
13.533119
13.950604
13.788142
14.446062
13.1423645
13.478882
13.581586
13.685963
14.354804
13.200482
13.306798
13.516402
13.874738
13.593483
13.435673
13.6594305
13.926256
14.017982
13.698611
13.3816185
13.808686
13.609126
13.350208
14.184784
13.795421
13.46704
14.11986
13.190317
13.622615
13.237843
13.736996
13.91848
14.0820875
13.439743
13.626318
13.505189
13.969289
13.928404
13.723483
13.628684
13.358392
13.357262
13.735793
13.045862
13.606188
13.442211
13.56768
13.818175
13.818952
12.98282
14.09664
13.411266
13.6177635
13.868244
13.717548
13.725534
13.5537195
13.431062
13.425609
14.154198
13.61729
13.651634
13.665146
14.111068
13.172376
13.568824
13.253205
13.8299055
13.3926735
13.72633
13.537278
13.586441
13.616996
13.825266
13.948085
13.798921
13.55737
13.185667
13.750622
13.531071
14.066674
13.90925
13.246314
13.246256
13.577487
13.8571825
13.702582
13.155205
13.098764
13.560489
13.061847
13.49268
13.140313
13.519942
13.531491
14.008632
13.220038
13.598001
13.763068
13.656703
13.316542
13.558648
13.417882
13.915238
13.77042
13.765532
13.591823
13.888994
14.064732
13.30891
13.33715
13.74465
13.519116
13.745158
13.678691
13.29666
13.412245
13.591832
13.744806
13.521044
13.563535
13.353162
13.707547
13.708944
14.053672
13.257937
13.225459
13.6941
13.359313
13.380698
13.531438
13.57181
13.515566
13.870514
13.198324
13.732582
13.339868
13.742401
13.725284
14.187804
13.537968
13.804117
13.73073
13.612916
13.34471
13.328785
13.623344
13.63984
13.319396
14.098787
14.081629
13.641493
13.4344635
13.608493
13.518797
13.766814
13.847165
13.296138
13.515576
13.120389
13.371716
13.665162
13.759882
13.720402
13.271306
13.884768
14.101144
13.433845
13.948108
13.263708
13.361636
13.534982
13.700177
13.994228
13.706176
13.943414
13.655162
13.808946
13.613716
13.671075
13.860832
13.718924
13.473676
13.571146
13.630862
13.293081
13.4999075
13.688068
12.989794
13.516523
13.345846
13.298064
13.495903
13.3791895
13.015337
13.650037
13.887521
13.846773
13.170185
13.090422
13.329483
13.463
13.769672
13.586345
13.430304
14.17044
13.966466
13.284522
13.739629
13.579009
13.493856
13.792226
13.440989
13.82171
13.374872
13.4677
13.853048
13.300833
13.283732
13.433634
13.601562
13.727908
13.371284
13.4057865
13.3367
13.39829
13.41772
13.249715
13.468432
12.911598
13.32187
13.070374
13.415093
13.0301895
13.929014
13.100852
13.257035
13.445196
13.331932
13.513744
13.349873
13.082832
13.838156
13.446074
13.53786
13.449638
12.890172
13.513069
13.367283
13.178774
13.332531
12.9119215
13.231364
13.30739
13.566856
13.4892
13.6401
13.6037855
13.363402
13.300251
13.343
13.810064
13.083102
13.299626
13.435536
13.706614
13.41616
13.5193615
13.527198
13.539852
13.41335
13.586837
13.589094
13.406154
13.6608715
13.70128
13.348164
13.374327
13.579258
13.40074
13.293834
13.288665
13.37
13.550368
13.742792
13.694436
13.395922
13.139832
13.460441
13.115654
14.073256
13.305098
14.178233
13.298036
13.43767
13.388546
13.646632
13.670296
13.70582
13.367668
13.927236
13.512766
13.17471
13.494704
13.838932
13.259822
14.102826
13.161846
13.723942
13.250936
13.227732
13.136162
13.356497
14.218553
13.862792
13.514146
13.304612
13.417934
13.319708
13.16592
13.529001
13.215103
13.916774
13.294
13.048247
14.105606
13.6826315
13.374193
13.890372
13.761034
13.527181
13.050086
13.58546
13.465748
13.95259
13.845858
13.357383
13.664075
13.155972
13.44104
13.280752
13.654996
13.434066
13.730538
13.143374
13.811694
14.155689
13.605556
13.187592
13.377608
13.355922
13.462013
13.545063
12.918532
13.379912
13.582108
12.708088
13.362444
13.131378
13.013609
13.451157
13.583201
12.998432
13.278454
13.410758
13.225048
13.134598
12.870448
13.15855
12.852072
13.251123
13.249831
13.814924
13.3372755
13.271824
13.189513
13.541882
13.597314
13.291079
13.247186
13.544372
13.046532
13.930248
13.717591
12.951396
13.217715
13.655701
13.552145
13.679639
13.2958765
13.314906
13.695511
13.361421
13.46911
13.283754
13.435094
13.915583
13.569941
13.691874
13.208686
13.534498
13.181814
13.577704
13.76813
13.350158
13.562061
13.179236
13.156312
13.29484
13.44271
13.723946
13.18767
13.455302
13.51628
13.678858
13.607892
13.783578
13.342632
13.332536
13.569546
13.053084
13.361833
13.049174
13.399975
13.096096
13.574516
13.471373
13.735961
13.117366
13.619822
13.413328
13.501435
13.460604
13.342943
13.427562
13.487298
13.53481
13.712957
13.092828
13.480144
13.59758
13.346776
13.955452
13.2853365
13.567939
13.300994
13.692466
13.808611
13.577094
13.587524
13.484013
13.12355
13.566823
13.769401
13.35027
13.562193
13.324385
13.569371
13.080156
13.286451
13.288859
13.30537
13.1149025
13.190394
12.722399
12.726574
13.407958
13.514807
13.682415
13.695658
13.322714
13.23043
13.516972
13.038433
13.393012
13.759656
13.416158
13.44181
13.770922
13.778114
13.56053
13.907173
13.562636
13.451858
13.005207
13.13055
13.456596
12.953764
13.165794
13.791788
13.582782
13.460701
13.620964
14.11423
13.382152
13.403104
13.165262
13.318146
13.69086
13.338125
13.469693
13.015047
13.526255
14.096215
13.446727
13.126859
13.258736
13.508976
12.58191
13.200949
13.509187
13.509101
12.99943
13.449626
13.359619
13.683758
12.91773
13.7383995
13.403572
13.783233
13.751257
13.387662
13.090646
13.832224
13.490365
13.098505
13.718424
14.215608
13.572088
13.384884
13.9632635
13.207204
13.387512
13.597279
13.524586
13.740096
13.639027
13.456618
13.653609
13.948476
13.340603
13.592363
14.024942
13.4348545
13.456489
13.576059
13.7626
13.649244
13.135838
13.365648
13.752822
13.195802
13.919629
13.808912
13.518185
13.915717
13.140556
13.50963
13.520566
13.411176
13.316757
13.2511215
13.3165
13.817506
13.680512
13.126195
13.504262
13.20792
13.509074
13.527218
13.016133
13.513088
13.848234
13.352022
13.212413
14.151009
13.440032
13.92094
13.354276
13.385787
13.265881
13.8538065
13.63315
13.175092
13.904292
13.536098
13.09673
13.822032
13.12375
13.905412
13.457972
13.628368
14.083012
13.60209
13.436662
13.641818
13.725284
13.364905
13.764595
13.448313
13.147772
12.687594
13.249998
13.141016
13.266976
13.604246
12.980815
13.751388
13.877149
13.292381
13.224396
13.435526
13.504612
13.49658
13.452141
13.680546
13.494899
13.419886
13.537652
13.343572
13.929448
13.958321
13.238466
13.618207
13.637906
13.968977
14.011105
12.95018
13.369532
13.540232
13.459366
13.279324
13.383802
13.81913
13.560722
13.395552
13.482876
13.406147
12.726866
14.019895
13.704437
13.55682
12.806927
13.77297
13.344862
13.348672
13.62559
13.85337
13.78995
13.323326
13.335034
13.48727
13.624174
13.542839
13.555169
13.419636
13.46642
12.8020315
12.768232
13.64666
13.470612
13.608374
13.1605
13.348797
13.643466
13.465284
13.46776
13.394888
13.253842
13.575617
13.7222395
13.3918705
13.568032
13.052248
13.813288
13.751085
13.571627
13.553088
13.122962
13.878066
14.076444
13.476614
13.048188
13.0855255
13.853844
13.608406
13.290348
13.028126
13.732513
13.084675
13.49343
13.460964
13.135332
14.022302
13.200982
13.482626
13.49799
13.196854
13.593786
13.561518
13.692021
13.245853
13.175522
13.124302
13.607885
13.37033
13.4825735
13.394352
13.470928
13.398486
13.065192
14.025406
13.498994
13.795489
13.113974
13.648467
13.66739
13.27644
13.61116
13.138722
13.289417
13.311267
13.99751
13.656396
13.0501995
13.137244
13.432078
13.046318
13.666324
13.870234
13.297349
13.334625
13.238064
13.767796
14.24492
14.683854
15.454997
15.514946
15.688208
14.95736
14.11287
13.641205
13.482058
14.098682
14.101436
14.06589
13.5466
13.558018
13.577615
13.88019
13.565322
13.363554
13.5138
13.837474
13.92851
14.247926
14.363979
14.24926
13.983898
13.087514
13.69041
13.589503
13.37592
13.564924
13.634484
13.795443
13.412164
12.932334
13.65485
13.582462
13.6711
13.046281
13.48145
14.339666
13.92136
13.197242
13.544104
13.389883
13.124194
13.183874
13.564374
13.26033
13.651557
13.22951
13.587384
13.621182
13.68211
13.717963
13.401356
13.426239
13.787542
13.026714
13.629821
13.265202
13.54139
13.200043
13.272593
13.431598
13.23989
13.009092
13.108966
13.947673
13.93455
13.556234
13.609244
13.778426
13.9640255
13.630934
13.15318
13.716191
13.495288
13.194228
13.3951435
13.81946
13.511316
13.791668
13.455492
13.338362
13.354546
13.351906
13.495284
13.45403
13.70839
13.951346
13.438942
13.290878
13.27522
13.56235
13.4787
13.641466
13.731976
13.325502
14.565017
13.790906
13.780129
13.25131
13.208794
13.596371
13.492209
13.845976
13.034249
13.638773
13.74603
13.24886
13.482199
13.09786
13.7876
14.194202
13.279256
13.802396
14.243576
13.514676
13.437274
13.5941515
13.761515
14.065182
13.554488
13.340656
13.6083555
13.62101
12.949376
13.9337
13.577452
13.474586
13.471877
13.148145
13.231098
13.37659
13.543998
13.395851
13.409239
13.50722
13.518326
13.54729
13.599572
13.179776
13.51837
13.425866
13.424539
13.812188
13.444059
13.222497
13.101154
13.361532
13.233208
13.31689
13.248762
13.844916
13.067208
13.803306
13.536622
13.323938
13.025998
12.845158
12.734476
13.474085
13.84749
13.451934
13.748878
13.635148
13.203528
13.440274
13.954239
13.866308
13.729996
13.589134
13.178388
13.406939
13.154381
13.216566
13.318881
13.497998
13.449046
13.935314
13.3326
13.486551
13.725726
13.731124
13.771991
13.16569
13.25146
12.861335
13.608666
13.374758
13.910458
13.330096
13.769903
13.822236
13.20281
13.4941
13.294334
13.185976
13.710988
13.280863
13.279199
13.129498
13.263906
13.0680275
13.366201
13.509552
13.280002
13.494464
13.172358
13.207012
13.515168
13.560804
13.083505
13.664878
13.344987
13.786422
13.479686
13.7321415
13.74154
13.840466
14.095116
13.53794
13.518412
13.682304
13.638136
13.4020815
13.800648
12.973644
13.58385
13.163416
13.69792
13.789828
13.2291355
13.557804
13.376608
13.407796
13.499734
12.950115
13.197707
13.558101
13.798889
13.756878
13.560533
13.057172
13.987122
13.090792
13.494104
13.225586
13.29735
13.292527
13.595842
13.978712
13.450976
14.073709
14.089506
13.798058
13.015352
13.539614
13.086506
13.554109
13.814954
13.505211
13.217535
13.84148
13.058741
13.4694
13.251871
13.430816
13.3086
13.103378
13.416848
13.603792
13.202446
13.464125
13.426026
13.586058
13.515073
13.80185
13.646618
13.044512
13.2989645
13.408172
13.615157
14.041116
13.608546
14.164016
13.93948
13.847976
14.200773
13.354178
13.358514
13.5913515
13.36599
13.298079
13.364964
13.716231
13.526312
13.329938
13.469212
14.16082
13.695751
13.628968
13.44488
13.377716
13.800322
13.616346
13.6312
13.861198
13.771904
13.65788
13.089228
13.875436
13.331058
13.13571
13.604197
14.3545
13.576194
13.927563
13.2418
13.175321
13.711356
13.326692
13.347557
13.356532
13.553973
13.3626
13.90669
13.559644
13.433825
13.721112
14.016525
13.669198
13.830237
13.909209
13.559042
13.477196
13.287126
13.195332
13.925216
13.717878
13.471357
14.329767
13.6031885
13.01744
13.318905
13.506262
13.364905
13.973312
13.255752
12.812424
13.518352
13.388122
13.8351755
13.898711
14.031891
13.407669
13.56662
13.846032
13.554456
13.503906
13.181472
13.872648
13.329491
13.56513
13.411668
12.837583
13.327084
13.33102
13.228878
13.845592
13.867719
13.715637
13.504917
13.799313
13.518372
13.724312
13.927323
13.681592
13.623928
13.062064
13.200986
13.130212
13.255297
12.988117
13.480212
13.7824955
13.323278
13.20829
13.442322
13.700904
13.452781
13.20004
13.355854
13.54612
12.842566
13.18748
12.810944
13.093024
13.111554
13.551854
14.0061
13.09814
14.049976
13.502711
13.815526
13.485447
13.091164
13.59381
13.603665
13.680156
12.905689
14.073424
13.519297
13.525446
13.330363
13.560223
13.694257
13.565654
13.652877
13.4169235
14.010116
13.497768
13.760092
13.570123
12.77396
13.424614
13.198198
13.747533
13.685791
13.594965
13.584368
13.710746
13.343912
13.448591
13.69143
13.121658
13.295826
13.7347765
13.077325
13.056641
13.620258
13.968168
13.307271
13.51057
13.166786
13.771888
13.694288
13.038798
13.731947
13.283718
13.491314
13.879296
13.674044
13.724748
13.396776
13.780363
13.249324
13.038089
13.357828
12.789074
13.36564
13.097268
13.360843
13.593572
13.454016
14.025708
13.0983095
13.299035
13.92077
12.972628
13.235798
13.821912
13.511739
13.005706
13.301986
13.607654
13.020348
13.572828
13.1375675
13.327009
13.255584
13.45349
13.32948
13.638294
13.495809
13.900761
13.973444
12.880254
13.578189
13.556327
13.331627
13.511194
13.39339
13.341205
13.177191
13.4915905
13.468856
13.88666
13.312476
13.84494
13.8495245
13.619
13.420324
13.600819
13.444691
13.584525
13.498074
12.937723
14.089722
13.379694
13.872652
13.900614
14.094146
13.422928
13.656008
13.856328
13.310556
13.574424
13.639758
13.547758
14.17156
13.620867
13.681606
14.159336
13.542655
13.993772
13.851756
13.87029
13.461244
13.066204
13.4896555
13.359642
13.403262
13.561042
13.291401
13.383963
14.190604
13.570742
13.40249
13.479433
13.513061
13.52572
13.579152
13.186753
13.345137
13.616687
13.37589
14.088414
13.709765
13.27391
13.31939
13.351787
13.40605
13.578303
13.14506
13.34032
13.133191
13.4092245
13.20607
13.034675
13.891807
13.437813
13.566794
13.81942
13.192818
13.719246
13.6923
13.999616
13.55997
13.692792
13.242364
13.327998
13.030142
13.572244
13.661408
13.626675
13.386654
13.876582
13.51911
13.341574
13.536668
13.297927
13.174786
13.279823
13.200979
13.576692
12.902278
13.590122
12.960549
13.37199
13.550939
13.554266
13.217522
13.609275
13.406561
13.691844
13.298851
13.507299
13.893945
13.614728
13.729268
13.318799
13.515318
13.735364
13.82426
13.084016
13.300387
13.1337
13.736204
13.486236
13.310952
13.409449
13.813911
14.010028
13.894118
14.006803
13.32789
13.670812
13.970276
13.239082
13.735601
13.6817875
13.812113
13.353388
13.9160795
13.06374
13.52744
13.82732
13.781602
13.971778
13.529849
13.56855
13.408958
13.731576
13.500654
13.540215
13.834691
13.722828
14.177976
13.789045
13.442571
13.140684
13.994043
13.6299
13.408944
13.31891
13.524699
12.845283
13.745282
13.034112
13.433026
13.869016
13.384618
13.388975
12.835756
13.074355
13.49282
12.603324
13.77931
13.113643
13.785176
12.974337
13.4171505
13.811162
13.711775
13.855626
13.6452875
13.566692
13.282584
13.656107
13.457822
13.60104
13.399788
13.43674
13.316174
13.270164
13.2761
13.428724
13.632674
13.341501
13.157936
13.296336
14.0496
13.269029
13.812454
13.495814
13.351556
13.375241
13.732522
13.720779
13.770415
13.215586
13.149068
13.467048
12.90738
13.495774
13.183984
13.298387
13.00054
13.252933
13.510845
13.35039
13.652482
13.141278
13.499256
13.645037
13.65291
13.359569
13.281644
13.46431
13.381918
13.484734
13.459666
13.981992
13.411471
13.196641
13.420298
13.294558
13.62185
13.380148
13.856617
13.318405
13.688182
13.4018755
13.783768
13.558722
13.377492
13.289698
13.432203
13.376307
13.238384
13.715534
13.259274
13.785957
13.174446
14.114537
13.409027
13.561186
13.714323
13.405566
13.066373
13.13661
13.435195
13.266474
13.0714855
13.91365
13.128434
13.706987
13.243642
13.691693
12.766318
13.502393
13.703278
13.793644
13.667302
13.53895
13.544046
13.407511
13.5731
13.181796
12.584734
13.45108
13.241566
13.842596
13.577207
13.184984
13.842564
13.715458
13.536456
13.558176
13.609688
13.272354
12.888636
13.682244
13.366495
13.991233
13.656985
13.189186
13.044113
13.493625
13.356374
13.621475
13.323777
13.382714
13.558658
13.29123
13.119327
13.248632
13.384577
13.294546
14.000029
13.45889
13.33356
13.625324
13.456654
13.163282
13.367985
13.459531
13.0389595
13.203882
13.4845295
13.611652
13.001535
13.13186
13.362219
14.070334
13.763351
13.199199
13.264514
13.442692
13.815996
13.585502
13.5025835
13.534754
13.448036
13.748854
14.069228
13.590106
13.52266
13.141827
13.938742
13.5242195
13.922472
13.5748205
14.031098
13.466055
12.888653
13.390602
13.438619
13.191671
13.66062
13.331511
13.59895
13.432746
13.066076
13.692619
13.59193
13.095102
13.336349
13.457179
13.235213
13.761521
13.389671
13.5796
12.855367
13.380614
14.236075
13.683482
13.714044
13.563442
13.778011
13.182773
13.549978
13.343347
13.801999
13.528434
13.790351
13.552096
13.432134
13.431152
13.437444
13.859514
13.355256
13.50546
13.35023
13.638327
13.437312
13.475021
13.479005
13.474095
12.982044
13.16153
13.87111
13.434137
13.678661
13.272026
13.360446
13.770026
13.851002
13.347261
13.408034
13.19975
13.200244
13.73899
13.67772
13.246882
13.342596
13.452992
13.504248
13.233346
13.563998
13.900859
13.233658
13.003642
13.158544
13.58758
13.42152
13.922954
13.53408
13.433934
14.078037
13.305037
13.627064
13.157726
13.584454
13.219735
13.149733
13.2354555
13.325429
13.557972
13.051454
13.678034
13.858626
13.892296
13.522478
13.641424
13.809364
13.749531
12.768204
13.809418
13.341723
14.082127
13.860716
13.534025
13.828084
13.82411
13.91658
13.000108
13.510908
13.517414
13.57122
13.211597
13.486993
13.742117
13.325587
12.90314
13.297268
13.321261
13.033838
12.8576145
14.684682
14.030433
13.855546
13.524332
13.7588
14.238076
13.296582
14.006936
13.9681835
13.438899
13.448086
13.746684
13.282904
13.477277
13.421046
13.3195
13.75985
13.116322
14.016336
13.476352
13.354949
13.363946
13.550996
13.015396
13.241928
12.845774
13.581383
13.0463295
13.724763
13.6987
13.581107
13.384006
13.350612
13.191794
13.19153
12.974689
13.35406
13.1298275
13.391262
13.424145
13.25285
13.653722
13.821812
13.547161
13.21722
13.609271
13.322469
13.664018
13.152692
13.21532
13.691232
13.061938
13.504064
13.266568
13.08767
13.584584
13.42312
13.7242
13.55602
13.850296
13.203832
13.304756
13.3935995
13.283322
13.314869
13.378206
12.99406
13.942645
13.538792
13.578008
13.247203
13.334239
13.477918
13.279352
13.607479
13.383308
13.406562
13.312537
13.185475
13.51262
13.558704
13.407472
13.704077
13.594269
14.084243
13.520296
13.345293
13.517826
13.852293
13.580716
13.346814
13.46412
13.205024
13.639254
13.521061
13.874072
14.38615
13.776194
12.917529
13.392268
12.874722
13.759038
13.895739
13.683882
12.968288
13.56623
13.631806
13.700389
13.709424
13.51206
13.457529
13.677123
13.315749
13.554596
13.495382
13.462844
13.35187
13.253673
13.637654
13.199404
13.721205
13.344046
13.586462
13.297428
14.107826
13.806485
13.309538
13.574995
13.50858
13.660132
12.811786
13.56266
13.583038
13.533986
13.411468
13.311386
13.19208
13.452153
13.088942
13.754996
13.546046
13.721086
13.498226
13.973185
13.538106
13.435636
13.134189
13.477478
13.291742
13.328036
13.729153
13.127845
13.842948
13.261485
13.448967
13.635606
13.508952
13.734455
13.187542
13.335072
13.493339
13.659834
13.58483
14.074665
13.889786
14.050518
13.960866
13.5044775
13.277287
13.213656
13.550116
13.99009
13.527804
13.825244
14.132378
13.636801
13.918222
13.395383
13.524808
13.852255
13.580142
13.362564
13.359872
13.950593
13.150078
13.145882
13.660191
13.4012985
13.365476
13.419872
13.221688
13.514564
13.215298
13.449823
13.412796
13.79215
13.355725
13.656903
13.531143
13.55624
13.605829
13.48969
13.266782
13.655782
12.997657
13.287522
12.953168
13.090806
13.829801
13.311592
13.304152
12.971752
13.06684
13.184459
13.010943
13.912092
13.340385
13.598567
13.040715
13.463239
13.554614
13.327084
13.77596
13.495836
13.0323715
14.054454
13.577545
13.768167
13.905263
13.702435
13.168288
13.424194
13.236419
13.408738
13.35092
13.439576
13.567654
13.707563
13.026128
13.974769
13.3238945
13.283894
13.3914
13.595381
13.167026
13.353904
13.79759
13.725887
13.425522
13.41588
13.687047
13.692997
13.958614
13.317905
13.443023
13.176242
13.426928
13.377269
13.814001
13.428617
13.362441
13.105338
13.669578
13.776745
13.15035
13.269741
13.712141
13.455268
13.202196
13.695088
13.401684
13.825047
13.941111
13.296218
13.680773
13.590001
13.65785
13.449332
13.202516
13.464424
13.282383
13.454614
13.770692
13.821648
13.458535
13.370878
13.636742
12.967621
13.554064
13.281855
13.486087
13.210728
13.142502
13.245784
13.586858
13.063555
13.372792
13.83929
13.603116
13.24692
13.302124
13.862122
14.11469
13.445737
13.491267
13.329061
13.665359
13.325926
13.71766
13.646608
13.378008
13.404543
13.833668
13.490168
14.058396
13.444744
13.249117
13.376542
13.102066
13.318942
13.360784
13.3504715
13.345814
13.050084
12.988524
13.52151
13.927832
13.484832
13.658586
13.639005
13.224382
13.833979
13.24169
13.690119
13.623624
13.16216
13.91644
13.515427
13.986656
13.749248
13.310955
13.114976
13.651448
14.031632
13.515319
13.028901
13.46314
13.2546
13.013609
13.624935
13.055328
13.241331
13.358373
13.613002
13.748962
13.493024
12.7893915
13.719394
13.309588
13.264358
13.740968
13.163172
13.470612
13.340066
13.309101
13.173793
13.573203
13.824946
13.3867235
13.477676
13.89877
13.254241
13.511299
13.785256
13.618109
12.9180355
13.664983
13.031092
13.1971855
13.322965
13.408358
13.259564
13.250856
12.788922
13.365278
13.197522
13.203978
13.072337
13.291144
13.739856
14.189911
12.95504
13.572878
13.727334
13.034724
14.138436
13.003589
13.721654
13.292503
13.439226
13.031538
13.489758
13.43266
13.056189
13.388728
13.78
13.12269
13.363573
13.558306
14.037517
13.546379
13.339364
13.240328
13.708581
13.396884
13.305514
13.339738
14.016153
13.043938
13.325432
13.368122
13.554178
12.949897
13.191653
13.606388
13.102068
13.094966
13.563173
13.596428
13.393358
12.964264
13.11715
13.419975
13.647805
12.915432
13.334651
13.33074
13.760368
13.637928
12.92589
13.926
13.586954
13.447297
12.920728
13.597758
13.666932
12.951372
13.631718
13.473995
13.395862
13.925608
13.123356
13.215178
13.878643
13.66562
13.26795
13.397089
14.185614
13.737436
13.612517
13.338042
13.842804
13.39823
13.837576
14.017124
13.387211
13.480614
13.24101
13.24605
13.620836
13.660852
13.77403
13.427002
13.545352
13.120473
13.607458
13.821611
13.869902
13.357607
13.204798
13.252194
13.609574
13.350651
13.426026
13.632633
13.444583
13.55456
13.080554
13.214564
13.185914
13.906518
13.850824
13.41686
12.988842
13.941565
13.588522
13.32047
13.505451
12.962882
13.812326
13.719881
13.788465
13.493041
13.747634
13.326525
13.350178
13.344443
13.503862
13.047419
13.473803
13.6729555
14.060149
13.1997175
13.141184
13.320377
13.17363
13.406526
13.705554
12.942843
13.212205
13.691238
13.442215
13.589238
13.217437
13.541658
13.590214
13.220816
13.300282
13.66439
14.124112
13.099843
13.913508
12.672466
13.345406
13.429487
13.301078
13.2145
13.700057
13.359534
13.481787
13.303043
13.10072
13.304528
13.190598
13.453908
13.055862
13.711749
12.973398
12.868181
14.143474
13.291559
13.023846
13.38153
13.673541
13.369122
13.044728
13.447379
13.44371
13.481576
13.13004
13.26501
13.6077
13.545055
13.544592
13.189586
13.317988
12.82169
13.451354
13.562661
14.077074
12.975124
13.710087
13.509884
13.339474
13.511105
13.882078
13.418264
12.978698
14.216654
13.586875
12.98002
13.298114
13.156781
13.596448
13.685386
13.174988
13.262314
13.35912
13.463814
13.151789
13.553631
13.3862
13.585671
13.51778
13.325015
13.522846
13.59405
13.438151
13.707965
13.620754
13.161246
13.269965
13.859868
13.321572
13.368208
14.085502
13.695938
13.47459
13.795514
13.2415695
13.20385
13.206914
13.02125
13.191832
13.637727
13.400799
13.088447
13.440972
13.256238
13.420064
13.200543
13.501705
13.59286
13.788691
13.35534
13.5146055
13.835945
13.831708
13.562592
13.194318
13.626963
13.343538
13.8276615
13.907628
13.52976
13.782934
13.1615095
13.779577
13.678886
13.448294
13.40566
13.041999
13.30604
13.26732
13.641312
13.257744
13.384676
13.61133
13.79586
13.143661
13.199549
13.084684
13.033718
13.55153
13.745589
13.4242935
13.103216
13.565654
13.219136
13.621122
13.681873
13.433364
13.451237
14.169009
13.909132
12.985325
13.241574
13.407244
13.784486
13.217754
13.401009
13.558421
13.196968
14.257947
13.449653
13.705269
13.227876
13.582937
14.211154
13.2134075
13.301926
13.001929
13.483147
13.398528
13.582369
13.658678
13.476214
13.341651
13.523202
13.309706
13.156008
12.880786
13.612994
12.793045
13.117144
13.504338
13.494661
13.981302
12.993045
13.488611
12.884533
13.485284
13.750466
13.355806
13.44677
13.456821
13.594086
13.654336
13.391003
13.3765335
13.306103
13.63338
13.793843
14.077362
13.371698
13.872053
13.166052
13.102822
13.274018
13.545566
13.575504
13.654638
13.296488
13.481302
13.924474
13.628931
13.066808
13.173958
13.121182
13.531407
13.4316635
13.749684
13.953224
13.651878
13.355946
13.523048
13.528678
13.322174
13.909289
13.186208
13.4509
13.741314
13.377782
13.199472
13.665758
13.479338
13.553089
13.671028
13.631197
13.4965105
13.860517
13.362766
13.861438
13.018162
12.887148
13.595942
13.754656
13.620539
13.4680805
13.413868
13.311364
12.850546
13.26585
13.075752
13.512352
12.980436
13.22954
13.154055
13.471621
13.648612
13.585849
13.236538
13.77049
13.495162
13.159309
13.39934
13.44285
13.539488
13.254319
13.720884
13.1969795
13.018562
13.568252
13.243645
13.320174
13.74106
13.658466
13.23393
13.177198
13.774786
13.403938
13.320971
13.265613
13.865372
13.367988
13.51933
13.376746
13.341047
13.246376
13.427416
14.069083
12.948014
13.783092
13.561806
13.3213415
13.600668
12.77972
13.20921
13.534994
13.523744
13.575296
13.650631
13.373567
13.05576
13.607789
12.714002
13.426245
13.115072
13.817133
13.511133
13.24953
13.261446
13.712616
13.512968
13.593423
12.746126
13.693999
13.661104
13.59086
13.284992
12.827258
13.546209
14.154528
13.604298
13.160064
13.816826
13.193238
13.23128
13.659378
13.137018
13.665658
13.468796
13.363015
12.757989
13.488808
13.405251
13.093962
13.617402
12.99344
13.547294
13.540058
13.6447935
13.495284
13.636975
13.302998
13.516016
13.684024
13.77311
12.948836
12.93409
12.929982
13.544682
13.3566675
13.242004
13.695606
13.245215
13.429147
12.82716
13.362421
13.166364
13.35509
13.219599
13.641698
13.353544
13.202297
13.237951
13.432679
13.725105
13.464543
13.21253
13.87806
13.82124
13.399096
13.22126
13.98925
14.248808
13.399712
13.147905
13.213796
13.402456
13.308111
13.340956
13.501236
13.366373
13.311637
13.43256
13.755333
13.20835
13.777702
14.043911
14.568652
13.954884
13.417787
12.62533
12.917174
13.365501
13.040048
13.446176
13.470256
13.288221
13.166933
13.603788
13.199383
13.742479
13.70887
13.283704
13.466832
12.93472
13.247295
13.260567
13.496214
13.213406
13.457257
13.776682
13.376107
13.464165
13.146375
13.498118
13.103161
13.758002
13.21169
13.04939
13.843822
13.026188
13.373318
13.594754
13.61796
13.755978
13.430104
13.35769
13.066313
13.611752
13.173234
13.609296
13.899718
13.904198
13.300264
13.684058
13.327619
13.597792
13.53594
13.246379
13.39955
13.429248
13.392285
12.726839
12.948582
13.065432
13.181732
13.574572
13.41008
13.751297
13.374732
13.479916
13.878682
13.416109
13.618578
13.22031
13.685786
13.548082
13.36378
13.65418
13.766414
13.007668
13.822922
12.703062
13.552312
13.656703
13.488643
13.266804
13.184022
13.030875
13.681642
13.496109
13.51748
13.361862
13.642503
12.959521
13.142302
13.429369
13.212824
13.534875
13.53763
13.53881
13.252119
13.525152
13.9672575
13.13515
13.421686
13.591058
13.100606
13.385971
13.024398
13.156926
13.179588
13.578787
13.421629
13.892313
13.164438
13.233919
13.312658
13.249696
13.50766
13.253052
13.629646
13.278376
13.076997
13.27754
13.459654
13.8200655
13.5484
13.488302
13.653825
13.182204
13.459984
13.000383
12.903406
13.163007
13.530128
13.37151
13.7481165
13.178239
12.872706
13.099681
13.304285
13.362926
13.561292
13.565007
13.3397255
13.460446
13.172554
13.040437
13.39274
13.770904
14.084096
13.646865
13.539402
13.745414
13.5778
13.617116
12.996163
13.471782
12.70285
13.374525
13.146401
13.418209
13.025163
13.949234
12.926846
13.341486
13.624924
13.540302
13.479272
13.008349
13.1258
13.106931
13.284666
13.260924
12.746108
12.773916
13.307304
13.114016
13.945741
13.583505
13.935542
13.273463
13.72746
13.207731
13.173332
12.61894
13.131652
13.074454
13.287513
13.400951
14.15048
13.035274
13.894408
14.201022
13.389005
13.397812
14.327212
13.300796
13.611359
13.809147
13.481897
13.660049
13.131596
13.795426
13.911306
13.751469
12.988788
13.075852
13.680142
13.009968
13.146249
13.918262
13.39138
13.585083
13.755108
13.23703
13.745238
13.631893
13.57239
13.445293
13.690188
13.312208
13.065408
13.428482
13.647074
13.941372
13.397704
13.67938
13.459426
13.55571
12.967716
13.53318
13.111282
13.547852
13.8449335
13.496062
12.961528
13.270751
13.114181
13.031155
13.802058
13.667418
13.620296
13.629784
12.731478
13.603535
13.369755
13.04434
13.545798
13.414512
13.304018
13.045655
12.908275
13.519896
13.017345
13.740598
13.50974
13.243184
13.4794235
13.672097
13.317306
13.748504
13.427556
13.547588
13.501388
13.364242
13.129388
13.480544
13.663532
13.503668
13.785901
13.356438
13.789987
13.517864
13.354336
13.372693
13.602473
13.399433
13.21552
13.951252
13.685878
13.250604
13.236944
13.655678
13.594534
13.644172
13.454608
13.2629
13.068702
13.2985735
13.478935
13.382074
13.234416
13.751803
13.7731695
13.0663
13.497042
13.492536
12.790519
13.11361
13.423042
13.548994
13.526735
13.3991
13.47449
13.122392
13.424868
13.233548
13.539908
13.896515
13.094216
13.320606
13.898157
13.44178
13.880876
13.247989
13.77826
13.391075
13.350087
13.199455
13.211936
13.471624
13.344676
13.4058275
12.779936
13.52756
13.293226
13.519483
13.431023
13.742439
13.720162
13.107152
13.511755
13.5954
13.048372
13.913164
13.194322
13.795176
13.367308
13.642383
13.797594
13.305751
13.267815
13.291912
13.347638
13.482417
13.994366
13.2872095
13.789704
13.37912
13.078974
13.5997
13.383522
13.279428
13.375464
13.158473
13.607569
13.346042
13.6014
12.97216
12.98603
14.025401
13.652811
13.056998
12.976097
13.616678
13.265997
13.932672
13.40094
13.010257
13.032792
13.0546875
13.265266
13.491132
13.301434
13.6430435
13.729208
13.145684
13.159927
13.044018
13.2771
13.147137
12.74356
13.503402
13.457118
13.493914
13.974352
13.156151
13.318523
13.641966
13.6078
13.515486
13.312395
13.231344
12.608574
12.971184
12.87577
13.225311
13.557715
13.540986
12.770762
13.471078
13.51419
12.79887
13.82151
13.057351
13.493474
12.99307
13.075964
13.070606
13.19184
12.93259
13.545848
13.675518
13.141254
13.963323
13.49264
13.395904
13.444924
13.135962
13.597464
13.61567
13.24223
13.43639
13.541216
13.268728
13.543746
13.541603
13.47906
12.654048
13.262284
13.133042
13.561753
13.492548
13.29532
13.399812
13.708642
13.644662
13.627817
13.378502
13.388336
13.605757
13.7154455
13.090108
14.012902
13.483213
13.484348
13.322593
13.676876
13.035548
13.337682
13.84527
13.247968
13.39238
13.367468
13.247152
13.27042
13.252887
13.345101
13.366253
13.261767
13.113486
13.659026
13.426383
13.4295
12.863542
12.651823
13.388005
13.1685
13.410025
13.505854
13.410599
13.478235
13.147371
13.771766
13.061834
13.118162
13.152378
13.386853
12.872954
13.572359
12.655285
13.080427
13.005796
13.596039
13.600388
12.965958
13.423628
13.322474
13.378343
13.417255
13.40527
13.399054
13.82616
13.341163
13.232804
13.247222
13.776421
13.582394
13.291882
13.095708
13.259832
13.146375
13.537651
13.030381
13.264762
13.297656
13.191643
13.66732
13.3092
13.303158
13.933359
13.244956
13.244043
13.302172
13.682914
13.906491
13.10733
13.404191
13.885172
13.739062
12.983029
13.397704
12.991791
13.744697
13.019898
13.157892
13.622738
13.313398
13.297616
13.406204
13.480188
13.55984
13.032156
12.93937
13.149175
13.366361
13.441672
13.204044
13.629631
13.259692
13.674712
13.170582
13.541146
13.293589
13.072448
13.024976
13.945142
13.254051
13.245648
13.156462
13.621838
13.726017
13.425947
13.560397
13.38613
13.726738
13.548981
13.384291
13.24722
13.787076
12.997628
13.140978
13.523474
13.90885
13.515024
13.973564
13.279797
13.056588
13.340566
13.263981
13.123181
13.530784
13.2662525
13.158435
13.0624075
13.632238
13.686716
13.014183
13.059626
13.111001
13.413551
13.387933
13.059474
12.901956
12.93566
13.480436
13.34577
13.495574
13.063632
13.48584
13.535779
13.312459
13.738206
13.944058
12.9933195
13.2246275
12.802049
12.676824
13.26812
13.257166
13.630424
13.983073
13.366894
13.258758
13.816532
13.488396
13.258219
12.912952
13.341903
13.886798
13.531545
13.618842
13.17663
13.405596
13.942334
13.50844
13.15944
13.201702
13.28884
12.98341
13.442838
13.321784
13.335478
13.019075
13.126752
13.301302
12.715382
13.526017
13.52828
13.374418
13.020472
13.674613
13.49435
13.623082
13.589452
13.28738
12.879318
13.655331
13.267904
13.492017
13.044714
13.592218
13.34528
13.573531
13.303996
13.206644
12.76491
13.186975
13.627888
13.470674
13.027771
13.132975
13.311136
12.924123
13.08229
13.4363
13.430751
13.455892
12.982848
12.957958
13.478302
13.830212
13.638214
13.320866
12.888583
13.624651
13.330404
13.09228
13.267857
13.439522
13.500756
13.49748
13.343922
13.158438
13.924546
12.969334
13.597071
13.376872
12.9178
13.193652
12.897134
12.565522
13.781271
13.721013
13.095143
13.721975
13.271374
13.819676
13.25851
14.02765
13.298888
12.768528
13.32789
13.688868
12.990346
13.5819645
13.302909
13.5311775
13.421514
13.193308
13.292276
13.5420265
13.24077
13.519718
12.854762
12.90558
13.756992
13.564378
13.170101
13.343683
13.283122
13.292431
13.386606
13.369489
13.608288
13.440359
13.237508
13.705034
12.854495
13.517616
12.950925
12.931754
13.011569
13.250599
13.67443
13.080607
13.48226
13.086853
13.175765
13.52238
13.72314
13.557682
13.384474
13.294602
13.777552
13.421602
12.823518
13.313838
13.670437
13.6995535
13.515328
13.413498
13.01744
13.584032
13.724379
13.43832
13.423898
13.153222
13.260985
13.455849
13.251288
13.222079
13.615012
13.061726
12.964788
13.304406
13.618772
13.167463
13.247448
13.096464
12.754837
13.132012
13.373306
13.697284
13.13883
12.999474
13.253749
12.79363
13.032993
13.482856
13.278034
13.430178
13.354682
12.786064
13.323366
12.506952
12.979937
13.660056
13.171664
13.777512
13.528188
13.311563
13.768364
13.23231
13.38543
13.342036
13.242498
13.0693445
13.817797
13.26726
13.384732
13.451569
13.19322
13.083464
13.016472
13.253036
13.3873205
13.484174
13.195256
13.578544
13.425245
13.347274
13.349748
13.66968
12.991988
13.339084
13.081428
13.061674
13.420484
12.977973
13.62176
13.024636
13.378448
13.101364
12.883663
13.292242
13.423065
13.4400835
13.584446
13.43628
13.457796
13.539924
13.592409
13.101154
13.378964
13.716346
13.161726
13.426294
13.386431
13.077915
12.865978
13.1276
13.249783
13.23771
13.073786
13.270118
13.746014
13.416938
13.895302
13.607684
13.51198
12.80034
13.239174
13.31977
13.221514
13.503254
13.117993
13.856056
13.291805
12.875548
13.647294
13.221061
12.850628
13.351098
13.235424
13.531936
13.692954
13.841296
13.3589115
13.627994
13.565379
13.342236
13.57188
13.891764
13.361369
13.2388525
13.488136
12.9154415
12.951762
13.268192
13.788005
13.708998
13.503229
12.918056
13.45002
13.490504
13.051048
13.064157
13.610607
13.29291
13.540758
13.352486
12.646392
12.815318
13.259437
13.24399
13.7375965
13.711701
13.732249
13.425276
13.09924
13.008569
12.800686
13.014176
12.999821
13.019659
13.205916
12.902794
13.713215
13.814424
13.519023
13.7147
13.453006
13.518558
13.21161
13.350476
13.415522
13.42146
13.587711
13.158812
12.830671
13.453454
13.377818
13.3329525
13.288293
13.069486
13.773242
12.570409
13.04103
13.446448
13.64028
13.024046
13.486106
13.269565
13.85597
13.24119
13.057892
13.841596
13.521047
13.320576
13.185383
12.925478
13.441475
13.148668
13.032618
13.767589
13.430131
12.959465
13.699248
13.493277
13.431774
13.594704
13.744305
13.154534
12.791072
12.552018
13.173487
12.998444
13.608214
13.284476
13.837494
13.071522
13.153904
13.735816
13.769658
13.384401
12.97763
13.319178
13.019136
13.40317
12.502427
13.241048
12.658275
13.383021
13.266623
13.177476
13.723954
12.974036
13.130524
13.307698
13.189046
13.418312
13.109609
13.040004
13.12643
13.356818
13.083562
13.303204
13.322419
13.457686
12.995942
12.937892
12.560944
13.139006
14.022041
13.33947
13.218388
13.2911625
13.134548
13.609933
13.309355
13.69511
13.289162
12.988854
13.611763
13.513462
13.897746
13.023559
13.275692
12.887665
13.322167
13.279308
13.558201
14.095226
12.827104
13.646897
13.652878
13.045459
13.174694
13.55941
12.86223
13.713886
13.4272995
12.980136
12.94378
13.478739
13.653397
13.741364
13.153926
13.469967
13.191838
12.972428
13.070524
13.594364
13.589874
13.050906
13.628224
13.501068
13.481467
13.320117
13.839516
12.8084955
12.991014
13.218498
13.831406
13.538329
13.09367
12.859048
13.505733
13.284568
13.479865
13.224309
13.069944
13.435557
13.32263
13.292387
12.727064
13.658369
12.904254
13.053361
13.96677
13.877662
13.158306
13.500006
13.620187
13.773952
13.4009285
13.294161
13.200362
13.130414
13.154726
13.234432
13.193712
13.162451
13.327242
13.664083
13.4722185
13.213426
13.450232
13.289083
13.253988
12.7932825
13.068756
13.279935
13.634182
13.205945
12.60912
13.165556
13.116762
12.781988
13.3661995
13.01424
12.992484
12.62363
13.398965
13.01421
13.321899
13.963116
13.093111
13.501186
13.312184
13.047674
13.037196
13.328092
13.49159
13.084714
13.651146
13.454574
13.024784
13.800186
13.4218855
13.249836
13.16656
13.088294
13.906282
13.11759
12.973751
13.298194
12.799455
12.980106
13.468966
13.133959
13.201301
13.085492
13.568691
13.372
13.013741
13.552872
13.319956
13.383102
13.003282
13.345072
13.285306
12.940927
12.89658
13.665732
12.740368
13.609965
13.687574
13.057569
13.632138
13.465238
13.337018
13.484053
12.648866
12.893998
12.76321
13.4759445
13.602081
13.9077215
13.375308
13.397331
13.299166
13.376421
13.122938
13.623238
13.001218
12.99054
13.161309
13.8517885
12.876408
13.898914
13.509685
12.72913
13.677252
13.527073
13.395707
13.421974
12.873826
12.521808
13.304649
13.612789
12.954578
13.3462925
13.153842
13.714906
13.30766
13.025294
13.498792
13.218994
13.706452
13.226442
13.439946
13.503392
12.74026
13.694182
13.43558
13.35776
12.762586
13.897814
13.499987
14.069674
13.4394655
13.21835
13.01594
13.292281
13.606162
13.205638
13.47921
13.279238
13.315352
13.374394
12.963258
13.10052
12.959708
13.381128
13.674085
13.033807
13.4835615
13.424411
13.246488
12.676069
12.979468
13.052408
13.393979
14.066192
13.545262
13.052749
13.668138
12.937104
13.14739
12.290765
13.5082655
13.251697
13.475501
13.700289
13.750014
13.30268
13.675178
13.588416
13.597833
12.505464
13.402434
13.189805
13.255216
13.438802
13.0961
13.703428
13.3849
13.291702
13.228305
12.904702
13.653126
13.402062
13.317654
13.5296545
13.313112
13.819803
13.200435
13.446516
13.304236
13.103492
13.497631
13.73211
12.776686
13.5852375
12.808368
12.872142
13.820258
13.458168
14.02376
13.950858
13.81155
13.1310215
13.361622
13.412174
12.809974
13.365669
13.492376
13.100586
13.233722
13.186036
13.612565
13.519364
13.75707
13.402282
13.120176
14.034788
13.155246
13.28062
13.331247
13.616844
13.228978
12.96482
13.487396
13.060262
12.661945
13.311254
13.260144
13.988248
13.506418
12.45852
13.314396
12.911296
13.364202
12.791532
12.947903
13.35765
13.791974
13.8914995
13.846648
13.230256
13.21129
13.68944
13.455982
12.575864
13.387248
12.554366
13.240866
13.355642
13.047411
13.312912
13.0405655
13.379833
12.9275
13.23901
13.152981
13.219836
12.922663
13.02927
13.322177
13.60765
13.536233
13.774446
13.37602
13.345691
12.873833
13.470976
13.203806
13.242993
13.021255
13.73942
13.112596
13.304736
12.854662
13.429858
13.271202
13.590988
12.880968
13.813731
13.3026495
13.283402
13.244369
13.22693
12.924559
13.416604
13.197151
13.219472
13.4978695
13.4069
13.674192
13.142196
13.250006
13.430094
13.048668
13.0783825
13.149414
13.28429
12.821244
13.88631
12.995998
12.990437
12.758313
13.078484
13.114335
13.596392
13.232116
12.565608
13.273202
13.05651
13.493952
13.425686
13.227889
12.937883
12.919598
13.101745
13.048774
13.098148
13.096298
13.512654
13.376914
13.625382
13.245
13.858506
13.958926
13.322945
13.166844
13.339293
13.153796
13.335132
13.197428
13.265688
13.150319
13.284197
13.437133
13.354472
13.219652
13.457328
13.106314
13.426658
13.033201
12.857383
13.273174
13.717982
13.148471
12.903431
13.10079
13.171158
13.183532
13.737478
13.418238
13.32571
13.345966
12.72632
13.59253
13.057937
13.233984
13.130411
12.842621
13.113366
13.36392
13.72182
13.121187
13.16102
13.591965
13.626399
13.219762
12.917396
13.741175
13.752638
13.299654
13.652387
13.142508
13.582824
13.940606
13.191505
12.892528
13.81392
13.487612
12.980202
13.430281
13.255129
12.900911
13.07648
13.571884
13.342277
13.159076
13.803653
13.203844
12.987363
13.045538
13.3106
13.619808
13.881957
13.229516
13.244692
13.500547
13.766646
13.3983135
13.1442
13.469802
13.6769085
13.172687
13.44422
13.264907
12.8186
13.341141
13.405567
13.374694
13.361792
12.837882
13.16673
13.03204
13.390634
13.304678
13.38418
13.362831
13.34004
13.255164
13.161808
12.881106
13.57946
13.008524
13.291186
13.53034
13.246141
12.815273
13.251254
13.085738
13.301696
13.512989
13.031336
13.33234
13.3749485
13.510827
13.168104
12.894497
13.359861
13.140017
13.165097
13.20366
13.571761
