26.819706
27.623943
27.147356
27.236551
27.174263
26.86438
27.229496
27.231924
27.545471
27.28032
27.31961
27.40327
26.91756
27.021503
26.879198
26.596209
27.239883
27.597004
26.96966
27.019825
26.724895
27.153332
27.007067
26.376097
27.455408
26.886782
26.716307
27.214169
26.949974
27.517815
26.967735
27.496988
27.114008
27.566957
27.124859
27.521544
27.550035
27.524452
27.209364
27.24672
26.700468
27.054537
26.513668
26.695051
27.350697
27.239723
27.272516
26.972874
27.8537
26.959703
26.934423
27.436926
26.855633
27.556774
26.682049
26.958948
26.646809
26.472569
27.603825
26.788687
26.767914
26.95521
27.1705
26.906261
27.034832
26.959627
27.124805
26.982227
27.00531
26.845678
26.731739
26.824419
26.520391
27.092974
27.55271
26.49957
26.372076
26.955105
27.2287
26.879335
27.44475
26.675163
26.755024
27.202864
26.921537
26.969269
27.584118
26.967112
27.02712
27.008965
26.6194
27.143772
26.700369
26.751205
26.882624
26.67586
26.796902
26.842716
26.845695
26.775158
26.177197
27.50776
26.81238
27.248228
26.466738
27.092577
26.746998
26.661024
27.26134
26.856195
26.814703
26.583138
27.217363
27.422098
27.039537
26.696865
26.576649
26.4725
26.811771
27.321518
26.656155
27.064308
26.636326
26.180347
26.2211
27.028837
26.77235
26.531143
26.828268
25.90704
27.20901
26.734768
26.517395
26.502815
26.317043
26.287865
26.58485
26.514696
26.69686
26.149282
26.65898
26.99796
26.343409
27.353453
26.497934
26.382591
27.001348
26.04631
27.05626
26.423504
26.171244
26.30148
26.254671
27.244123
26.800596
26.551
26.577065
26.809437
26.332245
26.450357
26.439137
26.69069
26.714972
26.17918
27.020489
26.973412
26.638664
26.856615
26.853012
26.664446
26.599972
26.126215
26.724346
26.75026
26.10002
26.565552
26.6574
26.334896
26.480875
26.507774
26.574764
26.922115
26.271717
26.254095
26.506338
26.91713
26.99048
26.086184
26.085493
26.799513
26.77202
26.915176
26.732054
26.813124
26.188889
26.300072
26.749334
25.905005
26.527258
27.170427
26.38038
26.227324
26.148537
25.61814
26.045408
25.994473
26.046211
25.973104
26.682884
26.635784
25.983566
26.415108
26.2105
26.123743
25.648314
26.28714
26.270452
26.743252
26.502497
25.870745
26.249292
26.24178
25.818771
25.866364
26.056852
26.755983
25.737385
26.231024
25.923147
26.397917
26.81556
26.091515
25.785168
25.535818
25.595348
25.952698
26.891531
26.106726
26.324045
25.815887
25.494062
26.393116
26.452486
26.406715
26.236895
25.223932
25.953903
25.498775
25.37546
25.370749
25.64269
25.646624
26.188444
25.570728
25.533224
26.04056
26.190289
25.727348
25.717329
25.818388
25.287924
25.532185
25.731314
25.796537
25.913614
25.60775
25.903238
26.3039
25.542768
25.860739
25.045374
25.004744
25.69058
25.498213
25.664412
25.627861
25.082083
25.297775
24.99146
25.967615
25.826693
25.323051
25.193441
25.2983
25.21422
25.609013
25.441143
25.83492
25.512075
24.822737
25.369104
25.016949
25.622543
25.189754
25.173923
24.88061
24.238432
24.863651
25.489468
25.07636
25.2667
24.754305
25.621763
25.907684
25.369589
25.231638
25.154932
25.452732
24.97762
24.521492
25.05936
24.987469
25.338606
24.958971
25.215126
24.495596
25.087688
24.682072
25.084225
25.261269
24.447283
25.141796
25.612185
24.480017
25.123735
24.485195
25.27276
24.640892
24.141706
24.670412
23.785149
24.570951
24.57244
23.997663
24.620031
24.38448
24.358723
23.997744
23.518732
24.151808
24.152739
24.102552
24.122349
23.683613
24.077892
24.688108
23.201267
24.055634
23.9532
24.335764
23.573095
23.564602
24.03098
23.990992
23.834703
23.74765
23.157764
22.949984
23.534956
23.011368
23.566772
23.32522
23.534132
23.557396
23.223225
22.400368
23.27571
23.395107
22.91896
22.986296
22.921925
22.900593
22.050816
22.486
22.842552
22.118979
23.091208
22.21242
21.946308
22.810377
22.482395
21.42262
22.383612
21.366282
21.596909
21.986197
21.63456
21.70472
21.321735
21.212444
21.629055
21.545467
20.983604
21.627453
20.949207
20.69826
20.881027
20.680843
20.853828
21.347723
20.180555
19.605013
20.946783
19.78152
20.0782
19.923996
19.78281
20.112808
19.0063
19.635342
18.94284
19.162617
19.116356
18.652267
18.877592
18.598999
18.299814
18.220587
18.74258
18.764292
17.501202
17.955383
18.401005
17.5963
17.616627
17.78008
17.395296
17.33624
17.24225
16.935617
17.130308
17.212204
16.933136
16.81069
17.686998
16.71718
17.02396
16.669033
16.35833
16.383467
16.84798
17.074476
16.400274
16.08961
16.332592
16.310595
16.18292
16.621435
16.201939
15.101338
15.78545
15.868385
15.231944
15.513138
15.619746
15.129371
15.32565
15.990445
15.627655
15.521554
15.379606
15.58603
15.000034
15.109583
14.740069
14.742629
15.101663
15.261981
15.230864
14.53715
15.135344
14.906573
14.280598
14.810878
14.557006
14.578739
14.484111
13.946626
14.768354
14.309798
14.196894
14.246293
14.643808
14.29601
13.9969635
14.331366
14.105082
13.91452
14.416778
14.000436
13.457066
13.690072
13.645295
13.842641
13.542282
13.934471
13.684246
13.926686
13.316239
13.607613
13.107802
13.780497
13.430344
13.529086
13.5686655
13.290668
13.201643
13.249664
12.919946
14.331184
13.158076
13.100206
13.454952
13.373045
12.88766
13.084263
12.97778
12.827684
12.688564
12.749756
12.86954
12.729069
13.23027
12.55841
12.511602
12.977738
12.586955
12.175583
12.56192
12.473704
12.545134
13.026016
12.521577
12.592272
12.317378
12.711006
12.610992
11.97285
11.927096
12.51465
12.38941
11.739145
12.462226
12.684703
12.35312
12.098974
12.307237
12.324624
11.848391
11.778598
12.129522
12.442238
12.70526
11.655408
12.030146
11.305055
12.166095
11.171922
11.823525
12.030526
11.714126
11.902682
12.176026
11.822796
11.796166
11.69095
11.493893
11.435294
11.63996
12.161052
11.494784
12.014702
11.808603
11.786074
11.116946
11.349654
11.31446
11.207266
11.191886
11.52732
11.831128
11.218258
10.78703
11.515128
11.602259
10.737024
10.643654
11.212896
11.14262
11.286853
11.048296
11.0310955
10.828133
10.855008
10.65006
11.093487
10.615298
10.667458
10.64883
10.506465
11.1945095
11.160622
10.515572
10.589974
10.85613
10.972082
10.87137
10.719427
10.608759
10.2803335
10.585749
11.411268
10.515842
10.743988
11.15092
10.689662
10.475638
10.877645
10.94692
10.543382
10.435822
10.709883
10.57371
9.762818
10.105912
10.226481
10.366498
10.041666
10.126584
10.085502
10.040556
10.422526
10.01125
10.562206
9.92704
10.31078
9.868465
10.073985
10.177344
9.739978
9.857966
10.387607
9.437694
9.97212
9.703201
9.947866
9.779257
10.151576
9.982598
9.723028
9.27716
9.423773
9.810378
9.647295
10.30236
9.120704
9.758198
9.478098
9.817316
9.620764
9.406544
9.646582
9.397014
9.356465
9.23491
9.168782
9.098102
8.953917
9.255812
8.903354
9.1048355
8.957744
9.04691
9.157852
9.490699
9.327646
8.940304
9.297588
9.255124
9.439986
8.954924
8.721255
9.228488
9.166077
9.216183
8.847038
8.603384
8.916269
8.84033
8.714195
8.583795
8.60134
8.933294
8.759143
8.91824
8.545909
8.917332
8.554155
8.680876
8.61843
8.597448
8.8993
8.812572
8.97721
8.603198
8.773253
8.117901
8.176079
8.786124
8.526334
8.059507
8.10635
8.080684
8.0866375
8.27752
8.497156
8.53517
8.102985
7.9708924
8.434826
8.118789
8.582315
8.200929
8.213871
8.435496
7.828836
8.255611
8.274562
8.25747
8.591386
7.6645703
8.081147
7.8124185
7.799242
7.638028
7.80021
7.6213484
8.060653
7.5754013
8.160256
7.499073
8.303523
7.448964
7.818345
7.757928
7.82213
7.771944
7.8428245
8.276664
7.3532414
8.046675
8.063838
7.849498
7.928386
7.849495
7.867569
7.9591904
7.8976264
7.7897954
7.472313
7.558525
7.902805
7.493857
7.964939
7.7853518
7.339285
7.590265
7.690906
7.644131
7.583105
7.274558
7.21805
7.2023387
7.5478854
7.264953
7.215518
7.1759124
7.4696336
7.079046
7.170876
7.288546
7.2578664
7.430631
7.5238657
7.225417
7.1142726
7.8612833
7.2915416
7.6248493
7.477854
7.24681
7.352771
7.703302
7.055565
7.075841
7.230262
6.83828
7.048989
7.307337
7.035238
7.1713185
6.9655795
6.733874
6.985306
7.147169
6.736134
6.743016
6.884096
6.750544
6.971486
6.8501673
7.106355
6.892276
6.7721753
7.143002
7.173855
7.319753
7.02041
6.8243504
7.1003695
7.3828692
7.116548
7.3601437
7.398574
7.526843
7.527761
7.899804
7.340246
7.411739
7.046196
7.1054153
6.996344
6.947
7.231027
6.8914037
6.523729
6.9572988
6.465753
6.996684
6.415203
6.645541
6.679236
6.726792
6.897027
6.818928
6.797125
6.7314615
6.990183
7.0320153
6.780793
6.573528
6.573903
6.732665
6.587954
6.767505
6.5443406
6.7311144
6.8235908
6.608602
6.5087104
6.739313
6.36027
6.6030016
6.496802
6.510649
6.435125
6.26588
6.361881
6.4185266
6.365608
6.219086
6.544135
6.489634
6.296763
6.380684
6.321449
5.894605
6.351974
6.1908135
6.256467
6.418756
6.1241264
6.23306
6.309847
6.790518
6.1879725
6.2331066
6.2665834
5.850071
6.323214
5.997236
5.917216
6.060129
6.106028
6.274567
6.0974183
6.136804
6.167833
5.815309
5.992284
6.215704
6.283254
6.126312
6.228782
6.4938354
6.412323
6.228249
6.49017
6.1849027
6.218659
6.3556223
6.6565504
6.206149
6.218085
6.0769567
6.029208
5.7704997
6.337255
5.979029
6.36002
5.817867
5.7634783
6.0215454
5.9417
6.0241046
6.0029564
6.1238756
6.040136
5.77904
6.209044
6.2911744
5.9970546
6.275149
6.076632
6.142326
6.1911225
5.902727
5.965701
5.9321046
6.149595
6.313602
6.035582
6.3102217
6.0055575
6.104651
6.033017
5.880997
5.9840183
5.8731623
5.68511
5.990989
6.086434
5.815601
5.951501
5.7411957
5.916756
6.0317106
5.848447
5.961268
5.957031
6.206024
5.9381347
6.154674
5.762536
6.10475
5.957692
6.102606
5.772008
6.054042
5.93216
5.633562
5.7519684
5.8604608
5.5278125
5.8033338
5.570573
5.839112
5.575203
5.316035
5.628509
5.654492
5.495925
5.416377
5.5873075
5.789858
5.6040745
5.824375
5.609861
5.631507
5.737926
5.830665
5.942112
5.557681
5.93509
5.9719048
6.007818
5.998096
5.76463
5.7357717
5.78843
5.810518
5.994146
5.9227014
5.820915
5.88766
5.9142685
5.996771
6.216455
6.0528727
5.880665
5.834857
5.682358
5.943834
5.8472953
5.823538
5.55932
5.4491205
5.938472
5.559176
5.574993
5.896664
5.662032
5.555659
5.4545946
5.7383585
5.692774
5.440397
5.8618784
5.5458984
5.885275
5.722759
5.577003
5.752578
5.8814054
5.9495363
5.545499
5.6239204
5.8049016
5.5827518
5.563495
5.7641683
5.688481
5.61538
5.853716
5.6297784
5.53833
5.72977
5.7657237
5.626721
5.620782
5.78552
5.645023
5.7322016
6.2401934
5.486184
5.78955
5.846317
5.745353
5.6950006
5.631718
5.512881
5.8777003
5.571475
5.914957
5.595116
5.500569
5.603789
5.4924073
5.5776587
5.629932
5.709785
5.781666
5.747072
5.4333105
5.653614
5.493112
5.724913
5.6828785
5.653231
5.544865
5.8368826
5.323209
5.565452
5.3606334
5.901967
5.4245825
5.481552
5.525615
5.3474073
5.470485
5.418617
5.6079826
5.5292974
5.572924
5.543314
5.497865
5.502544
5.575057
5.48622
5.820818
5.602758
5.663454
5.713208
5.742961
5.797929
5.7733717
5.4110236
5.884358
5.541964
5.287734
5.547791
5.3811536
5.339492
5.254522
5.177354
5.257118
5.2518396
5.190559
4.989635
5.020187
5.1844397
5.1344085
5.2039747
5.2608776
4.911979
5.1902494
5.3491397
4.961172
5.187533
5.353033
5.321404
5.331246
5.432962
5.2180524
5.130961
5.2230496
5.6142497
5.364448
5.111035
5.256246
5.535684
5.396138
5.2776
5.1118126
5.686358
5.521954
5.445788
5.36469
5.422114
5.104838
5.405509
5.334014
5.3930564
5.3807373
5.4735336
5.123265
5.352568
5.1562533
5.2579026
5.113107
5.271265
5.519275
5.2453423
5.174939
5.470436
5.463902
5.264346
5.3772736
5.213322
5.524355
5.441753
5.237949
5.205796
5.363421
5.2386117
5.340709
5.279325
5.106924
5.188331
5.518622
5.571112
5.6076465
5.561981
5.8493743
5.307881
5.366515
5.393199
5.2516108
5.5291176
5.316635
5.130597
5.0242996
5.415353
5.179974
5.2026386
5.013253
5.214142
5.332707
4.989776
5.050188
5.2333593
5.212212
5.1547956
5.0501814
5.5898633
5.351839
5.4316087
5.252041
5.159385
5.2598567
5.5096416
5.399229
5.3342743
5.464096
5.2765293
5.4413238
5.1717176
5.254449
5.3035073
5.604341
5.4341245
5.2834153
5.317601
5.339546
5.1576166
5.028767
5.122883
5.2847433
5.1897635
5.193461
5.218995
5.450329
5.1930556
5.18742
5.19277
5.136738
5.343491
5.464598
5.410235
5.3554926
5.108941
5.195902
5.3774767
5.4516797
5.316822
5.179905
5.314396
5.145942
5.017895
5.083501
4.9538755
5.0394073
4.8268285
4.727209
4.9279146
5.049466
4.979832
5.155798
4.9205847
4.785076
4.992231
5.1674304
5.0158186
5.012989
5.206642
5.2063265
5.0011115
5.308202
5.093653
5.0021915
5.0459213
5.2701
5.048986
5.198822
5.105457
5.0241103
5.165284
5.260345
5.398406
4.924368
5.286843
4.995564
5.2295046
4.927393
4.9152555
5.061289
4.9973774
5.0175524
5.26322
5.042464
4.995459
4.951541
4.938131
4.908882
5.1525955
4.763446
4.8993998
5.032255
4.7754436
4.797001
5.01824
4.883166
5.0286784
4.698052
4.8026443
4.991938
5.089973
4.968441
4.763114
5.26981
5.092463
5.26401
5.2283826
5.157159
5.137688
5.1368794
5.042275
5.439428
5.003654
5.3160205
5.209813
5.2477584
5.1307745
5.028572
4.927499
5.0513663
5.351193
5.191958
4.94337
5.344412
5.119685
5.10015
5.2146206
5.0487213
5.047794
5.14428
5.043196
5.143935
4.816084
5.186211
4.990961
5.1546197
4.881304
5.2090716
5.120128
5.230411
5.109518
5.096564
5.1058583
5.192886
5.17088
5.134409
5.341283
5.0623198
5.091617
5.123092
5.05245
5.094834
5.138363
5.1482687
5.168311
4.963652
5.399005
5.353687
5.010193
5.3089943
5.1595016
5.140443
5.167881
5.049331
4.776014
4.9754395
4.898972
4.649761
4.7481065
4.7554836
4.748505
5.0270815
4.811571
4.711472
4.956636
5.0274415
4.6818285
4.861235
5.0556703
4.936269
4.85922
5.015123
5.105699
4.895382
5.016023
5.0759006
5.00305
4.965409
4.9929075
4.730415
4.989121
4.765076
4.9245768
4.9426265
4.830393
4.762191
5.0002103
4.6811996
4.8176904
4.694572
4.886436
4.967806
4.817255
4.976568
4.9997287
4.983318
4.8315077
4.848371
4.9377446
4.771587
4.794352
5.213949
4.894628
4.977259
4.8981
4.666384
4.8393836
5.075003
4.6483173
4.687041
4.736995
4.753076
4.6724224
4.8023934
4.875792
4.728659
4.775896
4.705882
5.0330763
4.7704687
4.5220494
4.878828
4.975167
4.8794565
4.7398043
4.6279516
4.866479
4.8956685
4.81951
4.621656
4.826994
4.827573
4.9906588
4.671481
4.8072834
4.771784
4.776373
4.774779
4.8960743
4.76586
4.6156616
4.9594135
4.8478894
4.57938
4.9408355
4.831796
4.7808
4.6740603
4.822516
4.7019215
4.7185
4.954822
4.658465
4.686055
4.6745043
4.7212014
4.691003
4.7454677
5.036679
4.921028
4.744384
4.829463
4.744115
4.9383383
4.999116
4.954833
4.8175073
5.005185
4.755363
5.0877423
5.0584073
4.961131
4.698208
4.700366
4.738105
4.7011533
4.930361
4.7400165
4.816931
4.8325768
4.701288
4.8365746
4.7017674
4.601166
4.8647323
4.698434
4.871512
4.6217957
4.6910105
5.127941
4.774129
4.8686714
4.9515915
4.7368135
5.018868
4.974941
5.1023107
4.724001
5.023252
5.103141
4.92589
5.110308
4.895691
4.8417163
5.049953
4.7313585
4.728911
4.7919803
4.6596875
4.957897
4.762648
4.878694
4.738094
4.6825104
4.928505
4.943756
5.157557
4.949954
5.002689
4.823517
5.069649
4.833541
5.1010423
5.252228
4.571657
4.635876
4.674706
4.7693253
4.593523
4.617876
4.803154
4.430782
4.81689
4.488491
4.72011
4.416626
4.6388097
4.722715
4.7109823
4.976686
4.6227193
4.440205
4.807739
4.815566
4.8762035
4.68594
4.9060826
4.652438
4.76607
4.74131
4.574922
4.833075
4.848792
4.658631
4.7132993
4.653415
4.884059
4.669104
4.5248327
4.8312054
4.801331
4.679445
4.9524236
4.450885
4.893382
4.493355
4.725432
4.707545
4.596694
4.8011203
4.712895
4.90058
4.8533096
4.7561088
4.5959954
4.6350355
4.66153
4.696617
4.594304
4.843688
4.522933
4.498649
4.6870613
4.700987
4.790156
4.4669795
4.571167
4.890797
4.636562
4.7619176
4.8409085
4.710418
4.910471
4.7267685
4.8075795
4.849942
4.6574225
4.938419
4.8556333
4.8268137
4.657948
4.662303
4.571739
4.759859
4.56342
4.73853
4.767687
4.714619
4.6483884
4.566216
4.690822
6.241055
7.1330075
7.4276247
6.991075
5.868639
6.411872
6.966535
6.989982
6.0693064
5.020449
4.95481
5.507544
5.981263
5.267793
5.0218
4.849713
4.934734
4.952136
4.9624434
5.313575
4.985864
4.952385
4.746083
4.835732
4.866484
5.194501
4.689891
4.686077
4.7243276
4.639296
4.678574
4.729825
4.619192
4.544752
4.600107
4.445235
4.5901365
4.504204
4.421662
4.5990295
4.6942286
4.726639
4.6112604
4.383364
4.361591
4.514665
4.526426
4.536921
4.531065
4.597975
4.609403
4.7784758
4.5450835
4.4784293
4.6821175
4.8315115
4.920598
4.7308106
4.7643094
4.4882665
4.645289
4.5891075
4.544187
4.48138
4.613913
4.8234787
4.719249
4.502549
4.642742
4.6994905
4.6689067
4.5185
4.733267
4.696397
4.767966
4.843227
4.595758
4.523899
4.5220685
4.508089
4.517458
4.770666
4.45325
4.314323
4.675398
4.4546046
4.618536
4.5185714
4.6142163
4.6173744
4.8750033
4.5991793
4.6707478
4.6851854
4.755938
4.663673
4.396307
4.536873
4.339247
4.413279
4.356918
4.487162
4.306378
4.360007
4.348949
4.573431
4.24454
4.303147
4.3305154
4.3077235
4.4211044
4.6081376
4.432107
4.5176144
4.2541747
4.241731
4.719688
4.4650874
4.443739
4.3769584
4.447657
4.3831344
4.433173
4.4067845
4.7872176
4.643817
4.633684
4.6749306
4.58603
4.653358
4.716471
4.638285
4.620134
4.578618
4.510156
4.620705
4.403428
4.574075
4.422793
4.5932546
4.434091
4.5955243
4.4218583
4.381551
4.547458
4.571868
4.530798
4.339203
4.48601
4.4228077
4.414823
4.506859
4.503554
4.4831696
4.500533
4.1737337
4.469663
4.458165
4.294301
4.519079
4.4945736
4.344576
4.604591
4.4893513
4.408868
4.507313
4.542932
4.395895
4.3948307
4.383623
4.408419
4.3948503
4.273312
4.482017
4.4804516
4.4576793
4.270658
4.252067
4.4317975
4.4520364
4.307679
4.5080004
4.457462
4.4821053
4.6266336
4.2583733
4.2624564
4.464183
4.167754
4.527841
4.5576086
4.319577
4.338233
4.259842
4.4931135
4.448246
4.5037484
4.473713
4.5918026
4.5708637
4.476369
4.8378863
4.821282
4.6630425
4.444775
4.5267944
4.5022235
4.5180235
4.595544
4.697039
4.2173257
4.611903
4.264531
4.3926406
4.480227
4.4062147
4.484755
4.216761
4.42196
4.304871
4.524841
4.3532047
4.304004
4.9721217
4.364669
4.569153
4.816165
4.650106
4.469963
4.637547
4.605574
4.4942465
4.343804
4.437668
4.57634
4.438691
4.643093
4.578702
4.5409994
4.408414
4.4682956
4.6397014
4.445057
4.352513
4.514245
4.423331
4.327503
4.153265
4.361212
4.426119
4.3656836
4.372429
4.1307096
4.4410033
4.404963
4.3848734
4.634882
4.6836658
4.502122
4.461351
4.510337
4.508069
4.4447026
4.462656
4.427519
4.352133
4.635754
4.350256
4.402033
4.233759
4.3640575
4.2862086
4.556612
4.315837
4.218985
4.476625
4.3325133
4.304226
4.2381177
4.23394
4.3914914
4.3619275
4.1154785
4.235128
4.28117
4.373513
4.2072005
4.2769823
4.496989
4.3605785
4.4750967
4.421013
4.450191
4.603832
4.5111375
4.5614886
4.38022
4.460716
4.1802764
4.262283
4.423346
4.1587577
4.2239027
4.136391
4.248043
4.1149635
4.181249
4.30276
4.2029395
4.1836333
4.221342
4.349117
4.641423
4.3358793
4.536775
4.532549
4.573498
4.505745
4.4052744
4.5931087
4.4136343
4.461437
4.5312467
4.512861
4.484287
4.395744
4.5480194
4.545019
4.468886
4.317275
4.327533
4.5593743
4.4174967
4.153787
4.3755155
4.2084484
4.205954
4.321064
4.3232365
4.1615114
4.3672686
4.426074
4.29564
4.2962637
4.437656
4.4536743
4.43196
4.297077
4.4416356
4.3241563
4.6093698
4.152063
4.321861
4.305281
4.2947326
4.477073
4.1841936
4.494896
4.406574
4.2240057
4.318727
4.497656
4.1758976
4.5257025
4.311969
4.456362
4.285582
4.367415
4.45142
4.177923
4.2656016
4.311546
4.285597
4.472509
4.235442
4.598255
4.3967786
4.4631414
4.510926
4.3942375
4.2795973
4.4091454
4.233581
4.165768
4.278389
4.15939
4.19236
4.2192516
4.097199
4.426687
4.2444234
4.2602887
4.1478558
4.539469
4.548182
4.2365823
4.3690753
4.172944
4.2737446
4.177802
4.241622
4.369745
4.282075
4.3969193
4.141362
4.3418508
4.3798075
4.346845
4.36446
4.343662
4.363328
4.292919
4.2643
4.1609097
4.2816534
4.0621395
4.3697033
4.1705685
4.200092
4.435653
4.355812
4.3286867
4.6467085
4.5292974
4.3663034
4.600027
4.371537
4.3695984
4.171415
4.465429
4.300045
4.2349763
4.1860404
4.2406836
4.409386
4.373399
4.250849
4.1846013
4.374043
4.314128
4.0864773
4.289254
4.422341
4.303206
4.316111
4.460034
4.519956
4.5473547
4.6754303
4.6401978
4.5966215
4.4526935
4.51396
4.31031
4.2071667
4.449502
4.2465434
4.1794944
4.323374
4.1533403
4.135192
4.2513547
4.2520123
4.169027
4.243621
4.13079
4.3514705
4.301016
4.334765
4.338953
4.312394
4.4173217
4.3112183
4.450572
4.49482
4.226673
4.413118
4.228855
4.3321176
4.353302
4.1306324
4.250173
4.1062794
4.1497436
4.170926
4.151961
4.118255
4.201781
3.954689
4.065145
4.168829
4.289918
4.180565
4.1553545
4.3646097
4.30902
4.1745744
4.4037266
4.255315
4.1610417
4.273938
4.3543563
4.307451
4.3590126
4.388131
4.337235
4.232269
4.138422
4.307952
4.241275
4.3066373
4.393747
4.305588
4.1834493
4.247655
4.41115
4.320613
4.38873
4.4416914
4.310166
4.284521
4.2087703
3.9114788
3.9218974
3.905515
4.1330886
4.0254817
3.8363154
4.030954
4.1090236
3.8756526
4.230193
4.35762
4.14407
4.4089594
4.449879
4.344191
4.368477
4.3107734
4.272837
4.0741405
4.1008224
4.305241
4.2335696
4.263476
4.24766
4.4619803
4.295241
4.454496
4.23548
4.2296824
4.222291
4.0486135
4.0133905
4.309238
4.003679
3.8743734
3.9929671
4.260192
3.9990187
4.244587
4.4820566
4.111924
4.108746
4.382666
4.384675
4.314759
4.1790843
4.284954
4.2125797
4.1567993
4.1368365
4.527223
4.1518054
4.40817
4.5266314
4.475175
4.601962
4.217413
4.106891
4.024115
4.135645
4.1007404
4.043571
4.034253
4.056781
4.312577
4.1082473
4.2953258
4.353546
4.4610996
4.3862953
4.3274617
4.306086
4.372489
4.096967
4.2589574
3.9903564
3.8978734
3.85
4.149835
3.912465
3.9720395
4.054618
4.1478825
4.141564
4.2141047
4.3807554
4.3021164
4.1481214
4.0269675
4.211847
4.1188025
4.162749
3.9951205
3.949799
4.184847
4.150543
4.1054726
4.235266
4.0084643
4.0478034
4.202364
4.051316
4.2554145
4.366945
4.360247
4.149011
4.0001497
4.223534
4.0757523
4.111784
4.0028844
3.9740388
4.086183
4.059376
4.171747
4.1455774
4.1848855
4.2360606
4.245892
4.283214
4.219195
4.296884
4.241404
4.443671
3.9459338
3.8508184
3.9426484
3.9562056
4.0484138
3.9528494
3.9419315
3.984736
3.9047415
3.92669
4.120256
4.2519464
4.1311483
4.197858
4.172123
4.257662
4.340222
4.356452
4.343941
4.16334
3.9741294
3.967849
4.1121445
4.1278315
4.0037413
4.002169
4.1194596
3.9210608
4.0535088
3.9605956
3.84889
3.923874
3.9062443
4.1066318
4.0623536
4.00389
4.08084
4.264478
4.15739
3.9602513
4.136177
4.1395116
4.2258964
4.1234984
4.0725164
4.1160865
4.402014
4.0620847
4.13201
3.9046533
4.1280947
4.2696314
4.0657
4.056153
4.0919185
4.184334
4.153199
4.237187
4.417401
3.9326406
4.1502233
4.025637
4.303101
4.098126
4.167687
4.3450227
4.328282
4.356841
4.166476
4.116612
4.1093698
3.8788311
3.865053
3.8245044
4.092783
3.7263305
3.8756368
3.939335
4.0744777
4.175334
4.0437784
4.1817265
4.037283
4.150446
4.010295
3.9333494
3.9683826
3.904123
3.783231
3.9397676
4.0573244
3.8930016
4.247256
4.387124
4.360618
4.279077
4.329972
4.260747
4.0734687
4.115674
4.3039837
4.247351
4.113766
4.1296287
4.1838703
4.071753
3.961078
3.931863
3.9311016
4.202978
3.9489934
3.9063466
3.9689705
4.1110587
4.395875
4.304131
4.3266344
4.0678425
4.0400352
3.832095
3.806423
3.682843
3.689789
3.6281693
3.781931
3.814713
4.005164
3.96984
4.032953
3.9233153
4.337351
4.140044
4.205814
4.526351
3.9011614
4.1313467
4.094142
4.016386
3.9483354
3.890665
3.8605473
3.7296405
3.737743
3.9963124
3.9596834
3.992274
3.9544954
4.1833277
4.1727643
4.365594
4.03561
3.9843946
3.696784
3.8985045
3.914048
3.985889
4.0209937
4.015562
4.4463544
4.420863
4.17051
3.9594636
4.0802054
3.915307
4.0056405
4.120166
4.185371
4.214072
4.117018
3.8591304
4.1374245
3.9539378
3.8886955
4.0771685
4.098678
4.156118
4.266383
4.0429087
3.7970314
3.8011725
3.8043134
4.230135
4.0002804
4.274354
4.771073
4.517406
4.1251974
4.0287714
3.954346
3.8868308
4.0494924
4.078999
3.9910204
4.286029
4.374875
4.371939
3.7891493
3.8233576
3.779265
3.6436994
3.933392
3.7286167
3.968093
3.9378285
3.828867
3.9631042
4.0259867
3.7481213
3.9958794
3.9853387
3.9712234
4.116054
4.0252132
4.118046
4.2706857
3.9959748
4.0901456
4.021725
3.9669201
4.0028944
4.0643444
4.009452
4.070442
4.122556
4.0291667
3.9141002
3.853484
3.6495245
3.7180855
3.7357144
3.8039196
3.7398925
4.017134
4.1314545
4.1515822
3.9460516
3.773569
3.9316804
3.754748
3.647409
3.817413
3.8253706
3.9811444
3.8472934
3.8837016
3.8112752
3.909126
3.581884
3.9859414
3.8062916
3.8279777
3.932151
4.041611
3.9469295
3.939001
4.052778
3.7433043
3.7048118
3.579335
3.6748526
3.755079
3.8169105
3.9621892
4.2522016
4.354105
4.0874176
3.8509986
3.6738608
3.602438
3.7376015
3.65819
3.9765334
3.8181021
4.158372
4.188814
4.041211
3.873933
3.817535
3.720664
3.779958
3.7986095
3.7460172
3.8601727
3.6337636
3.9103
3.8963075
3.64155
3.792828
3.7582035
3.626842
3.6560645
3.4656734
3.7045836
3.5949771
3.4805794
3.6463263
3.8596258
3.868746
3.7233062
3.7450964
3.916173
3.6801095
3.7120845
3.8350964
3.745494
3.964353
3.9598875
3.685667
3.7828498
3.6819785
3.9361954
3.7936022
3.8025196
4.1323433
3.7700534
3.80947
3.7895424
4.0971537
3.63946
3.8947783
3.689243
3.8102217
3.956618
3.938824
3.9534295
4.5482364
3.9669886
3.7235315
3.8312805
3.7974982
3.700475
3.9693742
4.100242
4.107972
3.9733515
3.6648536
3.6567721
3.6284087
3.7129421
3.8334994
3.8286016
3.7504644
3.6582067
3.700811
3.7176142
3.6247513
3.819357
3.5461936
3.7477286
3.596896
3.6111674
3.47227
3.8229735
3.6497009
3.6662645
3.843671
4.0906534
3.9122498
3.9673932
3.5551553
3.4783826
3.666787
3.610162
3.494339
3.674141
3.6890924
3.7916124
3.563309
3.700379
3.7090662
3.879061
3.785711
3.5433376
3.5922873
3.508273
3.4635775
3.581206
3.6259158
3.7313113
3.8403356
3.664293
3.568141
3.5149763
3.4552045
3.5984092
3.518541
3.610504
3.9120336
3.6266744
3.5063524
3.4332664
3.540093
3.5237846
3.709007
3.8643875
4.216302
3.5266118
3.7192643
3.5370414
3.5695717
3.7362275
3.6346254
3.4613154
3.3473852
3.652111
3.4811897
3.296053
3.532984
4.215594
3.6589375
3.664318
3.7255144
3.724137
3.4208975
3.7930279
3.8050256
3.7360394
3.537883
3.4234674
3.4544568
3.533735
3.6490533
3.6135666
3.7025142
3.669243
3.6464758
3.48929
3.5304146
3.6304438
3.698382
3.539664
3.4339986
3.3946085
3.446641
3.293494
3.8071842
3.8580794
4.0004835
3.4873755
3.57074
3.5740144
3.238784
3.4631774
3.629627
3.6531696
3.8829832
3.5391135
3.5770364
3.5820606
3.6495612
3.4694104
3.718839
3.7387507
3.549566
3.4273546
3.695901
3.7271695
3.7328165
3.998075
3.8393643
3.622528
3.4590294
3.449258
3.5781114
3.683291
3.5557153
3.567743
3.4769795
3.5091357
3.5802758
3.5387444
3.7232003
3.563656
3.572778
3.62774
3.3762136
3.8374119
3.5476165
3.4051585
3.47862
3.460118
3.625001
4.286608
3.7330735
3.4633174
3.33167
3.5057383
3.3908198
3.5934575
3.7713835
3.2958915
3.2143872
3.279815
3.3350873
3.3010194
3.444223
3.515254
3.7375433
3.5875452
3.5053647
3.5424445
3.423088
3.7787657
3.41335
3.389161
3.332465
3.3857663
3.3821015
3.9040172
3.659402
3.6323285
3.474881
3.3746605
3.5500991
3.3583977
3.60832
3.473095
3.7907827
3.595525
3.4936707
3.361181
3.4431474
3.2475088
3.5604298
5.041966
3.5061936
3.6431057
3.5148406
3.84272
3.599115
4.9001527
3.5857332
3.7547557
3.590727
3.519064
3.8552754
4.0632577
3.78426
3.6363425
3.9896054
3.5568175
3.9318843
3.789062
3.363577
3.3399765
3.34473
3.3818905
3.9352133
3.6956096
3.4587731
3.4858987
3.3559575
3.3946595
3.6397493
3.7126892
3.5996368
3.50345
3.3174624
3.3794138
3.748072
3.8794138
3.800234
3.4716055
3.4939942
3.4479342
3.3599675
3.552132
3.6847658
3.3571994
3.493463
3.2489347
3.4786725
3.373739
3.2988093
3.6709793
3.321898
3.336505
3.4697366
3.321164
3.3683465
3.5188313
3.373743
3.47002
3.2714255
3.385786
3.4443455
3.5157135
3.6405203
3.3995044
3.346251
3.434992
3.4960134
3.4210434
3.4842494
3.4840534
3.188021
3.5257454
3.1915076
3.4763355
3.4338608
3.4515934
3.2221882
3.2975838
3.2611747
3.3441505
3.4459078
3.497743
3.4637184
3.198629
3.180375
3.28811
3.497041
3.534684
3.5073485
3.5260196
3.173188
3.408513
3.4752736
3.308778
3.2361164
3.4116495
3.3534482
3.3003495
3.5671828
3.5779994
3.804973
3.433727
3.2413836
3.355295
3.375148
3.3277857
3.8441365
3.2689054
3.3111186
3.245515
3.183206
3.4498703
3.5403748
3.387575
3.189681
3.5026596
3.44588
3.374283
3.268879
3.5819886
3.2679424
3.3303626
3.260181
3.4340396
3.3971148
3.6827776
3.3502834
3.264157
3.2074614
3.253612
3.3584504
3.4080207
3.3085597
3.343934
3.493525
3.1651454
3.2768395
3.1517966
3.3886323
3.1792185
3.2269075
3.5268452
3.3453684
3.2971265
3.2539465
3.166301
3.340909
3.227065
3.247871
3.2855732
3.2561111
3.217908
3.1906974
3.2007625
3.298416
3.2375176
3.4797251
3.4513946
3.3418503
3.153757
3.2170446
3.1819947
3.2517571
3.4071698
3.3095684
3.1804276
3.4160793
3.1387963
3.1975296
3.257605
3.4629683
3.365909
3.1539695
3.1969516
3.2447975
3.3892682
3.447471
3.3184566
3.3173532
3.227771
3.1506932
3.1821935
3.1102834
3.084736
3.2625363
3.1669059
3.1479146
3.22857
3.2598777
3.239669
3.0787952
3.1835423
3.1509025
3.0956995
3.1222994
3.1725218
3.0660214
3.217113
3.393895
3.0817335
3.141302
3.203273
3.6577554
3.284981
3.098704
3.147752
3.1386182
3.215185
3.2587576
3.1741602
3.2027843
3.262168
3.1652434
3.188528
3.3439188
3.0359225
3.1984475
3.2692294
3.241173
3.1656756
4.0696344
3.2334783
3.392842
3.224168
3.2025125
3.563138
3.3010807
3.130399
3.469732
3.243301
3.619777
3.4077175
3.164342
3.2952971
3.2943485
3.145231
3.0912454
3.3089588
3.393629
3.0616164
3.3729947
3.2597055
3.3012605
3.1792376
3.2692862
3.1775815
3.3252082
3.1641347
3.0691414
3.158971
3.0743876
3.2137208
3.1316845
3.3217819
3.5109425
3.249344
3.0092506
3.098415
3.1131146
3.083539
3.1386352
3.6916723
3.311974
3.1804254
3.2505956
3.371368
3.040764
3.532913
3.276483
3.2090008
3.4030137
3.341055
3.5377893
3.324004
3.2622094
3.058895
3.2455513
3.3020866
3.7905276
3.5670803
3.139863
3.6129029
3.310515
3.2122533
3.959035
3.3096738
3.3762934
3.2889836
3.202699
3.2274594
3.1735308
3.2082615
3.2658553
3.168827
3.2195215
3.128369
3.534758
3.1678548
3.142035
3.3399136
3.0806324
3.4694555
3.3194685
3.310085
3.29861
3.4303095
3.3833594
3.3315573
3.3242126
3.173434
3.2454228
3.2209828
3.1504047
3.2760317
3.1976197
3.1477077
3.3722794
3.114165
3.348536
3.2112167
3.1476514
3.3903909
3.2400584
3.361032
3.142536
3.289101
3.2569184
3.175627
3.579452
3.207861
3.308737
3.1254315
3.1085901
3.218214
3.350139
3.2536964
3.4537284
3.5775456
3.235881
3.419515
3.5359626
3.6090863
3.5355961
3.228532
4.099236
3.169233
3.642746
3.7200494
3.8217344
3.1265543
3.149554
3.2270296
3.1502512
3.114335
3.4825466
3.1550217
3.030039
3.2363715
3.1353207
3.209715
3.225255
3.1022503
3.194585
3.0402641
3.1655314
3.0768723
3.0465615
3.2600355
3.027551
3.109442
3.086224
3.3596153
3.10143
3.2871134
3.7661297
3.1489542
3.0926223
3.0184538
3.2923295
3.140722
3.295048
3.6496985
3.2381425
3.349567
3.3009737
3.3654325
3.309816
3.1701963
3.175057
3.2296178
3.1468375
3.302697
3.5749774
3.0324655
3.1789496
3.163615
3.1291335
3.1860425
3.2755613
3.5627108
3.0951664
3.197959
3.0744097
3.127845
3.1368566
3.2259066
3.0878634
3.3199768
3.2702985
3.2026155
3.369054
3.0754685
3.2296114
3.0295165
3.3277414
3.1944835
3.6772432
3.0550606
3.1314895
3.0263767
3.210368
3.2507432
3.480264
3.4624162
3.208673
3.3949013
3.0690784
3.281884
3.3370442
3.07547
3.3007557
3.1249182
3.022713
3.103885
3.2115798
3.1536584
3.142783
3.1970584
3.1923847
3.3332732
3.1450894
3.0480325
3.207392
2.9557517
3.0411634
3.2292626
3.0172684
3.3296366
3.1278174
3.1559489
3.054096
3.1819973
3.1357536
3.051388
3.1982384
3.057187
3.1866903
3.1379106
3.1953602
3.883535
3.209771
3.213144
3.183387
3.3505776
3.1282585
3.5159402
3.000573
3.324624
3.1636095
3.11945
3.2818365
3.3929086
3.2472055
3.203281
3.209306
3.1944997
3.5495908
3.1987438
3.1036048
3.3367248
3.1034007
3.1305342
3.0998583
3.1358435
3.0650184
3.07116
3.156162
3.0674145
3.296297
3.069225
3.0060976
3.0734415
2.9806623
3.0149705
3.1763816
3.1414716
3.2023265
3.1963067
3.3711915
2.9848502
3.0864458
3.41552
2.9889214
3.191943
3.1303277
3.1752136
3.1716843
3.0643005
3.25409
3.0919454
3.078549
3.1273649
3.1312933
3.226853
3.0434704
2.972883
3.0895975
3.2089036
3.0961907
3.0561876
3.1273544
3.1201935
3.4429138
3.164471
3.2413106
3.2599235
3.0073369
3.5237045
3.280321
3.0082276
24.11884
25.927794
26.82806
27.156902
27.697628
27.298975
27.677841
27.69386
27.561104
27.793785
27.450308
27.391567
27.379868
27.38916
27.492031
27.1799
27.233887
27.355852
27.817146
27.779408
27.300552
27.387854
27.939695
27.368185
26.282314
27.507229
26.525126
27.076015
27.451717
27.457268
27.899551
27.33108
27.704721
27.689888
27.99744
27.730328
27.51199
27.321518
26.574017
25.994053
26.796286
28.174513
27.106312
27.230581
27.106482
27.134932
28.031837
27.16142
27.334131
27.857468
28.089792
27.484837
27.244534
27.000734
27.5863
27.004412
27.749752
27.961683
27.945555
26.754805
27.029299
27.604744
26.831497
27.223246
27.815826
26.971663
26.773567
27.657393
26.864883
27.141785
27.766745
27.515316
27.797573
27.356411
27.091751
27.047144
27.378683
27.350435
27.352158
27.43002
27.559444
27.593657
26.98677
26.890852
27.468733
27.574175
26.431597
28.049042
27.314
27.214771
27.298792
27.283546
27.806412
27.603376
26.523752
27.533003
26.963776
26.918818
27.334078
28.026625
26.494963
27.054836
27.061327
27.357197
26.987402
26.904388
27.024796
27.317781
27.037971
27.418764
26.463848
27.375463
27.692469
27.015657
27.19981
27.263428
27.281042
28.0909
27.491196
27.230192
27.372663
27.249756
26.916214
27.20456
27.973236
27.50102
27.281376
27.310503
27.290112
27.343576
26.602608
26.707167
26.936993
27.069895
27.146032
26.604013
27.14568
26.703495
27.64023
26.795952
27.204576
27.304482
26.972193
26.532146
27.240248
26.113567
26.95206
27.6533
27.125507
27.015284
27.22994
27.838762
27.00088
26.572428
26.652325
27.623878
27.878553
27.836784
26.528988
27.04326
27.224031
27.608189
26.699959
27.305847
27.61511
27.44842
27.278837
26.94263
27.108187
27.74086
28.118986
27.22593
26.555248
27.330973
27.786488
26.550793
27.501928
27.535212
27.116798
26.643959
27.051453
27.075354
27.31239
27.168137
27.13614
27.631931
27.229788
27.005177
26.88411
26.543608
26.921593
27.272636
27.01061
27.303524
26.949823
26.678732
27.00365
26.52006
26.74612
26.57168
27.26046
26.951803
26.902763
26.897686
27.043247
27.342337
26.45586
27.217196
26.821056
27.007902
27.036339
26.996143
27.508156
27.177084
27.82148
26.814806
26.96772
27.44813
27.141348
26.489136
27.339848
27.536745
27.600136
26.981024
27.718832
27.09594
28.083431
26.109488
27.437267
26.689411
26.709211
27.176607
27.172363
26.420893
26.754314
26.06757
26.902815
27.013935
26.291183
26.506855
26.449984
27.182123
26.595236
26.764668
26.816212
27.320007
26.717838
27.337969
26.77755
27.236303
27.091696
26.508987
27.208836
26.789831
26.727901
27.089548
27.581429
27.63566
26.407482
27.047527
26.258694
27.591007
27.247906
26.831465
27.21826
27.2293
26.61163
27.440813
27.239178
27.415264
26.71574
26.666656
26.379944
26.85563
26.677313
26.87018
26.811716
26.628126
27.21518
26.867262
26.847878
27.180784
25.84328
27.230886
27.347525
26.56692
27.222569
27.264135
27.061789
26.870552
26.665798
26.565708
27.369392
26.818909
26.793137
26.588783
26.8058
26.939396
27.367308
25.747868
26.52051
26.696318
26.952238
26.657093
27.063444
27.017927
27.450205
27.260689
27.552132
27.467596
26.169924
26.273909
26.773705
26.84626
26.84609
27.315268
26.72033
26.380636
27.542543
26.710484
26.797564
26.5981
26.44266
27.518291
26.864668
26.69769
26.94972
27.367012
27.374548
27.85393
26.908136
27.064913
26.924158
27.342749
28.102724
26.097324
27.188725
26.530228
27.268843
26.102016
26.620087
26.289759
27.153526
26.096693
26.41578
27.649595
26.494076
25.837526
25.796696
26.820107
27.047916
26.448748
26.416649
26.49271
26.326332
26.464872
26.782824
26.4231
26.474205
26.71606
26.773497
26.621908
26.75664
26.242085
26.056778
26.482136
26.612638
26.740679
26.619097
26.62754
26.45948
26.445892
27.191442
26.485
26.938116
26.92168
26.48628
26.380749
27.19632
26.923525
26.835447
25.89581
27.156357
27.105658
27.262247
26.25419
25.83476
27.118313
26.406832
27.167639
27.371277
26.487719
26.761765
27.763712
26.986654
26.287512
26.825674
26.629011
26.639206
26.671062
27.327368
26.426964
26.707842
26.335035
26.971956
26.850794
27.132277
26.756311
26.801935
26.522776
26.126532
26.125895
26.253048
26.945362
26.210978
26.877508
26.424232
26.800709
26.036531
27.370827
26.581013
26.274645
27.13273
26.143145
26.405645
26.77492
26.329039
26.99595
26.543476
26.433249
26.078266
26.16582
26.127483
26.677546
26.818064
26.917023
26.115433
26.905651
26.917192
26.532686
27.505892
26.808174
26.788363
27.43551
25.952934
26.471954
27.133476
26.783365
26.823238
27.22348
26.742855
26.18439
26.508823
26.803911
26.287628
26.521635
26.364084
26.629648
26.500849
26.904823
26.93252
26.10578
26.411064
26.199736
26.895199
26.567535
26.649532
26.32578
26.574633
26.96773
27.508352
26.258797
26.684189
26.406961
26.72304
26.177252
26.719927
25.964748
26.23378
26.564232
26.61734
26.306765
26.54472
26.229124
26.610472
26.777927
25.938047
26.528643
26.639051
26.399445
26.094507
26.707201
26.207304
26.588083
26.744482
27.045284
26.325184
26.53664
26.160425
26.214272
26.958448
25.830017
26.750967
25.988144
26.48342
26.436052
26.05036
26.341131
26.692287
26.877724
26.522108
26.456314
26.494848
26.645975
26.846443
26.330956
27.612589
27.08712
26.808369
26.507757
26.252495
26.5329
26.0234
26.840544
26.479904
26.783041
26.356987
26.37963
26.585127
26.231228
26.975344
26.591282
26.795816
26.119112
26.025108
26.354568
26.02165
25.733957
26.219284
26.158403
26.977549
26.366684
25.84664
26.44537
26.308294
25.597067
26.380888
26.216042
26.340427
26.303623
25.221468
26.41782
26.212988
26.764158
26.045475
26.718056
26.08628
26.582756
26.465172
26.28951
26.49634
26.0842
25.824295
26.941088
26.6363
26.599588
26.203903
25.60308
26.213715
26.491009
26.271437
26.96097
26.284323
25.534683
26.426004
25.884268
26.290903
26.449064
26.146511
26.059196
26.456533
26.538685
25.80255
26.3626
26.49429
26.361357
26.830687
25.85492
26.37102
26.087183
26.230816
26.328724
26.391623
26.459984
26.40879
26.526804
26.610458
26.468359
26.59227
26.235512
26.321997
26.537497
26.246456
26.236372
26.127382
26.598925
26.342129
26.715315
25.589428
25.889336
26.228996
26.545507
27.079834
26.668087
25.968887
26.368654
25.979868
25.898296
25.700014
26.676271
26.603167
26.196524
25.953314
25.747631
25.870243
26.252403
25.742756
26.227468
25.871624
26.294388
26.606085
26.148764
26.117525
26.491821
26.755377
26.454493
26.700932
26.058887
26.065418
25.97288
26.417664
26.797892
26.225872
25.65636
25.956345
25.009418
25.880495
25.921604
26.196524
26.11206
26.311466
25.743216
25.856928
25.659775
25.004766
26.51132
26.306824
25.883732
25.474472
26.324543
25.560913
25.776558
25.810598
25.670639
25.525364
25.430124
26.09157
25.709429
26.14152
26.044304
26.436443
25.99986
26.180668
25.93729
25.898851
26.408829
25.543411
25.934055
25.744844
26.302427
26.214048
26.089293
25.93946
25.945795
26.06006
26.383324
25.51431
26.169884
26.423904
25.80446
25.779871
25.552813
25.961569
26.005348
25.372925
26.167381
25.973988
26.137974
26.27339
26.199877
25.910177
25.757631
25.342558
25.81657
25.5595
25.84892
25.976835
25.751892
25.794582
26.227491
25.429502
26.201263
25.991783
25.601284
25.940832
25.563885
26.27622
25.743496
25.36753
25.8544
26.074068
24.937365
25.424349
26.213636
25.414394
25.416548
25.85982
25.460907
25.609625
25.286972
25.799417
26.264551
25.8825
25.880276
26.184908
26.29751
26.382397
25.87765
25.297215
25.405704
25.64406
25.406748
26.0691
26.102083
25.926088
26.093184
25.537142
25.62826
25.606487
25.9778
26.087332
25.442673
25.830124
25.584057
26.319738
25.734114
26.022549
25.64126
25.556065
25.650658
25.9793
25.558681
25.609972
25.571133
25.306002
26.520693
25.742628
25.41135
25.20867
26.17194
25.940453
26.120901
25.932594
26.345474
24.799335
25.679008
25.652275
25.175673
25.31688
25.584774
25.331488
25.715084
26.155165
26.151012
25.96014
25.9005
25.640629
25.171972
25.476494
25.322483
25.417778
25.513224
25.40062
26.200808
26.309608
25.360056
25.240587
24.967932
25.129004
25.115168
25.654123
25.45048
25.510626
25.53562
25.800467
25.662624
24.948807
24.81912
25.674988
25.120766
25.199465
25.534893
25.658628
25.597744
25.3243
25.053421
25.489517
25.7309
25.981888
26.136465
25.242846
25.949104
25.524075
25.855373
25.096622
25.807917
25.516296
25.216208
25.63598
25.288773
24.63266
24.964878
25.619127
25.872118
25.580688
25.559717
25.475395
25.783136
25.153286
24.794333
25.56249
25.696585
25.822666
25.692589
24.808643
25.134031
25.057487
24.241964
26.231623
25.993595
25.667467
25.51068
25.258568
24.366743
25.528812
24.707436
25.245962
25.098942
24.577997
24.670485
25.02058
24.077763
25.403822
25.644808
24.975836
25.608437
24.55562
25.095285
25.53162
25.53477
25.349716
24.69692
25.594263
25.21358
25.0037
25.139841
25.171543
25.295156
24.982573
25.376688
25.833626
25.088652
24.990274
24.780626
25.013416
24.955894
24.940708
25.516033
24.258123
24.243849
25.699385
25.492834
24.816263
24.96287
24.878107
24.925255
24.625872
25.310379
25.012625
25.114784
24.343065
24.73759
24.87696
24.58148
25.585812
24.775211
24.819008
25.255295
24.239458
24.793344
25.299124
24.406958
24.958652
24.410185
25.286596
24.530752
24.772276
24.790747
25.209867
24.529928
24.810572
24.730389
24.722656
25.356623
24.616049
24.646076
25.227112
24.131926
24.487494
24.052727
24.670843
24.810493
24.680405
24.138836
24.115055
24.563671
24.400072
24.604347
24.158064
23.987894
23.917963
24.509443
24.003794
24.94754
24.157743
24.304451
24.620195
24.051916
24.459606
24.568075
24.405596
23.722637
23.81391
23.49766
24.536442
23.82524
24.82724
24.071634
24.67038
24.202044
24.51872
23.69572
24.382626
23.71312
23.946407
24.336008
23.376024
23.46809
23.87686
24.352692
24.246265
23.834663
24.575308
24.067066
24.12143
24.332598
23.922724
23.768934
23.933
23.718826
23.852564
23.83371
23.420696
23.870153
23.566233
23.636526
23.50377
23.878752
23.81684
23.801737
23.270967
23.205276
23.259943
23.229044
23.27748
23.007345
23.322964
23.321136
24.391666
23.788458
23.313383
23.196768
23.296516
23.049248
22.995512
23.445587
22.916227
22.656502
22.766376
22.350288
22.64184
22.58148
22.348953
22.470808
22.654531
21.971527
22.46436
22.786036
22.743113
22.095585
22.61402
21.924072
22.185337
22.324417
22.198402
22.084372
21.403109
22.63698
22.025053
21.833605
21.827902
21.433865
22.117968
22.127697
21.619608
20.831343
21.435156
21.882748
21.107681
21.239285
21.066816
21.414019
21.16302
20.635817
20.577469
20.640913
20.029549
20.401516
20.264444
20.450691
20.528334
20.014883
19.805508
19.505783
19.143805
19.838291
19.777592
18.891678
18.940657
18.724712
18.77462
18.371576
18.43994
18.706268
18.14818
18.104664
18.756351
18.555796
18.281204
17.870956
17.731918
17.465075
17.50394
16.636194
17.229877
17.343748
16.979445
16.144474
16.250017
16.694038
16.267376
15.872324
15.654244
16.469404
15.379817
15.861796
16.02052
15.42338
15.300254
15.270502
14.855758
15.319383
14.532334
14.715374
14.80587
14.766988
14.776498
13.630344
14.577669
14.080907
14.416485
13.466968
13.614684
14.01924
14.128541
13.343208
13.429698
13.631873
12.719593
13.301647
12.910154
13.213945
12.479122
12.698688
11.798248
12.709131
12.191496
11.769472
12.258563
11.896855
12.305902
12.285674
11.909345
11.549401
11.670968
11.220377
11.472045
11.45232
11.50903
11.499028
11.741897
10.986284
11.436944
11.294697
11.518788
11.083784
11.041626
10.74737
11.054628
11.235366
10.664438
10.837198
10.741972
10.646965
10.815873
10.669936
10.946914
10.325264
10.110472
10.801463
10.564492
10.754991
10.160472
10.082436
10.125846
10.273585
10.014219
9.618318
10.279348
10.06449
9.501585
9.712088
9.352165
9.984978
10.015458
9.823757
10.132392
9.205648
9.594828
9.802874
9.402351
9.715003
8.944244
9.247917
8.813982
9.17521
9.567134
8.924282
8.682975
9.182214
9.199902
9.006932
9.643048
9.34922
8.856074
8.999539
8.999119
8.523178
8.560606
8.807501
8.490157
8.491576
8.878622
8.22955
8.388745
8.392317
8.569711
8.421672
8.403124
8.261203
8.106534
7.7858
8.424146
8.039321
7.6388206
7.572905
7.971409
8.236971
8.184861
7.8519444
7.8738523
7.889517
7.731217
7.6980534
7.414824
7.67424
7.5959487
7.5798683
7.8482594
7.2997956
7.4880075
7.577382
7.473773
7.475835
7.33808
7.493956
6.9531016
7.0921345
6.767893
6.912241
7.004746
6.774861
7.25804
6.6694365
6.6502333
6.8763185
6.998442
6.444358
6.624766
6.670194
6.6738334
6.506553
6.1509433
6.384439
6.3223815
6.163887
6.1382284
6.263334
6.232441
6.423168
6.3058715
6.464363
6.430519
5.883495
6.344718
6.119123
6.046742
5.675007
6.005697
5.822965
5.6685476
5.5824456
6.053127
5.459762
5.682597
5.617712
5.481103
5.512912
5.577305
5.645343
5.5969276
5.493914
5.729561
5.4727626
5.4312377
5.2748895
5.4517016
5.3319077
5.61946
5.6914577
5.534439
5.1656957
5.351063
5.352918
5.447529
4.926533
5.218112
5.1283274
4.994796
4.816915
5.45088
5.29628
5.0462165
5.082511
4.912023
5.0379415
5.170617
4.943322
4.914394
4.9799047
4.8163905
4.900079
4.986253
4.979321
4.9494886
4.8542356
4.864842
4.660657
4.822457
4.717601
4.6572814
4.919756
4.554704
4.744939
4.7458024
4.527363
4.565222
4.903469
4.740211
4.675778
4.713305
4.341997
4.3733206
4.546894
4.6580286
4.806069
4.457302
4.4658437
4.69544
4.5979023
4.567272
4.410369
4.335395
4.4947267
4.560541
4.549544
4.651197
4.43645
4.668706
4.22833
4.516779
4.660814
4.376005
4.359983
4.8007975
4.638737
4.521511
4.553006
4.414808
4.6913958
4.461636
4.258011
4.4177
4.547916
4.1878
4.6270323
4.2284656
4.548536
4.1545253
4.2931795
4.25725
4.590871
4.762345
4.394205
4.2532654
4.174128
4.4342394
4.335536
4.4312997
4.272258
4.203147
4.435356
4.5014
4.4041705
4.356794
4.1131635
4.0880766
4.424418
4.682167
4.383661
4.268336
4.196983
3.9605186
4.330706
4.3118577
3.9691882
4.43897
4.253346
4.355563
4.4963584
4.3831286
4.32577
4.2124763
4.267284
4.320663
3.9752133
4.30185
4.157389
4.226722
4.1505604
4.20191
4.2826195
4.2878
4.193421
4.232766
4.173492
4.1648483
4.094568
4.248151
4.4585786
4.1580424
4.097463
3.8876028
3.9903328
4.1274796
4.27697
4.137784
4.4468336
4.231008
4.310648
4.1648326
4.216376
4.270439
4.253733
4.140138
4.346935
4.2747827
4.001758
4.067258
4.334662
4.230747
4.1732254
4.214869
4.2036953
4.192627
3.9772084
4.0536585
4.015282
4.238288
4.1964235
3.950811
4.0665126
4.1319575
4.221811
3.919869
4.236262
4.0478306
4.329427
4.1999598
4.48378
4.181104
4.485782
4.1339827
4.002387
4.008579
4.2491636
4.1837883
4.1129513
3.9594321
4.2275805
3.9158015
4.12785
4.020175
4.0948544
3.979713
3.92537
4.1559453
4.0458107
3.8777485
4.254446
4.137986
4.253234
4.126242
4.142242
4.146053
3.8977654
3.9601028
4.117459
4.233531
4.0195956
4.035188
4.0482826
4.084039
4.1358576
4.02134
3.9442995
3.9991984
3.9687433
4.1610727
3.9321532
3.9115734
4.075059
3.9927485
4.1895328
4.2675886
3.9052074
3.9156742
4.0074577
3.9126143
3.9827049
3.89175
4.1307592
3.8489316
4.013106
3.9796615
4.079723
3.8678248
3.9875176
3.8285456
4.041305
4.061977
4.029173
3.8158777
4.0152698
3.9805095
3.9749417
4.063928
4.101075
4.024776
4.107661
3.9777613
4.383857
4.203178
3.9686205
3.9916205
3.9209507
4.1458855
3.938159
3.8324022
4.3276896
3.9528985
4.0424805
4.002648
4.1411304
3.9525864
3.836319
3.780539
3.8823218
3.7923286
4.048196
3.8872693
3.8950484
3.9669204
3.8333454
3.713569
3.7872775
3.7542078
3.790348
4.008721
3.709223
3.722113
3.8270798
3.9765568
4.018884
4.301724
3.860923
3.8065615
3.7807004
4.1352954
4.059819
3.8125606
4.221488
4.16449
4.070763
4.095267
4.1780057
4.0342736
3.987448
3.916108
3.8635197
3.800864
4.1153226
3.9718595
3.9625387
4.0242944
4.2079315
3.8499322
3.8041997
3.8464446
4.008171
3.964838
4.128341
3.980203
3.8316064
4.215256
3.9527333
4.034281
3.9544506
4.115025
3.8127913
3.9565804
3.8479953
4.001097
4.2277837
3.9853554
4.057888
3.923919
4.0177803
4.0169044
3.963237
3.819242
3.823113
3.8763986
3.8030496
3.8427799
3.843757
3.845505
3.872338
3.936628
3.8245885
3.8867414
3.6935387
3.736277
3.914543
4.0689855
3.774844
3.533769
3.941922
3.9314024
3.8312516
3.8599074
3.7403862
3.6862195
3.9489663
3.952515
3.937106
3.746191
3.8993986
3.8911629
3.9420848
3.8036418
3.915456
3.9302664
3.740396
3.9615884
3.8637145
3.9511912
3.7923155
3.6393857
3.863277
3.6126404
3.5861366
3.7814286
3.7602797
3.8689678
3.784549
3.880503
3.666222
3.8030045
3.966983
3.880277
3.74639
3.8001626
3.757577
3.788867
3.7483149
3.8087928
3.8064494
3.799968
4.0333695
3.7642345
3.842547
3.7310956
3.7648623
3.9327233
3.700516
3.8135033
3.917057
3.9043026
3.7853014
3.757754
3.9111965
