26.809889
26.7432
26.805166
26.612192
26.179956
26.31944
26.620491
26.044088
25.526936
25.702429
26.406631
25.60562
25.500692
25.916721
25.82782
25.127106
26.112621
25.579395
25.936382
24.9621
25.394596
25.092096
25.632204
25.029734
24.663576
25.3515
24.732504
24.892456
24.935228
24.2218
25.039051
24.268251
23.762379
24.560335
24.579994
23.946606
23.879051
23.87696
23.63428
23.39708
23.626535
22.857191
22.373348
23.541891
22.242706
22.50574
21.542772
21.768068
22.093653
21.423416
21.125216
20.927843
20.40628
20.555616
20.244251
19.743353
19.93306
19.403582
20.069647
19.090267
18.596594
18.678251
18.51608
18.572704
17.358047
17.246395
17.250593
16.967543
16.2276
15.8004675
14.899063
15.03187
14.058538
14.046059
14.409308
13.354494
12.470732
12.222025
11.716668
11.355463
11.114543
10.06251
10.086616
9.481592
9.541176
8.613099
8.480088
8.322593
7.8412685
7.2432775
7.157051
7.157236
7.5260277
6.979025
6.5779305
6.72094
6.230949
6.409255
6.375289
6.24826
6.2026653
6.156398
6.1484
6.167261
5.619594
5.4322925
5.603632
5.491869
5.6855373
5.524449
5.585481
5.60943
5.603495
5.403677
5.4427786
5.315549
5.2697306
5.415845
5.6708837
5.5767393
5.41081
5.209932
5.589312
4.849904
4.9859815
4.8228416
4.8072567
5.133617
5.085701
4.936346
4.909864
5.274041
5.240811
4.8921776
5.1322136
4.686687
4.944012
5.009576
5.029632
4.65612
4.778298
4.8414288
4.650407
4.95067
4.553874
4.735632
4.83952
4.4123716
5.001724
5.199836
4.735568
4.825906
4.73305
4.967444
4.567263
4.569203
4.402976
4.596787
4.77246
4.431796
4.6329446
4.766862
4.8466716
4.799537
4.9450016
4.751178
4.4565783
4.58064
4.330584
4.290455
4.22278
4.241868
4.261118
4.547551
4.242566
4.369835
4.454354
4.494777
4.262507
4.209114
4.238492
4.2505918
3.9723115
4.1410465
4.3525305
4.2125916
3.9939554
4.35484
4.2505994
4.27329
4.0722957
4.236687
4.0336018
4.039487
3.7791595
3.927564
3.9188855
4.1336417
4.1814065
4.168262
4.39199
4.241952
4.362238
4.0023546
3.9353218
3.9827554
3.948638
3.9286175
3.857444
3.8322318
3.9967628
4.330168
4.150922
4.41129
4.315158
4.5447316
3.9585385
4.1012545
3.7496595
3.9492376
3.9462907
3.8809142
4.1359396
3.9369917
4.105457
4.1593394
3.8270457
3.8719616
3.817604
3.8978195
3.6591067
3.7039554
3.7982094
3.5892372
3.8101416
3.7097971
3.687776
3.81497
3.6510513
3.760981
3.7991447
3.8659146
3.8970892
3.7289555
3.6196656
3.7936397
3.7995036
3.5487278
3.64628
3.5455298
3.719668
3.5429404
3.8142848
3.8715935
3.7105176
3.6452377
3.7811925
3.5944538
3.4926875
3.6566348
3.753234
3.6549394
3.6632292
3.556092
3.834589
3.6678836
3.8368707
3.613851
3.5597792
3.6066804
3.6144965
3.565157
3.57597
3.5379033
3.8313513
3.665231
3.5276108
3.723316
3.8371875
3.7460935
3.7110138
3.767076
3.5924025
3.5950305
3.704012
3.4832385
3.502386
3.484494
3.3975506
3.676842
3.7537005
3.61044
3.7214384
3.8122787
3.5616086
3.521199
3.294865
3.2709682
3.4819448
3.5346916
3.5796363
3.4810233
3.541855
3.8545122
3.4481876
3.47897
3.50156
3.4138656
3.4230082
3.3039932
3.5100288
3.6154573
3.4574344
3.8316886
3.77717
3.543113
3.477252
3.399729
3.2343664
3.4127283
3.4017785
3.401407
3.519313
3.6233804
3.916099
4.045704
3.739026
3.530391
3.445541
3.4234962
3.6196616
3.6984138
3.4061418
3.4401164
3.428719
3.5990865
3.4559138
3.4437351
3.5757205
3.5487258
3.3042965
3.4575706
3.5791442
3.247429
3.1699998
3.251688
3.1737955
3.170552
3.2664657
3.2014003
3.308156
3.350059
3.3321087
3.5257168
3.232971
2.9509292
3.289756
3.087984
3.008712
3.2571201
3.1485054
3.183126
3.1624994
3.194969
3.2850208
3.385342
3.0377195
3.271476
3.1816528
3.055036
2.9872832
3.0377333
3.0056667
3.0400414
3.1537416
3.2769935
3.1607764
3.191314
3.0704114
3.283706
3.028311
3.2435157
3.2463026
3.0376315
3.21035
3.306504
3.3863215
3.1969252
3.1783228
2.9398396
3.054114
3.2765315
3.247736
3.075248
3.169193
3.2541246
3.1035535
3.1537223
3.109433
3.2526357
2.9685786
3.0562737
3.178672
3.0688193
3.2050655
3.0036864
3.237817
3.0228214
3.1348467
2.9708235
3.031635
2.9113297
3.2768998
3.0832195
2.931622
3.130803
3.3141117
3.0737643
3.2174807
3.1396909
2.8516245
3.0337207
3.2218442
2.962121
3.1024835
2.8937147
3.0652785
2.98838
2.9648886
2.9578116
3.2141042
2.796764
2.9045773
2.8510387
2.977037
2.8325725
2.9383712
3.0032177
2.9766772
2.790485
2.9342175
2.8325236
2.9957068
2.9664133
3.0086117
2.898129
3.182715
3.3171299
3.02023
3.1450546
3.0779848
3.225533
2.953427
2.981202
3.109615
2.821971
2.8757682
2.9795024
2.8886724
2.8051336
3.1238558
3.034713
2.8512797
3.013415
2.9330986
3.2315404
3.0335305
3.375548
3.1122265
3.0320053
2.8745794
3.0701354
2.9835818
2.7317698
2.8849676
2.8947446
2.9358864
2.966804
2.9780798
2.6743548
2.800459
2.7597992
2.8532867
2.9133844
2.6414127
2.7533603
2.760892
2.774244
3.0437577
2.8178728
2.9623992
2.6350832
2.7734795
2.8541589
2.8772216
2.8351605
2.809991
2.978837
2.9030213
2.881107
2.7859714
3.0165021
2.776418
2.861521
2.9940033
2.7814105
2.8279135
2.7353048
2.7509959
3.0070682
2.830614
2.725502
2.8114133
2.7681327
2.5660315
2.667908
2.6618242
2.8997312
2.7805564
2.5979314
2.6224616
2.7570767
2.7604175
2.772074
2.715568
2.6140902
2.711959
2.6445806
2.5866797
2.5512788
2.6773875
2.9896336
2.8080695
2.6799083
2.7122982
2.676243
2.7500367
2.5889184
2.643531
2.535289
2.675556
2.6640124
2.6161804
2.6640296
2.868533
2.7744033
2.8572583
2.8934395
2.7586055
2.6242888
2.6476479
2.6411276
2.6002152
2.59099
2.6365945
2.6362915
2.6741483
2.5972779
2.7372396
2.7934675
2.7558174
2.81288
2.478488
2.7610102
2.797986
2.4883535
2.803215
2.7991376
2.5496068
2.8766963
2.618095
2.8034225
2.7047417
2.7473648
2.6894417
2.54747
2.6400838
2.6470585
2.7033532
2.6060665
2.684156
2.7835925
2.6265414
2.623194
2.714407
2.6925726
2.5207446
2.8170931
2.7792048
2.6477377
2.649292
2.68641
2.508234
2.655307
2.5017076
2.3579826
2.4272504
2.6819756
2.6007547
2.4002619
2.510134
2.4799325
2.3126574
2.397659
2.5518265
2.4808476
2.615638
2.466209
2.519029
2.5258946
2.2912025
2.4844406
2.4693906
2.385212
2.387957
2.3811183
2.4240294
2.4304664
2.7554586
2.535475
2.5774274
2.5142474
2.4838495
2.4412656
2.339804
2.4456742
2.4252267
2.52311
2.6373284
2.7471905
2.57585
2.6123962
2.5473108
2.6809576
2.4897637
2.4591928
2.4420667
2.513977
2.448482
2.305912
2.4414492
2.5026982
2.2724307
2.2971296
2.4673755
2.433075
2.4886274
2.4282932
2.5680878
2.68445
2.3840425
2.297246
2.530609
2.5653274
2.510002
2.4665718
2.452087
2.4401567
2.5242307
2.458492
2.4132805
2.4315014
2.523424
2.3726616
2.5813131
2.4650226
2.5883844
2.3029385
2.388137
2.374645
2.3911722
2.2979755
2.4735503
2.3205843
2.3123188
2.520651
2.3345
2.277647
2.398142
2.317804
2.1919324
2.342411
2.5455422
2.2374055
2.4360979
2.389951
2.333103
2.4859164
2.5713975
2.2634127
2.3506274
2.444577
2.350202
2.4494605
2.5127094
2.4003997
2.4424767
2.5152063
2.4621325
2.601302
2.4282634
2.6105795
2.2340896
2.440002
2.4065287
2.252432
2.169512
2.3653336
2.5849526
2.388446
2.3101292
2.492138
2.2764134
2.3958313
2.2115965
2.2527266
2.2464018
2.346022
2.1778922
2.2614617
2.289449
2.3184392
2.3988457
2.233255
2.323787
2.2234564
2.39304
2.2804515
2.323219
2.2255785
2.2209158
2.2576387
2.1877444
2.2536728
2.2130167
2.335771
2.152236
2.35937
2.2324033
2.3632665
2.255941
2.1989398
2.2965865
2.3533826
2.2116847
2.318499
2.1727245
2.138169
2.372019
2.3294039
2.323462
2.350975
2.3407536
2.485805
2.331744
2.4316106
2.4499066
2.3548787
2.1833704
2.2253854
2.3287544
2.3835046
2.3279445
2.233585
2.3295248
2.2739558
2.4005964
2.534216
2.287031
2.3481917
2.3500261
2.1713624
2.29476
2.3281033
2.3321548
2.1572866
2.1365023
2.2637413
2.3494015
2.319979
2.1724565
2.3861625
2.2789774
2.2564664
2.287841
2.2536807
2.186147
2.1747615
2.1837826
2.381136
2.2464178
2.2552364
2.0935543
2.0630648
2.1590955
2.1602743
2.103174
2.2114975
2.195894
2.2068942
2.120063
2.1185918
2.1919656
2.2450821
2.2197669
2.198736
2.0760689
2.1003563
2.0765483
2.2375877
2.0701046
2.137168
2.2312021
2.0507805
2.1264055
2.261143
2.1816325
2.3704164
2.0983975
2.116658
2.2357755
2.1498342
2.1767726
2.364571
2.279856
2.182953
2.1648724
2.3638875
2.300458
2.2894115
2.0825665
2.2658625
2.3883975
2.3016217
2.2048588
2.3676224
2.3083246
2.1684594
2.2690368
2.276809
2.2595806
2.164494
2.1975577
2.2360427
2.220106
2.2069116
2.2412372
2.1430764
2.177222
2.15412
2.189277
2.2910986
2.1226544
2.1762264
2.1968482
2.1076846
2.1788468
2.3493905
2.0527287
2.342182
2.1971486
2.1381702
2.4112833
2.3421323
2.0775678
2.1721992
2.2714963
2.3676245
2.1452224
2.0440805
2.0858133
2.1693485
2.340649
2.2908244
2.1465209
2.2626626
2.1276264
2.2061124
2.104456
2.0641098
2.0469098
2.2866845
2.1954508
2.2088041
2.22751
2.0148056
2.0673766
2.409844
2.1444066
2.326277
2.266478
2.0426376
2.317111
2.1282077
2.1606097
2.1418169
2.2291667
2.254025
2.0928526
2.0495093
2.1727154
2.136395
2.0709345
2.220996
2.1912644
2.270708
2.1924694
2.2948558
2.0852914
2.1757314
2.258579
2.2298954
1.9473894
2.1069076
2.3461778
2.1058705
2.078852
2.1522665
2.0907254
2.052985
2.1232846
2.1539376
2.0700216
2.0189602
2.0966074
2.0824485
2.2231557
2.2663155
2.0292637
2.2727716
2.246353
2.3649232
2.2900221
2.2210784
2.0606096
2.1874695
2.2267592
2.2688034
2.244515
2.1589622
2.1859453
2.1191206
2.198827
2.2235584
2.096197
2.1641915
2.1067607
2.0744617
2.1420987
2.0833004
2.022291
2.1665044
1.9660298
2.0940602
2.131296
1.9926188
2.1300826
2.1023772
2.0227575
2.1766505
2.1686904
2.254103
2.0391662
2.1761928
2.0619042
2.2065053
1.9895953
2.116213
2.218818
2.1266296
2.1245625
2.147768
2.0670915
2.1348486
2.130165
2.17553
2.025661
2.186025
1.9979825
1.9965796
2.0904548
2.0164304
2.2443361
2.1419203
2.2048392
1.9933182
2.1280522
2.0722532
2.0374937
2.137726
2.169018
1.9778918
2.0861926
1.9925722
2.088894
2.0500906
2.0468283
2.1025095
2.17491
2.2727222
2.0998156
2.055869
2.1037064
1.97619
2.0104415
2.031935
2.2793524
1.9960004
2.0806222
2.0461667
1.9443437
2.1191375
2.136909
2.0212421
2.018777
2.0435355
1.949578
2.0684237
2.0743382
2.1087608
2.0749283
2.0657547
2.0165095
1.927943
1.9673928
2.0657973
2.0521412
2.0341818
2.0346029
2.0616844
2.139223
2.0363438
2.1134386
2.0421472
1.9773581
1.9927013
2.0213666
1.9569417
1.944203
1.984167
2.0102272
1.856214
2.0913901
1.9530573
2.104703
2.0836806
1.9728156
1.9351672
2.0288208
2.0900438
2.0505137
1.9648948
1.9078635
2.023265
1.939443
2.0080497
2.129748
1.8783537
1.9064789
1.9819329
1.970318
2.16981
1.9332138
2.1109118
1.8888215
1.9994905
2.10666
2.0223186
1.925905
1.8811382
1.9487282
2.0507827
1.9798118
1.9395127
1.8275455
1.915651
2.1408694
2.0443206
1.9983312
1.9865905
2.0085695
1.8967341
1.9785471
1.8765203
1.9026173
2.0348117
1.8592701
1.9250079
1.9722369
1.9719511
2.0524242
2.0550663
2.1801543
1.9871635
1.9797465
1.9735181
2.0102258
2.033009
1.906615
1.9432898
2.0400035
2.1087995
2.0133784
2.0323753
2.061805
1.9873827
2.0638793
2.008573
2.0367346
1.8978022
1.9257534
1.8950713
1.9405149
2.0226898
2.083535
1.9534966
1.853544
1.9425782
1.9354734
1.863225
1.923638
1.9128616
1.8707545
1.903327
1.8794945
2.034489
1.859478
1.8477684
2.035087
1.8949867
2.1041985
2.0683496
1.9696733
2.0480332
1.8236636
1.8229003
2.087628
2.0464227
2.0297213
1.8698002
2.132064
2.0908484
2.1702564
1.8764937
1.9157145
2.1341474
2.0255547
1.9910733
1.9425644
1.9912003
1.8989004
2.0577328
1.8972609
1.9880837
1.9940464
1.8562578
1.968119
1.9117006
1.8724953
1.7401474
2.0254407
1.8807503
1.8630548
2.0476274
1.9951838
1.9013888
1.7558625
1.9080395
2.000613
2.023522
1.9054061
2.0496128
1.843369
1.9271803
1.9796367
2.0742078
1.9262872
1.8978469
1.8741947
2.125989
2.0219948
1.8743931
2.11377
2.1210334
1.9145709
1.8819159
1.8871052
1.9781172
2.0160758
1.938943
1.974238
1.9047552
1.9506748
1.9303764
1.8293678
1.8279653
1.991749
2.035787
1.8729311
1.8691264
1.922143
1.921003
1.8743905
1.9668162
2.133381
2.0268085
1.9111552
1.9572048
1.9691207
1.9655563
1.877225
1.965959
1.903719
1.9752926
1.8955047
1.9802277
2.0098076
1.865302
1.8866602
1.9649665
1.8013905
1.9266638
1.84763
1.867124
1.8455056
1.8764443
1.8108878
1.852716
1.8577403
1.9195642
1.8482755
2.0387945
2.0400195
1.9891975
1.9988278
2.123346
2.229366
2.096916
2.0115035
2.012546
1.8995137
1.9204986
1.8715762
2.0607057
1.8727984
1.9271575
2.0872166
1.9449769
1.790162
2.0129886
2.0385802
1.8793242
1.9079274
1.8371052
1.8608015
1.8792917
1.8508214
1.9233088
1.8503542
1.8343799
1.9568201
1.9358186
1.8628379
1.9210522
2.00642
1.8675511
1.8338245
1.8828187
1.9220415
1.9202425
1.7542387
1.9335763
1.8165958
1.866746
1.8299795
1.9762515
1.9126208
1.945112
1.9647725
1.9934998
2.0527322
1.8236531
2.0652804
1.849762
1.8377317
2.0305068
1.8015947
1.9605539
1.8829972
1.876255
1.8994772
1.9350122
1.8569638
1.8386024
1.9122664
1.9477818
1.8101218
1.990091
1.8724325
1.7959335
1.8724872
1.8745502
1.907536
1.8715016
1.774648
1.7607818
1.8863232
1.8158216
1.847714
1.7848692
1.7437634
1.8840013
1.923529
1.9410112
1.9355271
2.1095846
1.8404769
1.952354
2.1613896
1.9207954
1.8775345
2.2091985
1.9818672
1.8507798
1.7864838
1.8486791
1.9119072
2.0484343
1.8064358
1.7633646
1.924237
1.9603243
1.863431
1.7837977
1.776529
1.9149978
1.8814237
1.878602
1.6901658
1.7857947
1.888584
1.8759812
1.863141
1.8487717
1.8546375
2.0126157
1.87639
1.7986598
1.8083556
1.7865489
1.9073435
1.7726687
1.8374805
1.8104738
1.8363024
1.9017957
1.883691
1.817016
1.9244598
1.9129404
1.8839729
1.8113339
1.8144736
1.824301
1.959723
1.8517605
1.9907055
1.8728133
1.7919505
1.8363436
1.7934432
1.8874743
1.822869
1.7365764
1.7771938
1.723612
1.901962
1.8394563
1.8153223
1.8088652
1.8961213
1.8271059
1.8140787
1.8599224
1.8111062
1.9460553
1.8726412
1.8272746
1.7552898
1.8672414
1.8529487
1.7798352
1.8215625
1.8008993
1.9552553
1.8197358
1.8486025
1.8164634
1.7814419
1.940768
1.8533726
1.9053762
1.8635962
1.7738081
1.8740014
1.7582483
1.7209095
1.8002795
1.939721
1.8463136
1.7918673
1.8213928
1.7192057
1.7066662
1.7687525
1.8464785
1.8998045
1.8928901
1.9323063
1.7810693
1.8010607
1.9930167
1.8072222
1.8423398
1.791043
1.7971165
1.81389
2.0268767
1.9677862
1.9539002
1.8871229
1.9500707
1.8281026
1.996415
1.7860572
1.8067654
1.7873464
1.8356035
1.9479452
1.9710122
1.7750095
1.752084
1.8094157
1.6960055
1.810089
1.6677438
1.7420578
1.790208
1.6716528
1.7795768
1.8679739
1.7051715
1.8148569
1.7364702
1.6914269
1.813785
1.7304564
1.7620327
1.8206561
1.7894387
1.9203677
1.89839
1.8196353
1.8388847
1.7889638
1.8386708
2.0020015
1.852651
1.7155155
1.9623448
1.9449109
1.8973317
1.8778782
1.8837857
1.9138521
1.8259914
1.6923862
1.9114387
1.9229281
1.9056945
1.7562577
1.8334315
1.8407141
1.8831404
1.807397
1.8200028
1.9499787
1.7930957
1.7716621
1.7701057
1.9093739
1.7711515
1.8208797
1.8375965
1.7691343
1.8457125
1.9086804
1.7247218
1.8098288
1.7613147
1.838774
1.8780928
1.7540495
1.7500994
1.8278407
1.8805445
1.7892792
1.799269
1.7425245
1.8301659
1.8194988
1.8449528
1.7982082
1.8479012
2.0247383
2.001821
1.9177758
1.9645667
1.903712
1.8337324
1.9780728
1.7401922
1.8514096
1.8387158
1.8731014
1.9002665
1.8603706
1.7757313
1.7649746
1.8681512
1.8532584
1.8118795
1.8975837
1.8041735
1.8110553
1.794143
1.8207275
1.7572404
1.7747169
1.8443162
1.8819382
1.7000993
1.8429377
2.017275
1.8762594
1.6982126
1.8198019
1.919789
1.803592
1.8856788
1.7816068
1.7802198
1.8666975
1.787308
1.7868774
1.9452845
1.7926865
1.7864257
1.8947135
1.8170799
1.7369804
1.8730258
1.8096586
1.807975
1.7526672
1.8155814
1.753581
1.7842965
1.759099
1.7948045
1.726251
1.7730249
1.9012507
1.7192394
1.7343332
1.8236743
1.79953
1.765077
1.808635
1.7822556
1.7075433
1.6997551
1.9262174
1.6892926
1.8520114
1.7611017
1.7562755
1.9221016
1.8432505
1.8869137
1.699036
1.8155003
1.8330575
1.819672
1.820895
1.7750493
1.8674324
1.6933537
1.816486
1.7612077
1.7423693
1.7498494
1.8474452
1.697124
1.7413137
1.7494622
1.7960957
1.683647
1.7031412
1.7916296
1.7756795
1.8129047
1.7753665
1.795262
1.739651
1.7973803
1.7175783
1.7642517
1.767464
1.8438678
1.6659168
2.019143
1.888778
1.7814207
1.7206955
1.8634069
1.8873112
1.7284545
1.7307962
1.727927
1.8790735
1.7466345
1.8154955
1.7271569
1.7469532
1.7030061
1.8707232
1.8714675
1.7287815
1.8614874
1.8001199
1.7621056
1.7438791
1.7551937
1.8768517
1.7434379
1.849641
1.750426
1.8882586
1.9025242
1.8136216
1.8681448
1.8250749
1.7740387
1.8950549
1.9090142
1.7629812
1.9807849
2.0185513
1.7791275
1.8192949
1.7667042
1.7825873
1.8304428
1.7009937
1.737052
1.7578295
1.7768656
1.874598
1.864129
1.6301146
1.7335807
1.758077
1.7854689
1.8804959
1.835743
1.6871723
1.7258798
1.8420513
1.7387624
1.8446298
1.8056393
1.684119
1.7900065
1.831148
1.824557
1.9166515
1.7700641
1.7389694
1.8887635
1.8368574
1.8381791
1.8750437
1.7499919
1.6441939
2.0729308
1.774546
1.7779435
1.6414847
1.8119062
1.9512568
1.7861735
1.7214197
1.7856942
1.8040557
1.7406824
1.6911175
1.786364
1.7636993
1.7841603
1.7768874
1.6768582
1.6614653
1.7012768
1.7568238
1.738541
1.7712537
1.8487972
1.7344567
1.7133218
1.7580962
1.8128984
1.7001315
1.7504739
1.7641995
1.94072
1.8072788
1.7203908
1.8971672
1.8183535
1.766595
1.865358
1.9917325
1.7135875
1.7277312
2.2094495
1.923514
1.742458
1.7086536
1.7863308
1.8043151
1.971458
1.8260272
1.7253573
1.8112527
1.8622634
1.879231
1.7372566
1.79648
1.7381349
1.8178748
1.7615958
1.6894652
1.702497
1.78104
1.7486194
1.7237686
1.7419767
1.6926678
1.8398383
1.801476
1.7450914
1.7825621
1.7224587
1.7868662
1.7846328
1.7328218
1.8372953
1.8779613
1.7199769
1.7317083
1.6783862
1.8799471
1.75886
1.6914331
1.6870995
1.7078125
1.7557318
1.7507312
1.8288753
1.7844388
1.8270625
1.6771477
1.7804446
1.697657
1.809985
1.8815846
1.89936
1.6416212
1.7244787
1.6936535
1.7329563
1.735183
1.6739197
1.6993725
1.761871
1.7105434
1.7381301
1.7258946
1.7393005
1.783175
1.82652
1.7671274
1.8327496
1.8119155
1.8540231
1.8157022
1.813381
1.9222854
1.6916811
1.678717
1.8254225
1.7263464
1.8247135
1.7076029
1.6931393
1.6934264
1.8583618
1.8071357
1.8323694
1.9014907
1.8017257
1.7255094
1.6212157
1.7369734
7.037
13.044472
15.108546
17.899124
19.350239
20.154575
20.5004
20.569927
21.138811
21.250229
21.862688
22.54149
22.460176
22.29946
21.874125
22.584677
22.718916
21.99984
22.150354
22.354048
22.20037
23.043371
22.941036
23.13252
22.979544
22.797388
23.019983
23.383469
22.056915
22.16798
22.966105
23.184904
23.510736
23.023924
22.933355
22.866337
23.30946
22.344976
23.399868
22.113203
23.606207
23.436275
23.62068
23.467316
23.103094
23.08102
22.740952
22.326063
23.244743
22.400223
22.411257
23.1145
22.217333
22.01452
22.73891
22.946672
23.33896
22.227049
22.953444
22.990028
23.138187
22.71412
22.481228
22.160357
22.938599
22.748959
23.235811
22.458714
22.12775
22.345507
23.0648
21.86252
22.872349
22.845531
23.038363
22.721075
22.238087
22.479767
23.000778
22.66933
21.515429
22.273272
22.044342
22.67992
22.252716
21.966503
22.255585
22.48418
22.650026
22.447285
23.431404
22.24177
22.426395
22.357924
22.080055
22.694744
21.798023
21.919315
22.251514
22.449732
22.454132
22.349928
22.487526
22.902412
21.801994
21.65396
22.135271
22.623327
22.60197
22.470028
22.391356
22.546768
21.717056
22.086107
22.060215
21.898714
21.511742
23.132011
21.584412
22.518736
22.203888
22.721209
21.794292
22.893795
22.20652
21.78688
22.628454
21.728624
22.641268
21.810537
21.8421
21.582851
22.36539
22.490128
21.783129
22.1771
21.276688
21.825733
22.053602
22.201008
21.703676
22.260183
22.190136
22.282171
21.993423
21.297756
21.909187
22.074831
22.106792
22.053509
21.817064
22.015345
23.0637
22.398369
22.244804
21.563507
21.922928
22.217264
21.166079
21.617846
21.773405
20.743254
22.122791
22.520674
21.621336
21.784952
21.491234
22.00108
22.356613
21.72217
21.981234
21.053965
21.225504
21.511124
22.11977
21.132452
21.178473
22.331856
21.697536
21.787642
21.899628
20.872667
21.745108
21.845053
21.440304
21.316616
21.69069
21.80292
21.103601
21.576128
21.013235
20.988836
21.160324
20.718517
20.652056
21.109013
21.463987
21.221998
21.44354
21.57793
21.28903
21.048717
21.435324
21.380548
21.169878
21.162792
21.533892
21.169716
20.423876
20.663038
20.821575
21.535507
21.721128
21.323273
21.51965
21.243156
21.268854
21.138433
21.1968
20.442497
21.032558
21.557264
21.142817
21.365528
21.540709
20.825373
20.17672
19.877604
21.177069
19.847912
20.566551
20.736485
20.489737
21.258368
20.670315
20.935692
20.469803
20.955442
20.380936
20.29559
20.841682
20.218674
20.101892
21.236555
20.808546
20.929846
21.198027
21.120438
21.265442
19.7491
21.076357
20.95489
20.614405
20.27938
20.22628
20.171373
20.065182
20.282124
20.258982
20.96693
19.367935
19.761211
21.116596
21.285448
20.449005
20.118704
20.854092
19.586975
20.510721
19.718252
20.0246
20.479599
20.581358
20.63498
20.421732
20.327572
20.037354
19.79206
20.01462
20.464191
20.388554
19.94584
19.707096
19.586409
20.245125
19.616398
19.304136
20.135971
19.51712
20.240606
19.732826
19.532114
20.0924
20.038536
19.812927
19.447174
19.801104
19.428387
19.877388
19.43828
19.682325
19.710361
19.275255
19.048304
20.240744
19.170351
19.760147
19.33823
19.815931
19.312729
19.862703
19.228926
19.834583
20.086216
19.00084
19.320438
19.597988
19.215576
19.60118
19.002796
18.746792
19.610903
19.500357
19.265575
19.022665
19.264856
19.487452
19.537825
19.372976
18.955479
18.754004
19.122316
18.90787
18.614107
19.221657
18.836308
19.08368
19.060884
18.000978
19.119371
19.438538
18.98743
18.654488
18.9149
18.898186
18.552595
18.80753
19.126701
18.955101
18.8297
18.863056
18.351414
18.969082
18.819132
19.8235
18.354357
18.806885
18.331554
18.902702
18.89158
18.465256
17.977423
18.444855
18.762083
17.835625
18.178612
18.669544
17.887247
18.038565
18.388643
18.459593
18.852852
18.717844
18.261692
18.478966
17.958794
17.978924
18.125805
17.951534
18.917517
18.399464
18.090147
17.930355
17.193617
18.162975
17.875608
17.408283
17.379068
17.219524
17.713457
17.584696
17.57274
18.67668
17.39126
17.233242
17.30449
18.082687
17.514217
17.73249
17.545933
17.509766
17.970448
17.677645
17.092726
17.53065
17.532469
16.643839
16.533697
17.285633
17.077839
17.370459
17.626408
15.48913
16.638178
16.940077
17.291155
17.231024
16.133347
16.999926
17.290712
16.649914
17.457624
16.77248
16.577646
17.2345
16.586868
16.765476
16.448427
17.029997
16.61408
16.446756
16.654099
16.777039
16.421324
16.039867
16.852655
16.281477
16.547668
16.347916
15.85994
16.563572
16.262457
16.103886
15.583072
15.949272
16.749748
16.775593
16.457022
15.955898
15.164038
16.091993
15.821192
16.453348
16.171566
16.23148
15.86915
16.401415
15.751416
15.873013
16.200705
15.67197
15.377948
15.286848
15.465576
15.176041
15.461166
15.543196
14.848941
15.802884
15.298222
14.902983
15.379256
15.102262
14.868461
15.62399
15.86497
15.182331
15.151529
14.796196
14.769312
14.956329
15.890847
14.933501
15.068841
14.797868
15.117956
14.805651
14.722954
14.740647
14.660556
14.940962
14.781283
14.42075
14.28512
14.732817
14.1894
14.451402
14.0778055
14.445644
14.6602
14.598291
14.474068
13.847879
13.862665
14.413736
14.1895275
14.912056
13.983752
14.178064
13.684934
13.888852
14.275611
14.582494
14.561917
14.489801
13.647366
14.11485
13.94048
14.026388
13.650923
13.022701
13.494166
14.006468
13.901282
13.920649
13.65229
13.6453085
13.702401
13.2009325
13.317126
13.511109
13.374456
14.158599
13.753252
13.290955
13.831578
13.330193
13.369202
13.367551
12.98729
13.155974
13.321915
12.82974
13.526167
12.88819
13.45805
12.990884
13.150386
13.801535
13.373478
12.754188
12.735466
13.158962
12.777052
12.847943
13.357584
13.322876
13.279238
13.00926
12.998228
12.501499
12.963276
13.580001
12.386284
13.153999
13.341127
12.250024
12.445378
12.830108
12.368094
12.735519
12.858842
12.765873
12.546198
12.635015
11.951156
12.28442
12.82873
12.850358
12.504031
12.473127
12.621166
12.505664
12.556708
12.486385
12.469371
12.441912
12.030364
12.598942
11.796238
11.709298
12.857236
12.494157
12.071528
11.476246
11.708118
11.802674
12.564852
11.126704
12.048476
11.919376
11.840092
11.5542
12.759322
12.174931
11.725077
11.755488
10.821035
11.659209
11.749714
11.722086
11.743226
11.6968565
11.186194
11.594499
11.762237
12.015728
11.694932
11.949118
11.377588
10.963443
11.815792
11.089582
12.258456
11.933948
11.616904
10.983254
11.262966
10.956236
11.641824
11.320182
11.512292
11.680658
11.6945915
11.205586
11.476882
11.564084
10.960146
11.7445
11.7865715
11.241794
11.199652
11.198762
11.290482
11.343812
11.239679
10.882432
11.332019
11.482028
11.058956
10.7262535
11.216398
11.054404
11.112664
11.051836
11.240638
10.948015
11.096619
11.138817
11.178648
10.660931
10.915124
11.094414
11.115814
11.642384
11.008251
10.620156
10.56503
11.288524
11.76847
10.889842
10.822745
11.23354
11.304889
10.373246
9.856916
11.053201
11.15967
11.236276
10.969694
10.744499
11.22318
10.293439
10.899647
11.078966
10.912793
10.990704
10.881366
10.756838
10.39132
10.780516
10.863282
10.76903
10.98986
11.54348
10.435304
10.536456
10.455809
10.07039
10.546804
10.389842
10.447301
10.321411
10.420958
10.370877
10.420674
10.52691
10.873931
10.60684
10.610828
10.353958
10.135232
10.308088
10.583336
10.020083
10.378883
10.132262
9.832094
9.935142
10.412899
10.061542
10.18914
10.272276
9.633528
10.041499
10.361812
10.663311
9.811066
10.47548
10.006569
10.110918
10.310036
10.204224
10.129402
10.011231
9.553978
10.342108
10.281054
9.839672
10.244562
10.157669
10.062931
10.023774
9.694792
9.889996
9.924466
9.935256
9.825425
9.96204
9.714129
9.560305
10.200264
9.607272
10.533302
9.370962
10.051018
9.910184
9.791797
9.243833
10.299854
9.82483
10.198761
9.58936
9.77514
9.661435
9.888128
9.853886
9.789452
9.506014
9.396309
9.428504
9.149008
9.468021
9.441212
10.447233
9.426838
9.94712
9.6391735
9.379099
9.765946
9.426718
9.896734
9.594197
8.862944
9.511761
9.330584
9.122366
9.167288
9.608882
9.59331
9.35808
8.964392
9.534013
9.242222
9.327001
9.26496
9.7617855
8.669031
8.674168
9.674369
9.492617
9.880244
9.302047
9.180672
9.316346
9.192499
9.103789
9.152751
9.315688
9.640706
9.02237
8.6075115
9.276508
9.302516
9.7029
8.809828
9.329416
8.940049
9.753426
8.711206
8.664645
9.116958
9.0234785
8.831412
9.485589
8.914565
9.134561
8.968434
9.021748
9.067415
8.492993
9.374286
8.621692
9.031305
9.062997
8.827257
8.480108
9.05263
8.416569
8.745688
8.914311
8.81721
8.64885
8.475885
8.586259
8.687938
8.874207
8.725766
8.431424
8.665501
8.444034
8.187152
8.477581
8.530565
7.838848
8.546948
8.942426
8.135687
8.497966
8.27017
8.454712
8.325884
8.48092
8.466688
8.400879
8.46864
8.584706
7.986708
7.7917347
8.442187
8.366523
8.109985
8.27217
8.213313
8.206698
8.082055
8.043471
8.422305
7.9069624
8.162226
8.541384
8.360586
7.880316
8.1524315
8.385491
8.152039
7.922792
7.931462
7.4969726
7.960402
7.933198
7.8252344
7.9315066
7.574211
7.8151083
7.598393
7.8104496
7.9727607
7.842266
7.7706327
7.87594
7.814911
8.094625
7.65051
8.079215
7.6334405
7.498146
7.748933
7.429398
7.405095
7.6267056
7.898776
7.37582
7.6345654
7.837964
7.457951
7.692575
7.7306776
7.2105403
7.214459
7.404359
7.75969
7.135545
7.088255
7.498537
7.5494027
6.922971
7.718693
7.476713
7.515473
7.206447
7.4024673
7.382637
7.0148935
7.113921
6.623465
7.052491
7.247161
6.887266
6.943938
7.493201
7.010043
7.1568418
7.141173
7.1658626
7.1819386
7.3490696
6.669699
7.0983267
6.89013
7.1716633
7.6177
7.237785
7.250563
6.987149
6.9490843
7.1991158
6.731312
6.818195
6.914036
6.915292
6.633179
6.768597
6.918301
6.868283
6.779297
7.127164
7.017
6.7658415
6.775539
6.2503963
6.8814487
6.451744
6.6105466
6.717269
6.665358
6.56997
6.391324
7.3536654
6.986077
6.7077527
6.71534
6.4463124
6.9806633
6.4700446
6.6477785
6.5033283
6.820368
6.746319
6.930191
6.726484
6.9671316
6.087998
6.6409926
6.3735147
6.3801656
6.5118823
6.254473
6.547667
6.287161
6.190351
6.108561
6.3378663
6.685855
5.826188
6.127548
5.940618
5.9454646
5.852447
6.2278934
6.39713
6.324755
6.333356
6.4878654
6.002158
6.359921
5.914436
6.075903
5.945624
5.9847665
5.9791055
6.5361733
6.0619974
6.2538977
6.015467
6.210003
6.0103455
6.556208
6.339817
6.037314
6.229468
6.097782
6.1117334
6.050338
5.9991417
6.1823335
5.8397713
5.9530253
5.805771
6.0695405
5.728299
5.966272
5.895507
5.922532
5.997715
5.872677
5.872268
5.9493947
5.563891
5.7973614
5.895928
5.72699
5.617531
5.587077
5.7159214
5.5560546
5.642084
5.588313
5.7384048
5.595389
6.0120068
5.856534
5.713557
5.756534
5.546393
5.786714
5.403718
5.415368
5.682583
5.600773
5.4496474
5.542929
5.6228366
5.654315
5.23127
5.36584
5.485438
5.6290383
5.334384
5.287243
5.243313
5.438106
5.1891356
5.1591883
5.530313
5.801062
5.224918
5.4485297
5.3708415
5.6869645
5.553557
5.393082
5.670723
5.461766
5.381227
5.048215
5.406237
5.213496
5.08101
5.1713767
5.298979
5.2419477
5.600597
5.176592
5.0125623
5.033635
5.1766787
5.356361
5.1527944
5.2366376
4.97186
5.094799
4.956884
5.272865
5.409241
5.175638
4.8223805
5.0889616
4.9361444
5.180579
5.036654
5.321126
5.056698
5.164073
5.020426
4.942652
4.847628
5.0529447
4.878492
4.72585
5.158726
5.12407
5.0092463
4.932104
4.8557663
4.8776593
4.603036
5.03091
4.924744
4.917597
4.8686457
4.611144
4.828201
4.635007
5.012639
5.0940523
4.585743
4.38619
4.825951
4.762908
4.827906
4.848369
4.772216
4.994947
4.413175
4.648156
4.918549
4.546429
4.7257
4.658288
4.6115623
4.462635
4.6622906
4.351593
4.8868275
4.320185
4.4412246
4.452781
4.2239575
4.4657125
4.2312446
4.423765
4.7775908
4.1676264
4.615199
4.594143
4.206771
4.551753
4.7876005
4.461743
4.350707
4.1520543
4.661957
4.379925
4.330513
4.351196
4.323359
4.4719796
4.371666
4.289259
4.5286713
4.502061
4.189838
4.542771
4.396772
4.147526
4.0669465
4.3278074
4.380751
4.314438
4.2106695
4.025322
4.1528287
4.1515164
4.144354
4.3758016
4.204318
4.453607
4.235363
4.284117
3.9420776
3.8791804
4.0534487
4.202448
4.1502657
4.4120054
4.0609236
4.228964
3.699292
4.21825
4.1579657
4.088467
3.8125331
4.070078
4.047398
3.888971
4.053563
4.037068
4.1235204
4.1611905
4.2393026
3.9848385
3.9991884
3.8765814
3.9261305
4.2148695
3.721489
3.875415
4.0647273
3.8158932
3.9301703
4.010606
4.3497524
3.8670292
3.917891
3.977798
3.5978453
4.1126895
3.8579748
3.789372
4.101001
4.209859
4.175146
3.8744166
3.8996377
3.811103
3.721303
3.9102342
3.9069858
3.8629396
3.92669
3.6794374
3.8194716
3.7220924
3.7364032
3.999497
3.711386
4.0072403
3.6720173
3.9028516
3.6551306
3.63244
3.999741
3.724196
3.6829727
3.803283
3.7015526
3.658828
3.6102073
3.7681584
3.862189
3.7273777
3.5193594
3.761956
3.6892264
3.527723
3.42309
3.496899
3.7332852
3.6932952
3.796504
3.6159022
3.659031
3.5051632
3.7516928
3.7462635
3.622489
3.6340666
3.58132
3.579968
3.5428758
3.860854
3.624572
3.448975
3.47768
3.5379865
3.4846854
3.584585
3.6288447
3.447603
3.8899772
3.363312
3.592688
3.838161
3.6697
3.3765755
3.526632
3.6720746
3.499553
3.619448
3.6747355
3.507639
3.5439725
3.4942005
3.476538
3.5123265
3.4575706
3.3830304
3.3715904
3.1708775
3.435847
3.315479
3.6662261
3.2746398
3.3753095
3.410837
3.2431831
3.4938104
3.380815
3.2708476
3.5076091
3.2689419
3.4221325
3.285985
3.4141824
3.6343446
3.3313966
3.211189
3.3521218
3.3140738
3.3797414
3.4781065
3.004729
3.319036
3.210895
3.198798
3.3996534
3.5942812
3.3861654
3.3032777
3.4081304
3.5071156
3.2598474
3.195504
3.0002065
3.2467794
3.545865
3.274498
3.3414762
3.1739566
3.1412194
3.2296205
3.283257
3.212581
3.5261059
3.3518765
3.2941668
3.147545
3.3294535
3.2737596
3.2372456
3.3215826
3.340387
3.132747
3.065761
3.1438215
3.249825
3.230614
3.0279176
3.054307
3.0018713
3.1621318
3.0852134
3.3099902
3.2574418
3.0677462
3.152062
3.1939614
3.1421874
3.2500668
3.0592725
3.3616016
3.0196419
3.111778
3.0710065
3.320225
2.9064686
3.0564792
2.8613756
2.9815345
3.1304846
3.0040178
3.0436375
2.9364777
3.1058135
3.2017918
3.0813634
2.8972025
3.2571058
2.8534122
3.226143
3.3647459
3.0986686
3.0558984
3.2539785
2.977993
2.835095
3.0884361
3.0405705
3.044447
3.1704895
3.244569
3.2506657
3.027082
3.131612
2.9351208
3.165737
2.9506035
3.006731
2.8482924
3.001464
2.8718286
3.07085
3.1014376
2.818056
3.3739796
3.0132215
2.906026
2.9804506
3.2210662
3.1084092
2.9279368
2.9253318
2.9487371
2.8372827
2.8717158
2.8976226
2.904768
2.8044827
2.8492107
2.9648268
2.9487062
3.0372984
2.9338264
2.931711
2.8157134
3.0804079
3.08557
2.8054678
2.7840295
2.97045
2.8806343
2.817142
2.9203718
2.9596746
2.792305
3.058097
2.9046166
3.2301
2.783058
2.8849576
2.7670422
2.8022134
2.808214
2.8646412
3.0069575
2.808118
2.814761
2.7998886
2.807121
3.0305007
2.8914905
2.889024
2.8000858
2.795808
2.8057735
3.1211295
2.8868945
2.8979352
2.729988
2.9113913
3.201134
2.7321136
3.1037745
2.8201416
2.9717116
2.6974518
3.1229835
2.917039
2.956642
2.9370062
2.7292144
2.7942386
2.9080374
2.722287
2.870091
2.720258
2.8326173
2.9684474
2.757503
2.946382
2.6072962
2.7945929
2.99215
2.7323816
2.907689
2.8886778
2.7765365
2.687651
2.80895
2.575175
2.828818
2.808944
2.749555
2.7515152
2.8111107
2.8434145
2.7366035
2.8442557
3.0114908
2.7661788
2.8196115
2.5458455
2.773997
2.8744805
2.722467
2.7961166
2.7714355
2.6184888
2.7454114
2.8024478
2.789055
2.8278751
2.6722116
2.6190295
2.733989
2.7031238
2.884767
2.7142544
2.7498667
2.9109316
2.6622148
2.849541
2.8161588
2.8070228
2.497062
2.743571
2.7227068
2.6261365
2.9685352
2.6636086
2.6817214
2.867456
2.6630416
2.8440106
2.6725752
2.735284
2.7351837
2.779327
2.607358
2.8273165
2.6608355
2.9239402
2.548783
2.7313924
2.4248376
2.5393336
2.8781385
2.6444554
2.5916295
2.5187633
2.7702715
2.6752455
2.6011386
2.7036264
2.5401785
2.647608
2.728799
2.901219
2.4624546
2.5365849
2.5375512
2.6784487
2.6454391
2.8370347
2.6686654
2.7113736
2.4673896
2.506149
2.7122595
2.8729835
2.4955256
2.665638
2.722377
2.4893107
2.6627479
2.6998453
2.640967
2.4845154
2.5569005
2.660441
2.574041
2.6656024
2.539511
2.746271
2.5176535
2.6412714
2.766559
2.5770333
2.554449
2.5202527
2.8090758
2.5287495
2.6355548
2.4496636
2.5544953
2.6948996
2.868286
2.5689018
2.623132
2.5024009
2.626048
2.603481
2.638113
2.7142677
2.6509225
2.5283308
2.544842
2.5091026
2.6113513
2.6727035
2.582513
2.5288377
2.540464
2.6881597
2.696519
2.712637
2.631051
2.597412
2.694421
2.528178
2.5843153
2.5041847
2.563758
2.5454576
2.6327674
2.6655674
2.6242757
2.5523515
2.6299212
2.7379205
2.544989
2.4483445
2.7133555
2.5797374
2.519141
2.5280547
2.4219577
2.6419108
2.5076246
2.6180115
2.459128
2.5287526
2.448605
2.60838
2.4785154
2.6049788
2.6204574
2.6275895
2.553197
2.493437
2.5898955
2.6082213
2.468813
2.6742299
2.4284685
2.4883213
2.4264576
2.4039946
2.5259838
2.4297695
2.666678
2.7536118
2.727856
2.4697866
2.500791
2.4874215
2.609756
2.5731559
2.3659568
2.458337
2.450838
2.4978373
2.5657165
2.444825
2.4080267
2.5505724
2.4493787
2.5424418
2.6070552
2.4418948
2.5431926
2.6690016
2.569387
2.4833634
2.3743997
2.4618795
2.5426753
2.4889138
2.4082024
2.486184
2.479746
2.4899886
2.623937
2.4371235
2.4014854
2.5616145
2.6031559
2.4700406
2.6072543
2.3696632
2.483363
2.413687
2.3997386
2.5499315
2.499578
2.682894
2.5154068
2.676763
2.5657904
2.6130455
2.5163243
2.526901
2.4429173
2.568841
2.5320005
2.4360526
2.5568018
2.4057655
2.458509
2.4655933
2.533592
2.367133
2.3779006
2.7485266
2.421533
2.3266165
2.3593168
2.465474
2.4381707
2.3889217
2.448044
2.58277
2.449833
2.6062346
2.4060965
2.3036914
2.4952652
2.3383954
2.611443
2.4840186
2.522106
2.4156075
2.7107787
2.4064615
2.4368198
2.4887547
2.440442
2.3808126
2.481242
2.2825115
2.339961
2.4539883
2.440839
2.590641
2.4217737
2.348072
2.508511
2.5148582
2.3728342
2.5751765
2.2637067
2.449356
2.6150575
2.3069706
2.6226356
2.4625294
2.2815545
2.4348693
2.4500804
2.602882
2.3536024
2.4675212
2.4221015
2.441722
2.319655
2.46414
2.3199408
2.4575787
2.3452063
2.4890459
2.5689595
2.4688494
2.368463
2.358717
2.3592265
2.332741
2.505996
2.4674182
2.37724
2.476722
2.3948703
2.4724877
2.464444
2.436446
2.3743148
2.4348311
2.5347376
2.2887294
2.3971953
2.3731523
2.3435185
2.353926
2.379999
2.3369262
2.404025
2.454516
2.4127545
2.3604856
2.4438848
2.367972
2.409551
2.551481
2.413228
2.369476
2.4188244
2.4454725
2.4439802
2.3418784
2.4622145
2.409547
2.5283456
2.5060415
2.2896175
2.4178755
2.271219
2.335456
2.359375
2.488847
2.2614639
2.3356764
2.4100416
2.289502
2.305734
2.537572
2.3800573
2.4394197
2.448428
2.4700086
2.3707936
2.431961
2.3252904
2.4472256
2.1134164
2.2408335
2.4517446
2.3985238
2.4435112
2.4203334
2.2735505
2.4002945
2.3269486
2.3808687
2.4824314
2.398323
2.5436814
2.350982
2.509201
2.4365716
2.4601958
2.372228
2.4267755
2.3020985
2.3643572
2.5248325
2.3321228
2.2866194
2.414043
2.3551579
2.5627441
2.541914
2.2673864
2.5510771
2.1819901
2.2880118
2.3459954
2.3790975
2.2557135
2.3309636
2.3573606
2.360376
2.2192445
2.399421
2.2891474
2.2560844
2.4592361
2.175675
2.2834926
2.4366274
2.2613366
2.26012
2.3132153
2.365186
2.3087578
2.4681525
2.33183
2.311271
2.3648307
2.470088
2.234595
2.2868085
2.3792648
2.4155412
2.4682307
2.4579942
2.3088543
2.351918
2.4576013
2.2715526
2.4793525
2.345674
2.4140804
2.4791605
2.3799655
2.3509364
2.451458
2.1788225
2.380781
2.2622495
2.3061125
2.258362
2.342112
2.552232
2.5546756
2.1990075
2.4006414
2.4739726
2.4770246
2.301244
2.351523
2.3928547
2.1569605
2.316633
2.432352
2.4622254
2.2984562
2.4740655
2.1262028
2.4845695
2.3240805
2.1394548
2.264145
2.211449
2.303398
2.347463
2.277557
2.193532
2.279746
2.3171575
2.226691
2.2227712
2.2921245
2.4609985
2.2829223
2.163963
2.2656863
2.1700873
2.2399936
2.5179055
2.163441
2.388631
2.3682015
2.2315395
2.507217
2.4448986
2.359333
2.121522
2.4092238
2.2752433
2.3371658
2.2401755
2.3647647
2.2944255
2.321014
2.3562765
2.3147511
2.2610579
2.5186727
2.449107
2.3356261
2.2725408
2.291436
2.4516876
2.3566496
2.3161006
2.4601793
2.3821943
2.329003
2.342978
2.2640395
2.442509
2.207961
2.1759665
2.2715836
2.2468946
2.452711
2.5739996
2.218036
2.2066696
2.333594
2.2443407
2.2565446
2.3042364
2.35532
2.3065581
2.3295457
2.3420954
2.2461555
2.314647
2.467676
2.2921154
2.2738492
2.2844489
2.333807
2.0487366
2.222461
2.8794463
4.0032306
5.3383327
6.52779
7.9848576
8.730822
9.698875
10.30245
11.131996
12.48641
12.209541
12.755044
13.200032
13.178098
13.355565
14.029388
13.330017
13.985112
13.944192
13.889614
13.906752
14.489682
13.790803
14.091812
13.991486
13.779118
13.889598
13.671419
14.329725
13.824894
14.141662
14.119877
14.202244
14.07482
13.989464
13.755208
13.691644
12.9713335
13.66223
13.36968
13.251458
13.3521595
14.034594
12.98996
13.392529
13.427956
13.534474
13.306292
12.825814
12.41111
12.578783
13.019402
13.098942
12.355652
13.427304
11.892882
12.0586605
13.0139265
12.180668
12.301922
11.1848135
12.252237
11.94604
11.81614
11.757946
11.388854
11.847276
11.228206
11.5430975
11.566386
11.110022
11.561772
10.972463
10.749116
10.588991
10.571679
10.831876
10.925513
11.098964
10.549322
10.403882
10.646116
10.871774
10.481795
10.3618
10.000972
10.089106
10.095821
10.006149
9.538419
9.685051
9.143115
9.361056
9.492209
9.185142
9.414123
9.161868
9.679522
8.871299
9.01761
8.501953
9.02314
9.02318
8.4101715
8.348042
7.599299
8.158636
8.244191
8.434895
7.672273
8.101466
8.146926
7.927833
7.638913
8.328601
7.816529
7.731349
7.759151
7.765237
7.956688
7.5542693
7.942117
7.426449
7.1151614
7.3019185
7.3318214
7.0869985
6.9239016
6.9942513
7.069719
6.903871
7.191533
6.7430882
6.821826
6.592874
6.848229
6.8144135
6.923884
6.875528
6.407968
6.8600607
6.733459
6.530381
6.164229
6.4756136
6.25485
6.4064517
6.117794
6.199479
5.4768763
6.5696545
6.0861
5.9044847
5.833336
6.129719
6.016983
6.084262
5.922154
5.932593
5.753136
5.319736
5.705346
5.3581963
5.8237295
5.5536313
5.6293178
5.610352
5.0514
5.404219
5.190178
5.376708
5.197795
5.1940045
5.3160386
5.457544
5.517369
5.113983
5.286322
4.9945283
5.19448
5.694471
4.746283
5.213308
5.4924603
5.102216
4.826883
4.994329
4.996957
4.9634056
4.9837766
5.0906053
4.795622
5.069409
4.693088
4.9984694
4.925522
5.0891266
4.9729786
4.688453
4.9225636
4.623023
4.727975
4.8317103
4.762947
5.028742
4.93033
4.7068033
4.6359067
4.7819934
4.525867
4.671763
4.5602036
4.613874
4.633634
4.75775
4.5799847
4.632329
4.228192
4.583955
5.017618
4.5823483
4.437836
4.5305533
4.764149
4.3903804
4.62875
4.5122705
4.6413784
4.4529943
4.545034
4.46514
4.509987
4.031153
4.4601293
4.3701997
4.236128
4.3244443
4.2301416
4.39768
4.350452
4.2014904
4.884255
4.17553
4.3044553
4.130459
4.026401
4.0583806
4.146158
3.9637125
4.5522738
3.8539834
4.226104
3.897906
4.212349
4.0500736
3.8992262
4.265877
4.081545
4.1324716
4.2361903
4.236656
4.0607524
4.169328
3.90698
4.1160583
3.9843001
3.7924538
3.9897308
3.9226754
4.022464
3.9374094
3.8037186
3.8698874
3.81073
3.8577056
3.8717294
3.7988634
3.7159047
3.7638836
3.8319323
3.9620147
3.7880888
3.696017
3.9233384
3.68895
3.5668685
3.588684
3.8094873
3.682508
3.7987163
3.706324
3.6849344
3.951525
3.9011905
3.4857554
3.4428494
3.6025953
3.6679804
3.7615366
3.726063
3.7177236
3.5996516
3.7653801
3.8424745
3.5401545
3.6528573
3.728624
3.514515
3.6114411
3.5850587
3.4950445
3.6233974
3.718453
3.5841436
3.462482
3.749473
3.4685133
3.803115
3.4435406
3.5037196
3.6185105
3.2714443
3.451866
3.514644
3.705322
3.348778
3.4942405
3.296705
3.4469357
3.5103395
3.4793305
3.249669
3.4808326
3.5690365
3.3419619
3.5575163
3.603971
3.452978
3.323159
3.4507139
3.386857
3.2972412
3.2107456
3.2322912
3.2668734
3.1820312
3.37276
3.1379173
3.293493
3.420923
3.3969038
3.260213
3.4126482
3.3032014
3.2074163
3.3669205
3.097955
3.2505555
3.2561793
3.2999086
3.2135024
3.470212
3.3882523
3.2632864
3.4558654
3.4088964
3.1565187
3.2517188
3.1236806
3.13229
3.4064605
3.1762645
3.056289
3.132567
3.1793034
3.1355217
2.9214976
3.378263
3.154841
3.1158814
3.3658926
3.1960366
3.0730505
3.3441098
3.3580873
3.0125272
2.9547167
2.8654675
3.080371
2.9076715
3.1687164
3.1193066
3.04593
3.069367
2.9317346
3.0701735
2.8646731
3.0172722
3.0096025
3.0730934
3.0873823
3.5548215
3.076423
3.0287628
3.109365
3.0844853
2.8366852
3.1233938
3.0117376
3.0327682
3.0899704
2.7854846
2.969479
3.0936787
2.8657212
3.0309424
3.0364811
3.0977585
2.8975804
2.832637
2.8429263
2.8747187
2.766583
2.850325
2.7813938
2.816347
3.1428056
3.006072
2.9552982
2.761117
3.0644345
3.0669456
2.7797954
2.8488686
2.8623214
3.1702826
2.7826288
2.9685066
2.8905513
3.1009367
2.888452
3.091258
2.8468003
2.825253
2.9226317
2.976085
3.2140596
2.719494
2.7679768
2.8337297
2.8326106
3.09135
2.8522365
2.7504368
2.8007004
2.7358134
2.91038
2.769105
2.926882
2.7341008
2.7265158
2.7253892
2.8205364
2.9359915
2.8574944
2.9475987
2.9224975
2.6557584
2.7178326
2.8352678
2.6681216
2.7072563
2.753713
2.7562342
2.9590073
2.6517146
2.93339
2.913477
2.7775803
2.7987814
2.8502407
3.0146534
2.7546442
2.716747
2.6746397
2.6916704
2.6719644
2.6652114
2.827156
3.0078793
3.001182
2.559764
2.718322
2.7957554
2.695045
2.7582335
2.8812735
2.8131213
2.783425
2.6884186
2.6845953
2.7782385
2.76331
2.667193
2.7204704
2.7112267
2.662152
2.693996
2.733462
2.605407
2.8866074
2.8340082
2.5834386
2.8461633
2.8113525
2.724304
2.5772982
2.8185575
2.674799
2.640909
2.7603729
2.6482124
2.586548
2.6701431
2.7855692
2.646574
2.678607
2.861279
2.7822244
2.572169
2.83635
2.5580587
2.780418
2.6822405
2.624931
2.5618362
2.5201726
2.5628204
2.760397
2.691086
2.607751
2.5438266
2.7820776
2.8051937
2.5662365
2.5756
2.934623
2.750357
2.7369423
2.6340744
2.6123643
2.549471
2.685785
2.728384
2.7787826
2.557632
2.4521546
2.5520272
2.639462
2.4968488
2.5227046
2.561287
2.655174
2.569632
2.48608
2.4999292
2.5383725
2.601877
2.5132594
2.6231034
2.607155
2.5337806
2.5315797
2.600915
2.640121
2.5280232
2.7417338
2.6399534
2.5041983
2.6179533
2.5156531
2.589225
2.4618187
2.749947
2.730915
2.5320778
2.5901418
2.654935
2.5389454
2.5956614
2.5683348
2.6568148
2.5394826
2.5676036
2.7116768
2.5123425
2.6120057
2.533798
2.417208
2.650566
2.4110878
2.5584157
2.5623505
2.5506775
2.584086
2.5762327
2.6654923
2.455206
2.3784955
2.5815778
2.4242835
2.6780148
2.4597352
2.5743623
2.503346
2.5508232
2.6724455
2.4232426
2.643197
2.459156
2.436856
2.522412
2.4779065
2.605257
2.4592664
2.3661644
2.4130945
2.494928
2.6688914
2.5108297
2.5307374
2.4620104
2.4971266
2.43884
2.6505036
2.367204
2.556075
2.5980844
2.5703826
2.5372634
2.4280448
2.5013585
2.5723982
2.5583584
2.3978474
2.4382553
2.371487
2.5493546
2.6017869
2.4689384
2.523096
2.412115
2.3228698
2.494336
2.4339247
2.6244736
2.4642255
2.4323823
2.498756
2.4964561
2.5598454
2.5499632
2.596415
2.4323316
2.421381
2.4257765
2.5597157
2.4391534
2.6700728
2.4986393
2.2814143
2.5802639
2.5858574
2.3595645
2.5316834
2.4657168
2.5124094
2.4621768
2.413679
2.5654814
2.512766
2.3930478
2.4790344
2.412003
2.3047006
2.443668
2.5449202
2.4406686
2.3971841
2.2929537
2.511818
2.637607
2.4721503
2.3319945
2.4109404
2.4538805
2.50333
2.3611474
2.5734398
2.6492274
2.485179
2.4858396
2.624437
2.544807
2.3483715
2.402975
2.4417706
2.58263
2.612408
2.59391
2.5656018
2.4642825
2.4724364
2.269169
2.4473755
2.432482
2.4324424
2.3979187
2.3276634
2.455563
2.568054
2.624296
2.4587219
2.5808897
2.3445175
2.5560935
2.4489017
2.4370172
2.4734194
2.6140893
2.296822
2.631036
2.2436395
2.315943
2.517914
2.483653
2.5509164
2.4726193
2.5041716
2.4500165
2.4214087
2.3583653
2.4767694
2.3979893
2.4069195
2.484524
2.485339
2.3264954
2.4661093
2.501008
2.375592
2.3467834
2.2483084
2.526737
2.4075015
2.4719312
2.4920876
2.3189855
2.436443
2.4716926
2.4107609
2.428898
2.1987653
2.3620908
2.2839272
2.4887776
2.4886808
2.3406553
2.5792067
2.43102
2.4589984
2.354305
2.5157614
2.464386
2.4467025
2.4312484
2.482294
2.497811
2.392011
2.3859944
2.3958457
2.4440446
2.3777428
2.3229675
2.3311565
2.326254
2.2284524
2.4728136
2.3091705
2.542493
2.4032745
2.4046538
2.478138
2.442873
2.5894325
2.4732854
2.3776212
2.409286
2.2649627
2.1957486
2.4131224
2.2016206
2.4066164
2.4627163
2.4720895
2.548434
2.4460247
2.504024
2.3265257
2.4044132
2.3095338
2.2241902
2.3247244
2.3707623
2.4539106
2.3504179
2.3461235
2.4008036
2.363656
2.484913
2.4027905
2.29495
2.50499
2.2980008
2.609171
2.5460284
2.4819336
2.481164
2.377752
2.1788208
2.4885044
2.3809476
2.4453804
2.365674
2.539783
2.4186432
2.4420874
2.364775
2.177007
2.4607706
2.2872632
2.3376515
2.356287
2.2527816
2.2578
2.529897
2.464332
2.3554435
2.349534
2.45036
2.200711
2.374691
2.3511677
2.4222243
2.435884
2.4368622
2.293003
2.424865
2.353588
2.221179
2.339828
2.3576686
2.4597096
2.3685396
2.375867
2.3497605
2.4064727
2.3807614
2.25793
2.355642
2.3578093
2.401431
2.3376303
2.272029
2.3435342
2.4250264
2.4612114
2.475802
2.515222
2.3881512
2.4116588
2.396841
2.3355246
2.3484125
2.320228
2.3625195
2.3528016
2.346268
2.4343
2.435
2.6468925
2.3342836
2.2650998
2.4688945
2.355595
2.265189
2.288558
2.2791052
2.5703025
2.3613544
2.232438
2.517752
2.308999
2.3988125
2.354223
2.2259834
2.544926
2.4177337
2.327266
2.289963
2.4022527
2.2929347
2.3223305
2.2929015
2.4818172
2.333083
2.367109
2.336411
2.3283303
2.2857842
2.3364363
2.3312743
2.245891
2.3807952
2.3395534
2.264302
2.3820276
2.313003
2.2334285
2.33861
2.4978175
2.268991
2.3870044
2.241795
2.317609
2.4302454
2.226116
2.288044
2.328791
2.2035716
2.3742046
2.3680065
2.214005
2.1918576
2.371215
2.2763448
2.4602745
2.4113824
2.2471144
2.242235
2.4592807
2.153975
2.4544914
2.363994
2.3496742
2.232055
2.3681355
2.2928693
2.278208
2.317621
2.3151922
2.2702007
2.3994224
2.1892142
2.2945845
2.3581705
2.3922575
2.242206
2.214684
2.2323644
2.3193185
2.303207
2.2756405
2.2620246
2.3004057
2.3035524
2.467201
2.2144635
2.2091584
2.2629836
2.4707065
2.2258885
2.408962
2.1395836
2.3649278
2.3465345
2.3084726
2.3893754
2.336256
2.362386
2.4324367
2.2425675
2.257139
2.302134
2.341559
2.276048
2.3239825
2.2475386
2.2295265
2.2550752
2.3264148
2.353759
2.1771946
2.3285456
2.31997
2.219044
2.3503451
2.317543
2.2899039
2.4822164
2.1960366
2.3731751
2.3248684
2.2305057
2.330677
2.2937224
2.1763456
2.327422
2.2844949
2.1899984
2.213424
2.3357894
2.3346252
2.202895
2.1590385
2.3029742
2.142597
2.2402635
2.2191758
2.1530156
2.2507606
2.3852596
2.1426477
2.4048538
2.323517
2.3246784
2.1389372
2.3233654
2.3611562
2.2287714
2.2307992
2.22838
2.4078999
2.2178395
2.222933
2.3675475
2.379203
2.1669188
2.231574
2.2571068
2.5477068
2.3335724
2.2974458
2.1892154
2.4907045
2.3039238
2.1392722
2.1828492
2.37265
2.26665
2.1475244
2.2419648
2.30301
2.104924
2.3411522
2.2317896
2.466266
2.2439291
2.112354
2.276976
2.342515
2.215867
2.3481045
2.2436187
2.277384
2.2704012
2.354308
2.3862045
2.4975145
2.3761623
2.1695004
2.157611
2.2258394
2.2060645
2.2811255
2.133427
2.2154415
2.0989485
2.2398386
2.2487104
2.2780151
2.3289268
2.2796202
2.4285314
2.2246342
2.1899626
2.30266
2.200816
2.2387743
2.147932
2.3187675
2.21651
2.2676704
2.311716
2.2646317
2.1224265
2.358042
2.118119
2.5247679
2.125431
2.292926
2.3107738
2.1962805
2.2070148
2.116649
2.1788254
2.2870085
2.2569547
2.397658
