26.270113
26.177696
25.014313
24.898539
24.697388
24.131243
24.055922
23.584166
23.401571
22.790316
21.725687
20.643198
20.11294
18.811695
18.361738
16.181494
14.22792
11.241354
8.472473
6.396977
6.8318453
8.457872
9.121174
7.8026257
6.403198
6.499698
6.255867
5.641551
5.418481
6.184079
6.875093
6.503182
5.880481
5.215101
4.730098
4.7168336
4.676153
4.546527
4.592959
4.7137823
4.988177
5.1318927
5.2557864
4.9901605
4.63185
4.475882
4.342599
4.604868
4.2697425
4.2943716
4.3938193
4.6184506
4.4095564
4.526149
4.5011125
4.0446715
4.3008265
4.405633
3.9424884
4.2810516
4.203885
4.440152
4.34166
4.294186
4.468046
4.2641883
4.159162
4.0984325
3.9999363
4.256085
4.076871
4.345655
4.099745
4.357879
4.1239867
4.172941
3.9538784
4.006716
4.114277
3.8324308
4.369899
3.9240854
3.875948
4.05107
3.8995192
4.1293783
3.9601493
4.011585
4.0083447
3.904293
4.194983
3.9000585
4.248411
4.1889524
3.978601
4.297749
3.9921718
4.0041194
3.887599
3.766694
3.709766
3.89161
4.0791
4.176452
4.044736
4.1292787
3.9607837
3.9755526
3.9420965
3.9524705
3.8560672
3.821709
3.9329054
3.897319
3.83909
4.218697
3.814488
4.1352844
3.9351928
4.0462685
3.732117
3.9474025
3.929168
3.6258385
3.935343
3.7129602
3.7541604
3.9670806
3.9007065
3.9687345
3.7266355
3.8331625
3.8502517
3.794493
3.7691662
3.838155
3.8268418
3.9236128
3.9558125
3.7010274
3.7349577
3.4535015
3.6128666
3.8687308
3.5183184
3.7913272
3.693124
3.7753904
3.8364418
4.0907984
3.7538533
3.7495816
3.7373478
3.9307206
3.4812741
3.649215
3.440343
3.5551353
3.7076192
3.7228196
3.6357346
3.755609
3.614288
3.408756
3.5924487
3.575379
3.6123884
3.7045596
4.0325904
3.5960813
3.9895093
4.033303
4.1598577
4.076485
4.9804416
4.882141
4.467142
4.0587826
3.816542
4.1639705
3.7887661
4.2506647
4.014473
4.0007305
3.724611
3.336268
4.093467
3.550786
3.7870977
3.9783738
4.2464476
4.0947304
4.1563454
3.735064
3.7500036
3.67396
3.4961555
3.826984
3.673814
3.670676
3.9485118
3.6873152
3.8423448
3.387968
4.237742
3.3845966
4.375524
3.816883
4.057275
3.998311
3.433224
3.3471313
3.473003
3.3705566
3.5541184
3.451229
3.4567115
3.7641728
3.364195
3.178063
3.323682
3.4490013
3.3300664
3.5128748
3.469247
4.1119266
3.5742548
4.028291
3.156854
4.051252
3.6252508
3.3652375
4.1014433
3.6563625
3.841554
3.2852085
3.295479
3.31041
3.1934793
3.8243628
3.2745082
3.6503716
3.6114125
3.524285
3.494388
3.2730615
3.167789
3.401582
3.107683
3.268924
3.4677553
3.2392423
3.0855916
3.2919376
3.234729
3.158599
3.094379
3.3493085
3.4819655
3.323953
3.3322985
3.023258
3.497527
3.358636
3.186843
3.326048
3.4436486
3.269489
3.3880782
3.1127772
3.091427
3.2680538
3.0266044
2.9899197
3.2813156
3.1805341
3.0159152
2.926409
2.8558426
3.309571
3.0893912
2.8812702
2.8741715
3.0028756
2.914617
2.916712
2.9037356
2.864548
2.9810734
2.939976
2.8989866
2.9882517
2.9227695
3.0229301
2.786034
2.8657138
3.1174214
2.8916137
2.8744364
3.130293
3.002689
3.1504939
2.820948
3.0995998
2.975379
2.814813
2.786044
3.0697753
2.9210775
2.748299
2.9449997
2.922598
2.768348
3.14563
2.8463526
3.0266256
2.9315696
2.9446876
2.697482
2.7944767
2.7548194
2.6359878
2.7360125
2.7495768
2.753992
2.7292807
2.8474252
2.8282607
2.6962087
2.818367
2.8119
2.8542163
2.6398926
2.6999853
2.725931
2.7860835
2.7819746
2.9106958
2.831583
2.858301
2.6920326
2.721126
2.825943
2.685073
2.932105
2.8080554
2.8567934
2.762473
2.691851
2.6434894
2.5240095
2.879549
2.8458161
2.9774926
2.9153461
2.636414
2.513054
2.7513814
2.4947054
2.698759
2.6776426
2.7154906
2.639489
2.576339
2.528397
2.5557034
2.4052677
2.559462
2.599716
2.939206
2.645985
2.6132576
2.513357
2.713737
2.656734
2.6467426
2.889392
2.5685232
2.5157864
2.752973
2.4758492
2.584929
2.6848464
2.5659559
2.4139097
2.502166
2.496745
2.4645574
2.5886436
2.4039197
2.6901062
2.642026
2.3760896
2.3993986
2.4345803
2.367398
2.4761515
2.5850656
2.4998286
2.304112
2.5068858
2.4749923
2.4342473
2.2767944
2.512104
2.3306332
2.3726726
2.4647813
2.5367336
2.4204936
2.442127
2.3579068
2.2737725
2.4611492
2.5931723
2.478639
2.2937956
2.395441
2.2967575
2.2922745
2.2987812
2.3631976
2.2465355
2.3597724
2.4377515
2.2289402
2.2374735
2.3376784
2.2527392
2.2234244
2.3969874
2.2175503
2.3759906
2.1615064
2.3077228
2.20519
2.2416706
2.200059
2.2524676
2.1459007
2.2052915
2.0805573
2.205939
2.2044885
2.3250656
2.1536443
2.238339
2.2074287
2.2054906
2.1707115
2.297169
2.2287965
2.1686265
2.1272144
2.1911085
2.170392
2.0742457
2.195929
2.1735795
2.2115083
2.198494
2.0703886
2.1135995
2.304534
2.127644
2.071923
2.0967085
2.0897298
2.1220608
2.1480005
2.14197
2.1531684
2.0678349
2.0477414
2.0475364
2.1106818
2.0839274
2.0372524
2.0904377
2.0279887
2.0518734
2.0054402
2.059743
2.0334501
2.0391376
2.1418605
1.9871124
2.1144454
2.2512784
2.0815833
1.995463
2.0445871
2.1389077
2.1285903
2.2048442
2.1534295
2.2277756
2.1858985
1.9306453
2.166158
2.2164273
2.278964
1.9328672
2.0836513
2.182935
2.0539901
2.0243785
1.9766765
2.1338842
2.1158485
2.0529206
2.1394215
2.1398003
2.0332644
2.1978662
2.088
2.0116386
2.15685
2.098802
2.1214948
1.9519027
1.9434124
2.0445743
1.9825451
2.1292334
2.0051782
2.0151749
2.0563495
2.059851
2.0670722
1.8963548
2.0639057
2.0951142
2.0303159
1.9689124
2.1125696
1.9807701
1.9960655
2.0936913
2.0213232
1.8867296
2.0986114
1.9864417
2.0505848
1.9833905
2.0032551
2.0713782
1.9861758
2.0171933
1.9798182
1.9611093
1.9074986
2.0458775
2.029381
1.9431365
2.1168976
2.0328426
1.9545842
1.888929
2.0789452
1.85085
2.125733
1.9215472
2.048265
1.9521992
1.9687835
1.9753174
1.9871489
1.9692551
2.1225386
1.9416142
2.0140002
2.0851297
1.9771029
1.887491
1.8538837
2.0284503
1.8219285
1.9622463
1.8157084
2.0258033
1.8234593
1.8641336
1.815031
2.0700076
1.9820744
1.8694005
1.9662882
2.000102
2.0029123
1.9714317
1.8338007
1.88581
1.9658536
1.9760234
1.9798121
1.9480388
1.833393
1.9302909
1.896019
1.8805418
1.9653409
1.8782783
1.938675
1.9375355
2.0044377
1.9795095
2.0716562
1.9817102
2.023047
2.1481404
1.9814198
1.8792735
2.0413263
1.9823663
1.847347
1.9603115
2.0354478
2.2720964
1.9337679
1.8476417
1.9050268
1.8690059
1.8108175
1.8320849
2.0036547
2.04777
1.987546
1.8201412
1.9377468
1.9068804
1.8575455
2.0151935
1.9402432
1.8522503
1.8472693
1.8097177
1.7751535
1.857917
1.8261747
1.831743
2.0127606
1.9630042
1.7858534
1.8605437
1.8181202
1.9051812
1.9244223
1.8393745
1.8689873
1.9209071
1.9252825
2.0093365
2.119933
1.9399275
1.7774833
1.8726074
1.9711602
1.970573
1.9053187
2.0535982
1.888098
2.105568
1.9233315
1.880913
1.9840829
2.1071398
1.8450725
1.9636925
1.9492316
1.842661
1.767985
1.8937715
1.8564906
1.7551504
1.785803
1.8129811
1.839067
1.929244
1.8659283
1.7576536
1.9062061
1.9280633
1.9029554
1.9085516
1.8656611
1.8911908
1.9331822
1.9132298
1.917908
1.868606
1.8441482
2.0672784
1.8907801
2.1000564
1.898114
1.9781667
1.9496292
1.8644358
2.0048926
1.8804997
1.8819307
1.9376162
1.971392
1.9983925
1.7924021
1.8151435
1.7953827
1.8930053
1.812646
1.8070072
1.9501655
1.8294127
1.7200966
1.8221034
1.7983428
1.7415532
1.8998519
1.8711013
1.8780208
1.8088127
1.7773775
1.889774
1.980067
1.7664223
1.8672272
1.8964187
1.8672155
1.8529335
1.8144568
1.8010262
1.8790634
1.697078
1.7936566
1.8371557
1.857222
1.6966732
1.9024096
1.8525423
1.7868533
1.9571676
1.8016462
1.8136226
1.8717327
1.8079692
1.7532262
1.7064967
1.8634721
1.8238107
1.7903152
1.7873735
1.7607228
1.7937652
1.9600973
1.7178328
1.8105965
1.8647124
1.809083
1.8247198
1.9044683
1.8156565
1.8746127
2.0085533
1.9514574
1.8469405
1.9433924
2.3841858
1.8852916
1.9757318
2.168579
1.7913388
1.9260347
2.108975
1.8433588
1.7843708
1.8476055
1.8739426
1.8107045
1.910754
1.8142234
1.7436911
1.9497333
1.8185807
1.776888
1.8481936
1.8220732
1.7767246
1.8789837
1.7705894
1.813506
1.7584243
1.8092128
1.8130047
1.6997362
1.9599308
1.8049215
1.7939153
1.8587003
1.8325071
1.8807422
1.7418369
1.7571938
1.8151705
1.9169886
1.7700455
1.7366467
1.7210765
1.88286
1.7108252
1.6458807
1.7179489
1.8976475
1.710519
1.7888637
1.8193355
1.7965008
1.8560015
1.6950579
1.699948
1.7423625
1.7179111
1.8115767
1.7739482
1.7702032
1.6910615
1.7868516
1.7400278
1.7556515
1.7852825
1.740212
1.741815
1.6988343
1.7561085
1.7458124
1.7845461
1.7052867
1.760114
1.6509039
1.7129996
1.78455
1.7880328
1.770058
1.8271383
1.8685608
1.7442658
1.8932292
1.8001931
1.7604222
1.784949
1.7416097
1.8755548
1.8187981
1.822326
1.7820861
1.8392895
1.6876594
1.9993035
1.9287544
1.8432226
1.8239957
1.7488798
1.7617773
1.6395406
1.7458668
1.7850622
1.7967619
1.8501208
1.7121353
1.7487406
1.7962835
1.6602623
1.7095975
1.7495936
1.8472395
1.7360243
1.6911943
1.7325953
1.777756
1.7354401
1.7917248
1.775876
1.7904087
1.7598125
1.734053
1.7766707
1.6952114
1.6460779
1.8725942
1.66847
1.790332
1.6421338
1.6740978
1.830509
1.7097578
1.7349279
1.747554
1.7270175
1.7252444
1.8247688
1.7808894
1.704007
1.8229874
1.7342564
1.743642
1.8971375
1.7277945
1.8164845
1.8398325
1.8777448
1.7976203
1.8180935
1.8791192
1.8082279
2.0261753
2.001725
1.8124179
1.8275279
2.298717
1.9709804
1.8620462
2.1584592
1.7978513
1.8249799
1.8958151
1.87051
1.8431656
1.8647788
2.1013565
1.9073279
1.8906175
1.8046508
1.9036636
1.8330839
1.8142463
1.7572315
1.855574
1.8012617
1.8589952
1.6854577
1.8251332
1.9612269
1.7457929
1.7646874
2.073505
1.887375
1.6874346
1.7935879
1.883156
1.855859
1.8479837
1.7708567
1.6891837
1.7658153
1.7648535
1.7799273
1.7100675
1.6447252
1.6734643
1.8730298
1.6964614
1.6522913
1.6771206
1.7199471
1.7161493
1.711563
1.7050042
1.7414589
1.6271814
1.6694065
1.8085648
1.7543085
1.7109275
1.7852906
1.7433859
1.6555443
1.703105
1.7621778
2.0456195
1.6107075
1.8580636
2.1747594
1.6891239
1.6702952
2.0937312
1.8295392
1.6969417
1.8465043
1.7732656
1.8631783
1.8289957
1.7457173
1.8999977
1.8832573
1.7188838
1.7243263
1.6354153
1.7261362
1.7059783
1.662989
1.7699605
1.7189018
1.8446739
1.7553662
1.6367577
1.7642475
1.7561886
1.7196759
1.7219902
1.6521572
1.6447835
1.676532
1.7287191
1.7075157
1.6686617
1.7067853
1.7958955
1.6734889
1.7099593
1.7276647
1.8285884
1.6914177
1.6754719
1.7347592
1.6960562
1.719759
1.8672355
1.65917
1.9091847
1.7594192
1.6801875
1.6717602
1.6433152
1.7800255
1.8394917
1.7203898
1.7046272
1.7828418
1.7287213
1.5896205
1.6252521
1.673292
1.6967672
1.7046162
1.8030415
1.8034505
1.8482552
1.6434957
1.8911229
1.668985
1.7202418
1.6621335
1.7040201
1.7219378
1.7936759
1.7245085
1.826319
1.948056
1.6511313
1.9104397
1.897063
1.6934675
1.7115468
1.8280405
1.8841755
1.7921978
1.828986
1.7693971
1.6919305
2.0183904
1.805464
1.634103
1.702046
1.6747161
1.9010494
1.633151
1.665955
1.9929585
1.6830564
1.649086
1.8362595
1.8748395
1.7509485
1.7328166
1.7960505
1.7939705
1.6465907
1.708442
1.6950725
1.6836455
1.7130046
1.7753568
1.643411
1.8280765
1.823923
1.934095
1.7222942
1.6426742
1.6593182
1.8853837
1.6367075
1.6802819
1.8797845
1.7730362
1.8575469
1.6036292
1.6172982
1.7662159
1.8099695
1.6452515
1.7802144
1.6812598
1.7232381
1.6083441
1.607305
1.6826334
1.735751
1.626599
1.6942067
1.6105698
1.6180326
1.590697
1.7116147
1.6197717
1.6627731
1.6270014
1.8390445
1.805118
1.6720152
1.6780242
1.6604091
1.6980377
1.6648892
1.6313264
1.6694252
1.6928385
1.6010109
1.6776651
1.7157092
1.628653
1.6157948
1.7122089
1.718003
1.8198233
1.700697
1.680389
1.644454
1.6342274
1.8817908
1.6234396
1.6309645
1.6930152
1.6715544
1.6263027
1.6988093
1.7987647
1.6984484
1.7405425
1.682298
1.6341583
1.7381229
1.8082862
1.728207
1.712541
1.753727
1.660608
1.648585
1.71541
1.7144536
1.7650253
1.8395412
1.794116
1.7224566
1.66126
1.7176299
1.6245599
1.7297155
1.6016678
1.652496
1.6770222
1.6249706
1.6391919
1.7363749
1.6699283
1.7962772
1.6823918
1.6460601
1.6356604
1.71071
1.7876085
1.6617362
1.7184418
1.7439595
1.8065075
1.5922966
1.621035
1.8216926
1.7997437
1.6494629
1.636716
1.8593464
1.7455863
1.698389
1.5689756
1.7912842
1.8029209
1.7182868
1.7112095
1.8173163
1.6549964
1.621356
1.7592608
1.7742368
1.6968493
1.7383825
1.6887904
1.8832405
1.8003173
1.7713753
1.8490574
1.6751086
1.7057902
1.8518683
1.8664135
1.682217
1.7400278
1.8496974
2.0263336
1.769528
1.7394975
1.8233413
1.9636351
1.9818654
1.8020091
1.7712201
1.7375277
1.7301648
1.7359997
1.6740594
1.6640297
1.7247084
1.7753925
1.757095
1.7005001
1.8810642
1.6578656
1.599052
1.864761
1.720916
1.6972282
1.7194577
1.6688212
1.6913322
1.5822837
1.6465521
1.7161125
1.6179398
1.6836189
1.6750052
1.6648184
1.6514795
1.6746763
1.6764382
1.6596475
1.6952672
1.768479
1.6673495
1.6456832
1.6497126
1.9016242
1.708915
1.6794745
1.7120738
1.6507429
1.699651
1.7272342
1.712948
1.6086845
1.6290393
1.6164563
1.7304235
1.6239631
1.5530105
1.6586843
1.7147071
1.797108
1.7671752
1.6849993
1.918752
1.895921
1.6347393
1.7885406
2.2859006
1.7557855
1.6888052
1.9283115
1.656489
1.7149235
1.6060052
1.6388905
1.6219018
1.8225493
1.6064367
1.7752012
1.7086185
1.6545465
1.6167338
1.6134561
1.6612197
1.6425817
1.6345943
1.6224887
1.7835075
1.8025526
1.7759513
1.7524505
2.0283656
1.6519669
1.8275133
1.9002085
1.6732055
1.6708881
1.6003375
1.8897485
1.7464148
1.706679
1.7066815
1.6554072
1.9887037
1.67776
1.6566367
1.7245482
1.6938705
1.6177534
1.680961
1.6568958
1.6671833
1.6366843
1.738526
1.6153738
1.5712975
1.8780634
1.6270617
1.6392447
1.705401
1.7978886
1.5786673
1.6239518
1.6879416
1.5933015
1.5808644
1.6036849
1.689181
1.6814535
1.6823355
1.6555107
1.6657945
1.6389834
1.6421845
1.687882
1.7000673
1.5869985
1.5794146
1.763917
1.80066
1.6432315
1.7038714
1.6694969
1.644547
1.7671256
1.7779517
1.7117473
1.6260107
1.6320207
1.6659719
1.731108
1.7092805
1.7309372
1.641458
1.7331318
1.7503089
1.7029235
1.5966007
1.6896343
1.8487138
1.7493483
1.6760575
1.5972164
1.6568005
1.6706665
1.7103101
1.675655
1.5422046
1.6144885
1.6953495
1.6537173
1.5738888
1.6340077
1.6991832
1.6238497
1.6075875
1.6799935
1.6268427
1.7498118
1.6478182
1.711095
1.645433
1.641871
1.6078115
1.5994494
1.6818442
1.6934385
1.656067
1.6687105
1.6792687
1.5839747
1.6815083
1.589849
1.5775574
1.6034108
1.7223142
1.6550004
1.6370875
1.6693733
1.8904481
1.6338253
1.6614248
1.8802139
1.7139039
1.6314487
1.7238019
1.6451224
1.5676935
1.6841593
1.6783673
1.6113691
1.5697436
1.6696417
1.7075123
1.7302696
1.6637478
1.8313607
1.801138
1.7554318
1.5852402
1.681909
1.7546396
1.6214588
1.5569067
1.6699632
1.6549933
1.750213
1.6378144
1.5942495
1.6406327
1.7224357
1.9427711
1.6342055
1.6921439
1.8305266
1.5530472
1.6294693
1.9292785
1.6725041
1.6088368
1.6954178
1.8891143
1.671294
1.7346212
1.7510542
1.6751041
1.7218983
1.7942268
1.616388
1.7855824
1.734987
1.6978076
1.6061043
1.6327345
1.761046
1.8490462
1.6627028
1.6538129
1.653885
1.7489021
1.6367408
1.650745
1.695562
1.7473415
1.5746969
1.614134
1.6625661
1.576475
1.6444405
1.5952436
1.6010964
1.5968454
1.630125
1.65138
1.5634233
1.6377335
1.6842625
1.6370866
1.5433764
1.6516175
1.7206237
1.6624675
1.6415398
1.6731067
1.7354339
1.6660613
1.7341398
1.6684748
1.614376
1.5982592
1.5971137
1.5748059
1.608452
1.6742654
1.5897961
1.6491312
1.6150844
1.5988784
1.5330448
1.5975298
1.7004241
1.5652924
1.6152225
1.586724
1.5691024
1.6867765
1.636158
1.6708323
1.6486652
1.713256
1.6554215
1.6471338
1.5577618
1.6427135
1.7358565
1.671934
1.7323272
1.6854424
1.7202003
1.6447998
1.6963935
1.6611768
1.67538
1.6502489
1.6047839
1.6481519
1.7732933
1.558841
1.6558926
1.607249
1.5502362
1.663875
1.6489041
1.6340843
1.6120503
1.6755719
1.735246
1.6641512
1.7253033
1.8247701
1.5748475
1.6678834
1.5775484
1.6694196
1.5756925
1.6601245
1.6485002
1.6536674
1.6820304
1.8046473
1.577302
1.69596
1.6631892
1.6281221
1.6139712
1.575966
1.7528142
1.5830141
1.7427016
1.7529234
1.5822698
1.5878147
1.7712982
1.7547022
1.5824549
1.593187
1.6752253
1.7055858
1.7819185
1.8257124
1.7962606
1.7096761
1.8320092
1.7851496
1.9328468
1.7201524
1.785708
1.6735448
1.5794924
1.5987839
1.666233
1.6216233
1.6262575
1.5984347
1.6165707
1.7496135
1.6715572
1.6109158
1.627281
1.5590444
1.5879067
1.6334478
1.6511836
1.6039069
1.5650527
1.7257363
1.689798
1.6828191
1.7362143
1.7190502
1.6370225
1.7900805
1.5585378
1.602889
1.7478956
1.7801462
1.5838965
1.6498369
1.6681839
1.7608379
1.5690725
1.6749038
1.7415862
1.687762
1.6330502
1.633007
1.8336437
1.7075471
1.6635585
1.575083
1.6087888
1.6510305
1.9658761
1.6550668
1.6408705
1.7275534
1.8046384
1.63044
1.7469645
1.650144
1.639348
1.8884685
1.7780071
1.6368222
1.6732041
1.7046599
1.8205525
1.8166393
1.5470405
1.5815126
1.8558736
1.634438
1.6788383
1.6309762
1.7010622
1.679688
1.6381154
1.7537801
1.7572492
1.6398855
1.5465008
1.6608145
1.6436018
1.636621
1.6185715
1.585758
1.6105765
1.5787839
1.6164534
1.6638836
1.599769
1.6526743
1.5854405
1.62336
1.6070689
1.5761886
1.5777555
1.5703025
1.6090828
1.6749943
1.6531
1.6198467
1.5960273
1.6092868
1.5463644
1.550105
1.5985657
1.5401937
1.5864017
1.6425853
1.58636
1.5606468
1.5691357
1.6240277
1.5755875
1.6423159
1.6483732
1.5743241
1.6519759
1.551111
1.5682546
1.6308253
1.5836917
1.7074993
1.5932528
1.7093918
1.6317792
1.7542707
1.6290581
1.6191893
1.718462
1.7182462
1.6038225
1.5499705
1.764274
1.8011035
1.628436
1.547611
1.7242587
1.6486027
1.6524694
1.5735326
1.6224188
1.618161
1.5643564
1.6508949
1.6559718
1.671589
1.5872
1.6171993
1.6469975
1.7684444
1.6577396
1.5793161
1.7685286
1.6691202
1.7007977
1.5972507
1.602035
1.618248
1.625788
1.617826
1.620955
1.6172247
1.7530028
1.794414
1.5717334
1.6394354
1.6842272
1.7021258
1.6962305
1.6621711
1.5837574
1.590887
1.8232368
1.5876267
1.5836575
1.5773206
1.6784579
1.6249608
1.7042401
1.7155095
1.5998952
1.6257082
1.6554329
1.8520485
1.6480488
1.6080841
1.6028837
1.8795023
1.5585486
1.623678
1.7874355
1.61476
1.5894737
1.735319
1.9566977
1.8529788
1.7509297
1.762226
1.7294797
1.80096
1.9290427
1.7721523
1.6886026
2.0188847
2.1516795
1.675035
1.6716328
1.6490045
1.8543483
1.8381368
1.8331387
1.6867533
1.7035728
1.603208
1.8008101
1.8306167
1.7433332
1.6641124
1.6245832
1.7434765
1.7081875
1.7148712
1.6669506
1.62239
1.6415706
1.6271915
1.6737791
1.6702338
1.6760827
1.5739615
1.7388505
1.5651817
1.6063112
1.6623088
1.5960505
1.594326
1.6439688
1.5720886
1.5978353
1.649344
1.6452057
1.5970348
1.6062784
1.5955572
1.6407285
1.5760546
1.5710118
1.5367155
1.5568789
1.6101317
1.5726899
1.6390537
1.6203749
1.6400365
1.6898286
1.5594952
1.5921034
1.6859587
1.590386
1.5734688
1.6237321
1.6878779
1.672561
1.5619814
1.645275
1.6866655
1.6605705
1.5494632
1.6363401
1.5574465
1.6284304
1.5454627
1.7379853
1.5807265
1.6407927
1.7305963
1.6816692
1.7188488
1.6043817
1.6391625
1.7706004
1.7514876
1.6042818
1.6066657
1.5835853
1.5766083
1.5773175
1.7278374
1.6375939
1.6932509
1.5848552
1.6327548
1.6982207
1.5672177
1.5729885
1.6533775
1.5425303
1.563937
1.6798389
1.5770717
1.5863551
1.7370157
1.5707308
1.6343805
1.6438457
1.615338
1.5694394
1.5521166
1.5733961
1.5987717
1.6047822
1.6166971
1.5870268
1.5774028
1.5240978
1.545072
1.7464375
1.6192245
1.554175
1.5476288
1.597646
1.711684
1.7623998
1.5726254
1.6233307
1.6916286
1.6049647
1.6364678
1.6497545
1.5962445
1.6415203
1.5678097
1.7982515
1.676592
1.5680307
1.5798442
1.5745587
1.629028
1.7177387
1.6519709
1.7278339
1.6450346
1.5674877
1.6255004
1.6732672
1.5617825
1.6051992
1.6583145
1.5322993
1.5958525
1.5674202
1.6823469
1.6188817
1.5370432
1.62025
1.5964193
1.6532902
1.5653275
1.6895043
1.6127467
1.5965991
1.5334638
1.6486971
1.5715653
1.556688
1.6412454
1.578467
1.5675359
1.6803323
1.5331098
1.5445975
1.6042236
1.7299964
1.6087028
1.64421
1.7002954
1.6761715
1.569307
1.7108014
1.7159264
1.6148313
1.7112352
1.5871285
1.5464436
1.7498095
1.7521003
1.6388453
1.5147151
1.5628988
1.6649165
1.6454688
1.5924098
1.6349068
1.5459355
1.5959425
1.6994454
1.5715355
1.6353027
1.7366327
1.6351625
1.5450925
1.6754313
1.6813685
1.6453944
1.6237595
1.5717713
1.7074934
1.6620287
1.6051955
1.6020819
1.5533698
1.548566
1.6744255
1.6024474
1.5921228
1.5939608
1.6546453
1.575312
1.5902358
1.6781006
1.6610855
1.6095463
1.6061846
1.6693612
1.9655627
1.6421127
1.5515807
1.7768157
1.8910677
1.7351433
1.5888633
1.6579704
1.6307157
1.7337321
1.6730553
1.5716374
1.5838939
1.6999677
1.7846103
1.6318673
1.6110388
1.6037648
1.777238
1.5996152
1.6082883
1.6825913
1.5251777
1.7184757
1.8577595
1.670416
1.74224
1.6091065
1.7435617
1.8413553
1.6852165
1.5657905
1.6580387
1.952315
1.647051
1.6513814
1.6587572
1.770564
1.6615795
1.5692317
1.6095127
1.7088276
1.7686384
1.5996953
1.5542089
1.659804
1.7898997
1.6678606
1.701359
1.6082582
1.6716642
1.5806757
1.7055812
1.5424398
1.5834482
1.5824177
1.5509315
1.6305673
1.6734955
1.5818143
1.5740376
1.6768117
1.5614305
1.6007011
1.5462837
1.6048492
1.6527567
1.6069015
1.624754
1.6358496
1.5989001
1.6603594
1.5619061
1.596533
1.7437985
1.6532414
1.6118413
1.6803255
1.6187028
1.5945376
1.7983443
1.5853541
1.7696259
1.8205365
1.7437062
1.5890132
1.5919678
1.5728059
1.6832882
1.6036708
1.8570408
1.6009568
1.6224022
1.6306324
1.6539192
1.5418754
1.5475241
1.595296
1.5915565
1.6373065
1.5924306
1.668988
1.5828915
1.6020252
1.5465126
1.5470802
1.5773033
1.5659642
1.6115566
1.5547612
1.5415204
1.588798
1.5845419
1.5990497
1.5496039
1.6340638
1.5621516
1.5606438
1.5683169
1.9022357
1.6293157
1.5359911
1.6504385
1.7443994
1.5916853
1.5814402
1.6187706
1.6174945
1.5929586
1.6966103
1.6078744
1.6843348
1.7088794
1.6373473
1.5861275
1.7185861
1.7060384
1.5460702
1.5946927
1.531843
1.5792793
1.7721775
1.633589
1.6682941
1.6105853
1.7238084
1.5765986
1.5979651
1.6811064
1.627858
1.6300752
1.5880799
1.9084345
1.6424536
1.55665
1.6383435
1.5533504
1.6025163
1.6859311
1.5788566
1.5197421
1.5278018
1.5709555
1.6157074
1.6359396
1.6044576
1.6018126
1.621824
1.5712767
1.531664
1.6260544
1.5758742
1.5950305
1.6383015
1.5435698
1.5858966
1.7602395
1.5352217
1.5492935
1.5640124
1.6058909
1.6102197
1.622718
1.5153579
1.5719063
1.582779
1.603106
1.6668955
1.6075238
1.5715775
1.6779307
1.588721
1.6428512
1.7382022
1.7210504
1.5764302
1.6950817
1.7111365
1.650237
1.699962
1.539327
1.6015761
1.5265545
1.657782
1.6721342
1.66043
1.6006771
1.5665094
1.5615133
1.6093328
1.7686123
1.6733028
1.6100982
1.5760845
1.7556804
1.6438024
1.6065369
1.5327193
1.6203402
1.5913984
1.5458163
1.6350276
1.6399626
1.6209495
1.5466651
1.578825
1.5627515
1.6263721
1.6504958
1.5718911
1.6131678
1.5167878
1.621595
1.5635027
1.5509205
1.5212288
1.5398974
1.5388752
1.5746112
1.5969816
1.5183587
1.6103472
1.5452849
1.5719829
1.696453
1.5695665
1.5611647
1.5890303
1.5654474
1.5709702
1.6956191
1.6360611
1.5214835
1.6177067
1.6077458
1.5915105
1.6564302
1.6035668
1.6016873
1.5918313
1.531572
1.6082933
1.5834787
1.5479445
1.5826286
1.5348471
1.5667435
1.5570122
1.6792667
1.7798266
1.6729498
1.6194305
1.7980978
1.7295538
1.5442635
1.6489223
1.6540728
1.528245
1.5608482
1.6898172
1.578672
1.6690944
1.5769799
1.586942
1.5517653
1.5271746
1.5907178
1.5975811
1.5779815
1.5323164
1.5235107
1.5652579
1.679827
1.5456294
1.5525142
1.5611506
1.5983945
1.5774717
1.5998273
1.675626
1.5242282
1.6218117
1.5346555
1.552998
1.620685
1.573711
1.5325314
1.5357487
1.606348
1.5376986
1.539591
1.5622532
1.5395114
1.5918937
1.5377853
1.59097
1.6196336
1.514119
1.6431882
1.602529
1.5841501
1.5795625
1.5908397
1.5555131
1.6563475
1.6810441
1.6756475
1.8227036
1.5934767
1.7180969
1.5403746
1.7304873
1.7259219
1.5598985
1.53441
1.657772
1.6884145
1.7245005
1.576806
1.5997401
1.6924992
1.6413982
1.610134
1.6549824
1.5769583
1.6607481
1.6037062
1.6684337
1.5974238
1.667434
1.5488722
1.6605414
1.6211427
1.560725
1.6661859
1.6253185
1.694311
1.5226612
1.5571091
1.654776
1.733143
1.540311
1.565357
1.7235104
1.7163801
1.620929
1.5944533
1.65817
1.6121937
1.8437272
1.5617723
1.5366397
1.5997514
1.589527
1.6486697
1.5486382
1.5482322
1.6382837
1.5703058
1.5956693
1.59008
1.6288593
1.6275904
1.6837285
1.6183243
1.5977058
1.5648082
1.5841802
1.7735462
1.8396149
1.5423857
1.6015397
1.754524
1.7048182
1.7075208
1.7159332
1.6739744
1.7223384
1.9257447
1.6766406
1.6821837
1.5343759
1.6324855
1.753276
1.758394
1.6517947
1.6595905
1.7210956
1.7462004
1.8273542
1.6363363
1.5295554
1.5563962
1.5718228
1.7054682
1.7580585
1.6739362
1.5887593
1.9051957
1.7643139
1.6856778
1.5669372
1.5930402
1.6080033
1.7018467
1.6097074
1.6101398
1.7039777
1.5988824
1.6061587
1.6635417
1.6269579
1.6272289
1.5532514
1.673111
1.6694448
1.6161742
1.5924382
1.5836277
1.5622175
1.583792
1.5963025
1.5656343
1.6195805
1.6358562
1.5697095
1.5674467
1.6937202
1.5623171
1.6212579
1.561277
1.5578157
1.5451113
1.672983
1.6207865
1.6318272
1.659463
1.596108
1.6318021
1.683679
1.5825055
1.6107317
1.6157308
1.6291704
1.6588266
1.6205635
1.5987012
1.7043054
1.5446928
1.5902327
1.5548317
1.7067064
1.782862
1.537601
1.527069
1.5467294
1.5454941
1.761336
1.5973078
1.5833738
1.5477206
1.6315467
1.5704672
1.6607953
1.6584948
1.5791372
1.5916401
1.5640143
1.650853
1.5576261
1.554423
1.5955998
1.570605
1.6079687
1.5859684
1.5287813
1.6323265
1.6215752
1.54599
1.5448982
1.6599195
1.5763937
1.5410776
1.5442576
1.5456249
1.5469815
1.5401368
1.6077942
1.5773891
1.5504861
1.563386
1.6549813
1.5917975
1.6035333
1.56506
1.5909897
1.5979434
1.5682882
1.6693512
1.5390557
1.5933052
1.5969996
1.5450616
1.6241715
1.6146642
1.5641401
1.5914648
1.5877115
1.575239
1.559314
1.5667194
1.5697145
1.715593
1.5156722
1.56686
1.5870012
1.5885028
1.681
1.6244062
1.5594697
1.6516341
1.5901188
1.7756557
1.5831558
1.5576549
1.703582
1.7337145
1.5818835
1.5846207
1.6070284
1.625533
1.587841
1.5578465
1.6350278
1.6191196
1.6194865
1.5333326
1.5330007
1.5573348
1.5809772
1.5873489
1.5387018
1.5262575
1.5790547
1.57508
1.5900937
1.5538588
1.5517145
1.5365645
1.5542419
1.5642005
1.5590082
1.6110005
1.5794319
1.5253183
1.5202231
1.6020463
1.5558075
1.5431927
1.6096089
1.6197512
1.6349705
1.7030195
1.5922024
1.6749729
1.7540352
1.5173272
1.5796908
1.5407338
1.589014
1.679698
1.6465472
1.5534964
1.6275802
1.8794502
1.7054592
1.5654262
1.5448655
1.6543545
1.6708932
1.8362447
1.6096455
1.5465912
1.6013745
1.7450768
1.739588
1.5813364
1.627668
1.5535375
1.5470059
1.626279
1.5949194
1.5986155
1.585675
1.6489966
1.5582697
1.617461
1.5996047
1.520368
1.5493412
1.5633218
1.5538605
1.6181326
1.558514
1.6150758
1.6043518
1.5780375
1.5712075
1.6282556
1.6880132
1.5995088
1.5606915
1.6495136
1.7270867
1.6584165
1.585676
1.5547137
1.6275083
1.6151077
1.7185714
1.6154138
1.5996348
1.5330166
1.5545183
1.5499964
1.6104407
1.7048346
1.649058
1.5653975
1.5174891
1.5851172
1.6022934
1.5494269
1.5929688
1.570983
1.5541724
1.5494922
1.569556
1.5304224
1.5708785
1.5763829
1.5412532
1.6227727
1.5644803
1.5952408
1.5712636
1.6245365
1.5568851
1.5458485
1.5881371
1.6235027
1.5795805
1.5768849
1.5595442
1.5621423
1.6194648
1.5291609
1.6239208
1.6280575
1.5467908
1.524039
1.5727102
1.6556115
1.5403112
1.5688523
1.6139302
1.5852549
1.624102
1.5874077
1.654614
1.5428095
1.587746
1.5249703
1.5338538
1.5435822
1.62874
1.6023151
1.5469228
1.5450292
1.5905257
1.5934424
1.6121294
1.5632372
1.5278594
1.6074126
1.7082783
1.6801033
1.6372932
1.594824
1.6110083
1.8572782
1.6705557
1.578769
1.569271
1.671171
1.6727499
1.637601
1.6088992
1.6419299
1.6469793
1.798553
1.5888168
1.5814174
1.560765
1.5981108
1.5759835
1.5339607
1.558168
1.557792
1.6544095
1.6506366
1.5383347
1.5307574
1.6150205
1.598044
1.5673404
1.5919445
1.5927973
1.5968071
1.5429642
1.5896983
1.667805
1.5291427
1.6122854
1.6568985
1.6701722
1.5480679
1.577421
1.5921626
1.5365113
1.5746106
1.5631248
1.5306123
1.5252583
1.585887
1.6002917
1.598115
1.5419517
1.5756452
1.6021107
1.7286339
1.5198869
1.5823591
1.7086502
1.5540527
1.5850726
1.5726843
1.5663619
1.5427027
1.6910686
1.6487015
1.5660182
1.579862
1.5911779
1.5807208
1.5769596
1.6406265
1.5547936
1.5567719
1.5751469
1.588322
1.5601617
1.5194998
1.5893247
1.5859038
1.6368288
1.5702758
1.5994749
1.6040807
1.5755013
1.6431867
1.5683097
1.6112369
1.5347815
1.6252286
1.5850855
1.6667943
1.6596285
1.6375126
1.5642817
1.6738977
1.6272826
1.5592623
1.6480522
1.5520158
1.6613836
1.5576347
1.5534909
1.5821888
1.8576572
1.6598595
1.5181409
1.6252619
1.5822284
1.6219945
1.5858883
1.5396862
1.5993994
1.5672263
1.5171192
1.5849395
1.5828755
1.565364
1.5396026
1.5394895
1.5779675
1.577987
1.5366219
1.5477433
1.5813266
1.5970625
1.5599862
1.8176574
1.5381142
1.5142082
1.5585836
1.7117374
1.7360178
1.6659238
1.6277852
1.6516722
1.6298479
1.5941722
1.6374413
1.6088705
1.5315995
1.542557
1.5591323
1.5514295
1.6729771
1.6117722
1.5556306
1.7240375
1.6452963
1.6527104
1.5431087
1.5579594
1.6937383
1.5525482
1.600431
1.5836117
1.5730838
1.6332425
1.5718886
1.563179
1.6364622
1.5306634
1.5416539
1.626607
1.7057028
1.5649372
1.5261189
1.5756444
1.688409
1.5529892
1.5706568
1.5659218
1.547877
1.5531723
1.6644838
1.5667753
1.5898626
1.5417315
1.6176335
1.5903955
1.5401169
1.5878823
1.54354
1.6926905
1.5972422
1.5984203
1.5885208
1.5463214
1.5975835
1.5552801
1.5517199
1.5976795
1.535548
1.5347856
1.5543965
1.600719
1.5519731
1.554551
1.750569
1.574062
1.543263
1.5649664
1.5349365
1.6240685
1.564259
1.6375467
1.5609665
1.6696818
1.5629867
1.6183593
1.5515685
1.5227935
1.5207465
1.6112893
1.5977144
1.6053525
1.540838
1.5631526
1.551087
1.5729296
1.5473655
1.6100851
1.5733513
1.6771605
1.5167441
1.5837255
1.602714
1.5436025
1.5491005
1.6228939
1.6350309
1.5948145
1.5618424
1.6298916
1.6644063
1.5151874
1.5402873
1.5486745
1.5568472
1.6744989
1.5927842
1.5531412
1.514473
1.6411587
1.6179659
1.5670577
1.5523984
1.5108777
1.6038775
1.5802362
1.6024512
1.5959475
1.6573619
1.6269963
1.5807914
1.5865676
1.6276681
1.7438753
1.5820092
1.5817658
1.7014498
1.5325855
1.6770658
1.6624117
1.6573287
1.604662
1.6030912
1.7045479
1.6222258
1.6560677
1.6125683
1.7782043
1.8368264
1.6595047
1.637396
1.8237685
1.6333312
1.7013777
1.6145737
1.6666645
1.561167
1.665637
1.8992866
1.7442305
1.6305385
1.664041
1.6241089
1.7484391
1.797347
1.6220143
1.6271675
1.6160195
1.6231717
1.8219895
1.6239564
1.6162142
1.573583
1.8129299
1.9076345
1.6939417
1.6417297
1.7267942
1.6157066
1.843031
1.7417233
1.6646458
1.6330982
1.6407295
1.5993602
1.6329029
1.6620444
1.6381356
1.6064435
1.550043
1.5613185
1.5788225
1.6234107
1.6341867
1.594281
1.6291597
1.5634894
1.6730273
1.6825778
1.5906105
1.5725412
1.644438
1.705534
1.5766943
1.5743798
1.5554678
1.5739232
1.6404053
1.6667079
1.656552
1.7028393
1.6050597
1.6030064
1.7011931
1.7026879
1.6237929
1.5552193
1.561291
1.809226
1.8653132
1.6313193
1.5426427
1.5621486
1.7359468
1.6812825
1.6492537
1.561523
1.6752629
1.5948572
1.5964458
1.5697905
1.5574394
1.5411062
1.5844005
1.6273463
1.5783716
1.5559986
1.6042317
1.5912292
1.5531565
1.604763
1.5463625
1.6150825
1.651412
1.5354662
1.5575255
1.600255
1.6554737
1.6599236
1.5895529
1.5984788
1.5565839
1.6688312
1.559186
1.8223072
1.5624168
1.6175724
1.646969
1.5628897
1.57328
1.5248653
1.595651
1.5806288
1.563042
1.551327
1.5319465
1.6688521
1.6932242
1.539011
1.5683652
1.5890476
1.5805044
1.5483589
1.6598995
1.6591665
1.5670215
1.5898244
1.6531304
1.5354055
1.6015828
1.5479643
1.5688645
1.5516883
1.5283313
1.5872306
1.5697801
1.5408949
1.6564908
1.520887
1.6279773
1.5966935
1.6104822
1.5924833
1.6154393
1.5126089
1.553415
1.6028185
1.6294537
1.633222
1.5487558
1.5918177
1.6148567
1.6285292
1.6362667
1.5985065
1.5128709
1.5344287
1.6263262
1.6572278
1.6566968
1.5444148
1.5760823
1.5245334
1.5338483
1.7397357
1.5442708
1.621666
1.5744224
1.5397213
1.6006261
1.6055692
1.6738653
1.5976093
1.5874127
1.5290865
1.6002069
1.5607015
1.617469
1.5352848
1.6111741
1.546364
1.5698023
1.5529088
1.6449672
1.5476105
1.627032
1.6180133
1.5459001
1.5771285
1.628894
1.6156366
1.6778028
1.5266168
1.514655
1.5895083
1.6210564
1.5656737
1.5266805
1.5186365
1.5572758
1.6462033
1.5236529
1.5537225
1.5680497
1.539823
1.5139908
1.6484994
1.698365
1.6228505
1.7430748
1.6602284
1.7750348
1.73587
1.6019615
1.6002777
1.6858453
1.6977305
1.721849
1.6113116
1.5817314
1.6233629
1.7047759
1.6579752
1.5372041
1.5417646
1.5438645
1.5935217
1.5976025
1.6220559
1.6479281
1.5176452
1.581145
1.5528632
1.563559
1.5750725
1.591893
1.574509
1.5425305
1.5599747
1.5184027
1.644522
1.5636743
1.6015772
1.6152083
1.635151
1.583754
1.6816921
1.5801487
1.6039615
1.6343813
1.6636121
1.5494208
1.5327138
1.535789
1.5978117
1.5788515
1.6154606
1.5705363
1.524363
1.5987464
1.6294392
1.5845474
1.6513414
1.5916003
1.5829494
1.5830203
1.5589132
1.6433067
1.709824
1.6304598
1.551432
1.6229987
1.5862937
1.5542171
1.619708
1.5833173
1.5848593
1.6647526
1.6874253
1.5503012
1.6223199
1.5399009
1.6082088
1.6065674
1.6547505
1.5888097
1.6587589
1.6780999
1.6168194
1.5459522
1.575271
1.5444986
1.6909997
1.597765
1.5224172
1.5742893
1.5844035
1.6663595
1.5396898
1.5703838
1.568503
1.6354498
1.774321
1.7469243
1.6268072
1.5907907
1.7863708
1.6654762
1.6951512
1.5371115
1.5665406
1.6345998
1.5981885
1.5587298
1.5973794
1.5288618
1.5451632
1.6328864
1.5684365
1.5328017
1.532163
1.5244882
1.5879045
1.5917032
1.5407156
1.5389028
1.5167464
1.5803756
1.5876354
1.5355687
1.5218289
1.6037905
1.5680792
1.6296376
1.5747056
1.5963101
1.6262058
1.6108007
1.520452
1.518114
1.5336467
1.5261405
1.5242352
1.5700083
1.5852035
1.571882
1.5610179
1.5817792
1.5881323
1.5594624
1.5357058
1.5520786
1.5472955
1.5806303
1.5733649
1.533221
1.6039114
1.524774
1.5440973
1.5855689
1.5770366
1.5698262
1.5321658
1.546857
1.6039745
1.6356425
1.6233402
1.6332964
1.5672972
1.5881937
1.6399761
1.5898181
1.5780398
1.537942
1.59708
1.5259577
1.6287135
1.5879565
1.642144
1.6016197
1.5905112
1.6229355
1.5740333
1.6140683
1.573371
1.6174061
1.5630764
1.5594658
1.5701177
1.6031367
1.6001358
1.519858
1.5928447
1.5853822
1.555079
1.6572742
1.5972955
1.5578448
1.6461546
1.5546387
1.5094825
1.6015409
1.5605732
1.5337203
1.5457737
1.5644201
1.6420553
1.5680778
1.6746554
1.5445563
1.5645665
1.5412105
1.549197
1.5852187
1.581672
1.5995849
1.5647558
1.6003323
1.6722052
1.6797203
1.6278827
1.7081202
1.5398234
1.6108638
1.628423
1.602771
1.5745715
1.6000227
1.630151
1.5753332
1.6662984
1.6166214
1.6704136
1.5979347
1.555271
1.5543758
1.6132538
1.5728414
1.5570066
1.7588162
1.6192465
1.5859032
1.603336
1.7130445
1.6302356
1.5474153
1.6427323
1.5748175
1.6261759
1.5537403
1.5702426
1.5805868
1.624429
1.5883522
1.591293
1.5627378
1.7064152
1.7733383
1.5758833
1.547887
1.5612632
1.6849926
1.682068
1.7528532
1.7153203
1.8444823
1.6466254
1.596722
1.7502687
1.6732836
1.689774
1.5917045
1.636856
1.5813882
1.568102
1.5306445
1.5985
1.6591185
1.5552834
1.6096733
1.5782107
1.5990087
1.5642239
1.5380738
1.5611069
1.5964524
1.6792537
1.5239046
1.6080894
1.5582932
1.576629
1.5660975
1.5174782
1.5340105
1.6070422
1.6182427
1.5559603
1.6269842
1.5706949
1.5754361
1.5805209
1.5166723
1.580767
1.5788629
1.5638934
1.5498812
1.5531025
1.5515175
1.5911533
1.5446433
1.5938995
1.5277828
1.5489657
1.5485543
1.6354969
1.542467
1.5985032
1.5664014
1.5536188
1.5434136
1.6600888
1.5546148
1.5638503
1.5871702
1.5384481
1.5441355
1.559289
1.6127986
1.5362395
1.6301103
1.5317297
1.5758855
1.6704216
1.546279
1.5151823
1.5384095
1.5311388
1.5095727
1.5313065
1.616015
1.5606707
1.5901415
1.5332165
1.5279578
1.5721527
1.6329676
1.5471437
1.5608075
1.5455204
1.6097915
1.5654497
1.6313245
1.558388
1.560845
1.6871448
1.5504948
1.5724612
1.6078514
1.5479372
1.5431347
1.5349709
1.5478351
1.5518097
1.5897461
1.5436205
1.6327688
1.5568488
1.631387
1.5224388
1.5998608
1.5337627
1.5982141
1.586076
1.5738217
1.5393573
1.551283
1.575978
1.6387868
1.5171152
1.590503
1.6196637
1.5526823
1.5440623
1.6077657
1.5272007
1.5526435
1.5986341
1.6293912
1.628608
1.5877242
1.5601921
1.5230569
1.5256137
1.5954463
1.7162868
1.748112
1.5286771
1.5587331
1.6308612
1.5622514
1.7013187
1.8167746
1.5267245
1.5382435
1.6188322
1.6489141
1.5802915
1.7482154
1.5588145
1.5901744
1.5504096
1.7416397
1.5861537
1.5696049
1.5619227
1.5348073
1.5440292
1.5988353
1.6989497
1.6369828
1.6708453
1.5152932
1.5966002
1.5581527
1.5362235
1.5724218
1.5617881
1.5823056
1.5311571
1.5732574
1.6237985
1.6147193
1.5764201
1.6140337
1.512215
1.5981358
1.5643331
1.6457274
1.5312744
1.5653328
1.5943776
1.5369812
1.6984518
1.5507207
1.6186185
1.6016483
1.669017
1.5556602
1.5160364
1.6644719
1.5733447
1.5263183
1.5594558
1.6210947
1.6397587
1.568267
1.60118
1.6068516
1.5550017
1.566705
1.6263052
1.5193533
1.5964215
1.5895691
1.5384732
1.5935055
1.605565
1.5789781
1.5799979
1.6177729
1.5734085
1.5951062
1.5535607
1.5553654
1.5402184
1.6442795
1.673113
1.583364
1.5510203
1.5859365
1.5598352
1.5378188
1.5337505
1.6253365
1.615172
1.6310422
1.5326604
1.6199173
1.652437
1.5489475
1.5653327
1.5320991
1.5256835
1.5621842
1.6673342
1.7465402
1.6626915
1.6371998
1.6289136
1.6316247
1.6256655
1.6866615
1.5609877
1.593058
1.6824595
1.5989144
1.5208989
1.6643583
1.605936
1.5726959
1.5878742
1.6686335
1.6470463
1.6291473
1.5957981
1.588953
1.5946275
1.546678
1.5237383
1.6972612
1.613464
1.5640427
1.6677784
1.6235555
1.6257818
1.64578
1.6048118
1.6018116
1.581842
1.5455694
1.5382484
1.6118972
1.5961287
1.710882
1.589251
1.591506
1.584086
1.654893
1.6214598
1.584558
1.7045032
1.6030536
1.600711
1.6192572
1.6962152
1.5827008
1.589024
1.6082517
1.6429529
1.5981866
1.5381668
1.5497718
1.5282199
1.5472234
1.6069766
1.558029
1.557428
1.573206
1.5986071
1.5274028
1.57187
1.5376046
1.5928311
1.613265
1.5495735
1.555978
1.6347443
1.5261782
1.6438673
1.5144157
1.5677693
1.5993265
1.6400583
1.6123637
1.5649122
1.647768
1.5503916
1.5790415
1.6045182
1.5719686
1.5623996
1.5236552
1.5829332
1.5964656
1.5905403
1.5725954
1.5639386
1.5314442
1.5267129
1.532664
1.5838164
1.5330929
1.5254313
1.5844243
1.5771395
1.6526853
1.5718508
1.6181072
1.5871149
1.5848927
1.6076717
1.5345036
1.5499108
1.6222821
1.5870049
1.5472902
1.570796
1.5356098
1.5723579
1.6403697
1.5543104
1.5757086
1.5390399
1.5995275
1.6933056
1.6139858
1.5384785
1.6114725
1.592788
1.5704112
1.5558759
1.583219
1.5741333
1.6800703
1.6494198
1.566288
1.5742102
1.5849192
1.604076
1.5905383
1.5846982
1.6732115
1.5293375
1.5805409
1.578793
1.6280962
1.5155737
1.6165898
1.6157677
1.5822304
1.6045055
1.5556184
1.566143
1.6496435
1.6184567
1.5813365
1.5487418
1.6880119
1.6286923
1.5689296
1.6249645
1.5272377
1.5471878
1.557272
1.552283
1.5815512
1.5526924
1.5495117
1.5160189
1.5245886
1.5333047
1.5877146
1.6180211
1.5440538
1.5180527
1.5681373
1.6182609
1.647589
1.551557
1.5841372
1.5672507
1.5766717
1.5430018
1.552572
1.6562195
1.5112573
1.5240723
1.5564244
1.6004517
1.5931575
1.5352273
1.5473348
1.5983983
1.6335613
1.5534549
1.614841
1.6214224
1.5490072
1.6916885
1.5941145
1.6009619
1.6179061
1.5742933
1.5476773
1.617778
1.5510093
1.6723349
1.5391775
1.5670621
1.5723587
1.5564708
1.5420885
1.5646985
1.5534259
1.5340952
1.6038612
1.5666184
1.565978
1.5582174
1.621749
1.6389831
1.6734625
1.5667487
1.792666
1.6971262
1.6505398
1.7001102
1.5335914
1.6376657
1.5436318
1.6839638
1.611298
1.5877802
1.6460698
1.5333716
1.57934
1.5692902
1.745234
1.6411185
1.5946988
1.6570343
1.5479618
1.6051569
1.726893
1.735887
1.5927026
1.5689908
1.6673052
1.5658863
1.7107345
1.6113005
1.6764503
1.5521754
1.5459228
1.5331075
1.6353536
1.5975568
1.6464388
1.6615237
1.6234912
1.5626615
1.5969822
1.567095
1.5970293
1.5300697
1.6352338
1.5984802
1.5473255
1.5322075
1.5643373
1.6855917
1.531509
1.5999151
1.5641675
1.5920569
1.5683441
1.5649409
1.5369881
1.5587953
1.5775512
1.6288065
1.6306964
1.5487349
1.5533285
1.5495067
1.576254
1.5944883
1.581885
1.5646389
1.6811731
1.5308867
1.5460048
1.5147197
1.5309511
1.5770447
1.5828078
1.5699807
1.5580717
1.548417
1.6751394
1.5601869
1.705789
1.6101807
1.54565
1.60934
1.5647572
1.6680747
1.5896425
1.5901825
1.5582877
1.5533805
1.643943
1.5918107
1.565089
1.6194987
1.6368941
1.5837942
1.6357379
1.5383835
1.61508
1.6367352
1.6679132
1.6307416
1.5571167
1.5536214
1.5634248
1.6570158
1.6769042
1.641528
1.6361881
1.6529438
1.5934373
1.5572091
1.5731968
1.595239
1.5974412
1.6239141
1.5674284
1.6445144
1.6758974
1.5414753
1.5261577
1.6183372
1.6043246
1.5473166
1.6196212
1.5891093
1.5465326
1.5568005
1.6497327
1.72802
1.550598
1.5736887
1.5996952
1.587212
1.6673578
1.5690275
1.6118726
1.5849025
1.5464355
1.5710697
1.5873133
1.572523
1.747039
1.5131288
1.535272
1.542045
1.573226
1.5726829
1.550976
1.5534238
1.5260737
1.5951092
1.5172997
1.5929346
1.5831168
1.611215
1.542466
1.515164
1.5706671
1.5645187
1.5406302
1.6359483
1.5654007
1.5927303
1.619377
1.5794165
1.582246
1.5816832
1.5604162
1.5675659
1.5184127
1.5791665
1.5455393
1.558713
1.5468917
1.573414
1.5373689
1.5547392
1.5597572
1.5483981
1.5612676
1.5301795
1.550865
1.5513129
1.5650623
1.5982801
1.5398561
1.559842
1.6137087
1.573413
1.6809075
1.5714858
1.6499867
1.59145
1.5892394
1.5759697
1.6102258
1.7241364
1.5405407
1.6176119
1.7692227
1.9255363
1.6226032
1.5876634
1.6295005
1.7487643
1.8021075
1.7454103
1.5700641
1.5474681
1.6021683
1.6319195
1.6169994
1.6814723
1.6449218
1.6817278
1.5816478
1.5803245
1.6609162
1.629986
1.5778702
1.5791419
1.6715243
1.6056545
1.6141013
1.6004488
1.61128
1.8427033
1.6243308
1.5927743
1.673688
1.6917794
1.6333635
1.6049045
1.732914
1.7175825
1.6317003
1.6602962
1.5877525
1.5924327
1.6712375
1.6983861
1.6759444
1.6356679
1.718012
1.6429392
1.5948374
1.775543
1.6468682
1.5515465
1.612545
1.622274
1.5961257
1.614636
1.7269061
1.6751597
1.6215229
1.5899837
1.651702
1.630266
1.6598303
1.5914719
1.599973
1.5734745
1.5555885
1.620695
1.59822
1.5851092
1.5834098
1.6046642
1.5812734
1.5305953
1.5968515
1.5760714
1.5743393
1.5381281
1.5592704
1.5428121
1.5299625
1.5974457
1.5437915
1.5901432
1.555065
1.554776
1.5154648
1.5935236
1.5360585
1.5958285
1.5638324
1.535585
1.5308061
1.5777197
1.5492595
1.5987897
1.5679255
1.5324242
1.523808
1.6215357
1.633736
1.6253499
1.553819
1.5654734
1.5622418
1.5388882
1.6568372
1.5818784
1.5718498
1.5611237
1.573049
1.657469
1.558824
1.5568252
1.5810567
1.6260823
1.6075785
1.59185
1.5663455
1.5589025
1.5374922
1.5657095
1.5157516
1.6286335
1.5820405
1.5574248
1.6197468
1.6103956
1.6145374
1.560977
1.546957
1.5928726
1.5397687
1.6775175
1.5397594
1.5284023
1.5891551
1.605689
1.5509994
1.6201923
1.5247675
1.5707374
1.5544478
1.5803379
1.5727575
1.5273178
1.5482668
1.5700712
1.6571796
1.5253394
1.5760818
1.5313863
1.5387826
1.5581789
1.582274
1.5892313
1.6221874
1.5629063
1.5685649
1.5254008
1.606706
1.639678
1.6117095
1.5466732
1.555479
1.520119
1.628618
1.5307791
1.5290114
1.5117267
1.536895
1.5268449
1.5673687
1.5176672
1.5311905
1.5514983
1.679936
1.5484085
1.6652837
1.5346656
1.5240788
1.5744706
1.5888815
1.533939
1.5674948
1.5348325
1.6384999
1.601135
1.5470783
1.5777051
1.5894332
1.5605236
1.5962832
1.5293522
1.5406735
1.5611442
1.6818162
1.5766307
1.5352485
1.5549408
1.6443592
1.7506797
1.6107825
1.5491749
1.5666498
1.7685902
1.645716
1.6023332
1.5836446
1.6771967
1.6276034
1.6240175
1.5675321
1.6621423
1.5836577
1.5963069
1.5842203
1.6125152
1.6283383
1.6677988
1.5308542
1.526161
1.5911325
1.5395268
1.5923581
1.5561217
1.5605365
1.5418812
1.5309056
1.520475
1.5309901
1.5788358
1.6038272
1.576745
1.5335232
1.5436008
1.5931474
1.575287
1.6128968
1.5378425
1.5135207
1.5606525
1.6067364
1.5504187
1.539598
1.5952802
1.5310693
1.5467427
1.5490752
1.532537
1.6433272
1.5889113
1.559131
1.5899813
1.52935
1.6154913
1.5912923
1.6500767
1.5502851
1.582698
1.6176316
1.5903953
1.6164321
1.5208893
1.5469137
1.5997565
1.6224618
1.6218113
1.5448388
1.5826102
1.655738
1.5357033
1.564247
1.6271313
1.5900506
1.5892338
1.6759264
1.547288
1.5611507
1.5800155
1.6015375
1.5400975
1.5289398
1.7077813
1.5833528
1.5360725
1.6077073
1.5393767
1.5480654
1.5447048
1.5413653
1.5663533
1.5633765
1.595948
1.57607
1.5314947
1.5215341
1.5688968
1.642958
1.6649992
1.5379428
1.6153034
1.6569444
1.6686056
1.5345953
1.5554552
1.5513288
1.559899
1.5639207
1.6676127
1.5652072
1.6095012
1.5782045
1.5181416
1.550063
1.5890005
1.5663834
1.576638
1.5744848
1.52236
1.5743802
1.5647922
1.5565408
1.6182687
1.5481834
1.6388663
1.5343177
1.657313
1.5710975
1.6535965
1.625711
1.5622048
1.5952587
1.6575739
1.6353108
1.6708772
1.5681683
1.5643573
1.5522952
1.7161591
1.8086398
1.7049049
1.549439
1.5619122
1.5929174
1.658413
1.6576097
1.8270692
1.6738248
1.694098
1.6155007
1.5799187
1.6051801
1.6163667
1.5931203
1.5753295
1.5525297
1.5270809
1.5678568
1.5405352
1.536161
1.581432
1.5899305
1.581953
1.598903
1.5599399
1.5692825
1.6448686
1.5489323
1.5475811
1.5823022
1.5666268
1.6234676
1.6881734
1.6058724
1.5752146
1.6945523
1.6753802
1.6290387
1.6755388
1.7386222
1.8155513
1.5498332
1.5538063
1.5761303
1.5487345
1.5932848
1.8047847
1.7599041
1.5291543
1.5732772
1.5407295
1.6813607
1.7071832
1.5996407
1.617955
1.5808035
1.6482903
1.5786357
1.6553023
1.7418386
1.5935708
1.5528585
1.601399
1.5605025
1.6493672
1.6677072
1.6617098
1.5390915
1.5441552
1.5593975
1.5683024
1.6700574
1.6628952
1.6093727
1.5769845
1.5722331
1.6557294
1.613842
1.5546721
1.5463195
1.5978929
1.5321759
1.669849
1.5565865
1.5724969
1.5902064
1.6486697
1.6160945
1.5967587
1.5152673
1.5531065
1.5859381
1.5820384
1.546696
1.535706
1.5893568
1.5453255
1.5324148
1.5970805
1.6113789
1.5672725
1.5494155
1.5380512
1.6610676
1.5702386
1.5758162
1.5476888
1.590324
1.5253966
1.6073713
1.5241947
1.5896835
1.5245258
1.558373
1.6211475
1.583773
1.657671
1.5317067
1.5421227
1.6116347
1.5666895
1.5693375
1.5370235
1.6457314
1.5428156
1.6130315
1.6064698
1.5984182
1.534219
1.5293297
1.6083242
1.5990827
1.6328522
1.558578
1.6380444
1.5379055
1.6261667
1.6014805
1.6412197
1.524323
1.5580008
1.6646456
1.6118252
1.5821143
1.5963417
1.5819874
1.5569563
1.5433909
1.5502357
1.563123
1.6774718
1.5491735
1.5407605
1.5459162
1.6590787
1.6335548
1.6200049
1.567422
1.7067668
1.6736515
1.6100758
1.6104414
1.6338607
1.6753428
1.5250531
1.5690423
1.660831
1.578858
1.560218
1.5506731
1.6290197
1.6425842
1.6175063
1.6382835
1.5746574
1.5772449
1.747208
1.620784
1.5779144
1.5776087
1.6286665
1.649119
1.661503
1.6287555
1.6016058
1.6447213
1.5382253
1.5876355
1.662152
1.5999691
1.5633022
1.5273693
1.5777612
1.6349478
1.664072
1.519411
1.5351155
1.5912552
1.5155683
1.5540127
1.6358584
1.5428473
1.5687971
1.561075
1.5261676
1.5195265
1.657247
1.6032097
1.5470974
1.5752099
1.6152903
1.5590433
1.5501068
1.5815095
1.651247
1.54342
1.5287248
1.529155
1.5731127
1.5491595
1.6390218
1.5445453
1.5107634
1.6173877
1.5168883
1.5987755
1.5236343
1.5588537
1.5783775
1.588282
1.5117762
1.5766337
1.569329
1.5346245
1.5761687
1.5813383
1.6177455
1.5196137
1.6355966
1.5470301
1.5221289
1.5326887
1.5247442
1.5678438
1.526587
1.5746973
1.6077532
1.5398177
1.5194169
1.5553178
1.5313089
1.5559356
1.586028
1.5486485
1.539311
1.5980736
1.601496
1.6132257
1.6423701
1.5564733
1.5983253
1.5946995
1.7267258
1.5868747
1.5703416
1.528821
1.6094735
1.6113093
1.6755477
1.591974
1.5324559
1.5451688
1.5305703
1.6183234
1.578548
1.6597522
1.535674
1.5342091
1.5970807
1.5853705
1.6138293
1.5743155
1.5376725
1.5768943
1.5387574
1.5417023
1.5457125
1.5602775
1.5183288
1.5505368
1.5438881
1.5340518
1.5791485
1.6213824
1.5585965
1.6381028
1.5985603
1.622412
1.5879732
1.5435083
1.5335354
1.5319965
1.5319885
1.6330997
1.6565078
1.5345722
1.5741398
1.5662605
1.5362089
1.6031915
1.540126
1.6800842
1.6204447
1.6079768
1.5802101
1.5280583
1.546325
1.6242372
1.5401059
1.5369011
1.5324247
1.5800666
1.5404683
1.5368022
1.6010925
1.5556628
1.566255
1.5719874
1.5492979
1.5859088
1.668018
1.566259
1.5634564
1.5573313
1.6037558
1.6346475
1.595649
1.5278246
1.7214303
1.627382
1.5339005
1.575188
1.5403907
1.5454046
1.5928366
1.6310748
1.6285846
1.548702
1.648601
1.5617718
1.600866
1.5411767
1.5598253
1.5415515
1.5369561
1.5301435
1.606784
1.5940672
1.541292
1.5545847
1.5901427
1.5521494
1.6351539
1.5572251
1.6322924
1.5537885
1.6271173
1.5621805
1.5426329
1.5504022
1.6278754
1.5418112
1.5468148
1.6439358
1.5746713
1.5494856
1.5484462
1.5437562
1.579032
1.589515
1.5560762
1.5670669
1.5518162
1.5869749
1.5647537
1.5728422
1.5799197
1.5788375
1.5915071
1.5212735
1.544336
1.591373
1.606823
1.5790021
1.6407232
1.6817875
1.7344218
1.552818
1.5615731
1.5260195
1.7079079
1.716475
1.7419499
1.6387807
1.5270412
1.5486656
1.5567786
1.6454871
1.7473536
1.6636101
1.6379156
1.5575594
1.5807807
1.61106
1.6220107
1.6372325
1.5769713
1.6463511
1.6700838
1.5822067
1.6168377
1.6974193
1.6072686
1.6088728
1.6194477
1.625393
1.6335047
1.580693
1.5885195
1.6172342
1.5254117
1.5596505
1.547339
1.589941
1.5825202
1.526253
1.6348244
1.5799344
1.5712732
1.5902331
1.5883446
1.5997672
1.5886323
1.5583656
1.5792925
1.5875937
1.5534979
1.5329324
1.6804968
1.5949183
1.5297874
1.518932
1.6051657
1.6016487
1.6218704
1.5672528
1.554282
1.6189741
1.581202
1.571014
1.5405301
1.5576675
1.569028
1.5701125
1.5154573
1.526066
1.6255193
1.573274
1.5880337
1.5704768
1.6288402
1.5780332
1.6430063
1.551526
1.5290926
1.5767585
1.549824
1.5349977
1.5560803
1.5868218
1.6529028
1.681646
1.5491811
1.5254574
1.546674
1.5976088
1.5662827
1.5645354
1.6040605
1.5670335
1.644523
1.5784638
1.578636
1.5338748
1.5672402
1.523141
1.6289667
1.596241
1.7031555
1.5716885
1.5187027
1.5926752
1.5743803
1.6506268
1.6403439
1.5555375
1.5378648
1.5702947
1.5558954
1.5685552
1.7048821
1.5907775
1.5259795
1.6415749
1.5474164
1.5531497
1.6053336
1.5415715
1.5800258
1.5448103
1.592108
1.585732
1.5934702
1.6066507
1.5479742
1.7690327
1.607049
1.6095413
1.5942008
1.5472461
1.6052603
1.5525447
1.5696565
1.5367985
1.5944635
1.5928795
1.7324448
1.7253073
1.728093
1.556434
1.5466315
1.5697982
1.6511382
1.5762178
1.5607992
1.5701532
1.5846158
1.5545629
1.5296522
1.5753392
1.5696473
