26.793537
26.8757
26.27816
25.852499
26.856031
25.888067
25.609837
25.937298
26.546146
25.728804
26.158327
26.224276
26.127089
26.356743
26.609072
25.347204
26.107027
25.93838
25.748878
26.02798
25.705404
25.898619
25.713057
24.961119
25.961296
25.558495
25.046093
26.027542
25.384098
25.550097
26.052319
25.824045
25.382357
25.345993
25.175678
25.655294
25.323671
24.976095
25.182587
25.587622
25.208345
25.013329
24.820524
25.032211
25.061676
24.941074
24.303593
25.47174
25.601433
24.687391
24.353985
24.69046
23.887192
24.427551
23.997929
24.499958
24.173508
24.473166
24.016493
23.579779
23.57962
23.502562
23.449148
23.378143
23.193073
23.159328
23.756388
23.388327
23.11416
23.186367
22.485985
23.11968
22.377731
22.614002
22.905478
22.671034
22.091112
22.282892
21.350037
21.449041
21.555225
20.86872
21.394178
20.985497
20.33022
20.027887
19.374184
19.681232
19.374266
18.858564
17.791376
17.964767
17.281488
17.78593
17.928415
18.075712
17.436338
17.182432
17.837976
17.109673
17.205189
17.387342
17.160095
16.949064
17.471586
16.962269
17.121485
17.704012
17.348925
16.937847
16.743778
16.151932
16.835197
16.798794
16.241621
16.097422
16.57997
16.062399
16.342527
17.084303
16.440062
16.02461
16.236696
15.028171
16.084929
16.214954
16.56993
15.6304245
16.134323
16.171196
15.95374
15.649361
15.324264
15.15527
15.602161
15.371104
15.68335
15.508263
15.112736
15.439482
15.190692
15.453826
15.212231
15.670348
14.917757
14.771064
14.97212
14.9511795
14.913824
15.135041
14.802855
14.738328
14.450338
15.157155
14.391402
14.374369
14.34837
14.57823
14.029892
14.350838
14.32222
14.326329
14.299486
13.891896
14.29762
13.557967
13.425608
13.375982
13.251738
12.947158
13.262303
13.283578
13.041296
13.470046
13.11519
13.871402
13.387232
13.2667055
13.046518
12.459735
13.506312
12.924108
13.036988
12.146836
12.68332
12.926338
12.8542385
12.863524
12.699383
13.048103
12.960223
12.402794
12.59797
12.096898
12.211108
12.607467
12.585173
12.399857
12.449275
12.345332
12.3603115
12.115952
12.59986
11.516502
12.129732
12.505729
12.21772
12.116293
12.095416
12.49816
11.783086
11.750973
12.033108
12.4916315
11.757984
11.674139
11.701106
12.134402
11.80756
11.60158
12.14401
12.02663
11.625664
11.514026
11.853405
12.094118
11.649574
11.781411
11.249106
11.954362
12.175302
11.479994
11.415299
10.934844
12.276802
11.607001
11.676968
11.732111
11.52397
11.448757
11.195942
11.327356
11.60127
11.672222
11.090054
10.764206
11.431716
11.342332
10.568474
10.729438
10.891968
11.215023
10.723532
11.023154
11.386933
10.70207
11.186246
10.783233
10.630888
11.190437
10.743403
10.705586
11.60291
10.920699
10.839528
10.336628
10.877977
11.258738
11.113658
10.89663
11.039864
10.795038
10.571042
10.788263
10.695847
10.553886
10.422598
10.737208
10.78295
10.958682
10.834906
10.967904
10.375732
10.455079
10.846484
10.969692
10.833094
10.301232
10.237458
11.07808
10.387017
10.607754
10.467694
10.785358
10.82452
10.72383
10.024023
10.370752
10.9223585
10.373847
10.3639965
9.85648
10.069658
10.151408
10.208328
10.356075
10.144153
10.577359
10.176528
10.386542
10.242846
10.566138
9.920791
10.423414
10.500272
9.875218
10.03927
10.442681
10.219165
10.498619
10.10936
10.327592
9.877703
10.05161
10.486718
10.066162
10.39937
9.933562
9.98047
10.425614
9.969988
10.255018
10.272119
10.077096
10.314769
9.753785
9.706386
9.639242
9.8424
9.146877
9.567596
9.732751
10.031421
9.444237
9.4018955
10.185152
9.653532
9.844068
9.514702
9.932039
9.909372
9.233384
9.764556
9.713833
9.758231
9.203841
9.552874
9.251862
9.54391
9.335352
9.23324
9.851956
9.540276
9.535814
9.379914
9.3357315
9.78392
9.708304
9.379022
9.479092
9.604316
9.330416
9.100997
9.005805
9.556719
8.883421
9.878213
9.354629
9.208406
9.256428
9.3829975
9.354215
9.250082
9.106823
8.81009
9.265803
9.28614
8.831993
8.987763
8.803681
8.797468
9.110823
9.041545
8.986038
8.949505
8.90612
9.370862
8.871892
8.991736
9.003214
8.936704
8.698918
8.698333
8.776149
9.04475
9.145459
9.665131
9.273489
9.68558
9.626456
9.216083
8.689072
8.933152
8.809077
8.595271
8.703492
8.372176
8.501698
8.742313
8.950087
8.615678
8.526158
8.849834
8.670588
8.403198
8.493146
8.736636
8.35725
8.284142
8.238274
8.227796
8.85329
8.479091
8.869133
9.215972
8.54167
8.959921
8.744119
8.70362
8.579538
9.230426
8.76621
8.577812
8.784429
8.456426
8.727352
8.070536
8.963272
8.766072
8.594268
8.4099655
8.747054
8.4443035
8.3024435
8.524561
8.344075
8.371624
8.471004
8.417137
8.582626
8.924355
8.614675
8.331551
8.480945
8.13225
8.312172
8.219854
8.730429
8.647151
7.676741
8.310316
8.590216
8.549545
8.223733
8.323048
8.5091
8.274863
7.9456058
8.500919
8.133127
7.798324
8.066987
8.1854515
7.968732
8.12593
8.433874
8.410994
7.965922
8.741089
8.43638
8.06918
8.192692
8.070297
8.265752
7.861936
8.403446
8.041264
7.917133
8.078619
8.083476
8.637125
8.405685
7.5953856
7.772057
8.002443
7.8071394
7.694252
7.8158064
7.6122847
8.018606
7.8551307
7.9376783
7.8702745
7.7056923
8.112212
7.488896
7.824648
7.860279
8.235016
7.822316
8.046902
7.5351706
8.108802
7.7462955
8.123991
8.017115
7.9710684
8.039993
7.752622
7.983268
7.800729
7.9647074
7.9461055
7.886386
7.6799574
7.733881
7.762629
7.494328
7.3240995
8.246951
7.68949
7.510078
7.906938
7.9271936
8.013091
7.96895
7.660422
8.42919
7.901943
7.5893745
7.563036
7.8233256
7.795559
7.534912
7.561115
7.334594
7.2437224
7.3678703
7.360653
7.3562937
7.515121
7.5356326
7.959042
7.335337
7.642772
7.466106
7.5423565
7.441233
7.4089537
7.7877264
7.4222364
7.364203
7.364351
7.381116
7.50857
7.1317306
7.5509624
7.586072
7.787301
7.487399
7.480928
7.398387
7.197905
7.422095
7.443133
7.0785484
7.694514
7.299271
7.1345525
7.696363
7.4766116
7.312962
7.705713
7.435093
7.361015
7.612986
7.441685
7.597985
7.2932096
7.278725
6.848311
7.514276
7.019103
6.979404
7.2483263
7.1260033
7.325483
7.050219
7.354038
7.045022
7.3993134
7.369093
7.1751842
7.182326
7.607671
7.441248
7.2627215
7.436581
7.5415783
7.173683
7.20478
7.139721
7.3080864
7.429893
6.98158
7.29902
7.541531
7.00182
7.115711
7.6024027
6.8313217
7.2853107
6.993064
7.172627
6.8508124
7.1300416
7.539622
7.1594057
6.881684
7.182659
6.939843
7.1620774
6.971172
7.054629
7.180163
6.803759
7.0149374
7.147472
7.141218
7.260897
6.588226
6.785073
7.2811275
7.0257273
7.770305
6.790754
6.977961
7.110819
6.9468355
6.9130535
6.8143682
6.524167
6.885604
6.696734
7.140338
7.002955
6.969653
6.990454
7.082297
7.121888
7.529919
6.861588
6.9919405
6.6316695
6.881371
6.823315
6.6151114
6.878146
6.4293585
6.748954
6.4722433
6.485201
6.851553
6.495548
6.694979
7.010274
6.4276195
6.77915
6.770974
6.822372
6.929586
6.9846263
7.124909
7.0884504
7.346848
6.861843
6.855575
6.712423
6.626223
6.812362
6.6837153
6.97874
6.457507
6.616803
6.6279645
6.32251
6.552328
6.6441627
6.875176
6.8988557
6.5593796
7.10269
7.005769
6.7622952
6.530287
6.853408
6.052516
6.701294
6.224883
6.7610073
6.371857
6.667109
6.3189473
6.247253
6.455972
6.043088
6.568274
5.8513494
6.1367507
6.2945395
6.1053576
6.0589504
6.344884
6.232807
6.557831
6.4496665
6.1250606
6.6473975
6.332403
6.545101
6.249484
6.5319424
6.499736
6.3575373
6.423905
6.420536
6.2571907
6.5098433
6.656167
6.187447
5.989217
6.008191
6.247726
6.602983
6.596681
6.5795193
6.5237684
6.6278663
6.3741107
6.087173
6.299116
6.109797
5.8894567
6.1247716
6.1116924
6.054391
5.853408
6.163669
5.72441
6.0088496
6.020541
5.673343
5.991191
5.7603993
6.333957
6.219078
6.202364
6.2129197
5.946661
5.6987014
5.981068
5.9899573
6.154359
5.696543
5.9253087
5.831834
6.3855176
6.184353
6.3046436
5.991859
5.980604
6.2440896
5.8853436
5.562379
5.479017
5.80633
5.19167
5.628319
5.965472
5.507528
5.665495
5.66356
5.4580264
5.4613757
5.822472
5.738294
5.6778708
5.8875394
5.471935
5.608498
6.038596
5.6012354
5.694896
5.687791
6.094569
5.6135535
6.0045457
5.3532057
5.879182
5.891238
6.00886
5.834024
5.8229628
5.903692
5.446198
5.4383535
5.873587
5.79163
5.164079
5.5696707
5.887698
5.8532243
5.5993953
5.682569
6.071022
5.6916175
6.1514473
5.344084
5.920705
5.3705826
5.382504
5.919898
5.691982
5.766975
5.457487
5.541891
5.156976
5.467593
5.44781
5.360761
5.614629
5.698351
5.547077
5.708799
5.5022345
5.5336018
5.530022
5.607808
5.224673
5.146528
5.311084
5.242363
5.2787633
4.979327
5.148701
5.15835
5.0587335
5.357869
5.168712
5.1106043
4.8977423
5.6221695
5.4432163
5.329945
5.0221963
5.2014
4.816844
4.8902698
5.1272078
4.9304776
5.046064
5.171751
4.7363605
4.937915
4.9726343
5.2519293
5.0702295
5.172407
5.088273
5.187185
5.2234693
4.680979
5.001246
5.33833
5.057301
5.082267
5.195289
5.034862
4.810983
4.5865536
5.376138
4.9616675
4.948785
4.9871798
4.893063
4.911378
4.830284
4.928957
4.9082894
4.752806
5.105581
4.752677
4.8640995
4.974861
5.01972
4.506525
4.610926
4.7046638
4.625848
4.830255
4.7340465
4.565192
4.769848
4.7228847
5.088434
4.4305973
4.4371996
4.755505
4.330677
5.0448594
4.5654364
4.916022
4.819408
4.716541
4.6660066
4.501429
4.5094438
4.708544
4.354116
4.787945
4.5730567
4.5530734
4.664438
4.598227
4.417383
4.400722
4.638189
4.611183
4.739308
4.571883
4.681419
4.7878265
4.5291443
4.958535
4.588194
4.694843
4.941885
4.4514256
4.248847
4.3796444
4.558403
4.333317
4.59289
4.5426793
4.460048
4.5894074
4.557709
4.433734
4.392294
4.612719
4.124762
4.569083
4.572956
4.620071
4.400519
4.4908557
4.224483
4.3888216
4.5601935
4.13698
4.2507896
4.1785097
4.153848
4.367946
4.224058
4.0990505
4.289437
4.154655
4.0317774
4.2937846
4.3368473
4.3835773
4.53762
4.347565
4.384694
4.36295
4.241271
4.0220985
4.1991987
4.324976
4.313303
4.095039
3.9791458
4.1439147
3.938264
4.1107574
4.438463
4.179134
4.382816
4.5542083
4.22698
4.5383043
4.499736
4.2063384
4.28361
4.051797
4.144575
4.53058
3.9467504
4.111873
4.0884542
4.2145963
3.9414926
4.226367
4.4493785
4.037189
4.242537
3.947607
4.068503
4.032279
4.233699
4.091596
3.832817
4.0948067
4.2763863
3.739448
3.9877717
3.9380755
3.9200413
3.779548
3.9444072
3.967226
4.177285
4.449831
4.267836
4.150928
4.3271575
3.9655917
3.8221354
4.0404696
4.1250763
3.8260257
4.0739026
3.9823134
3.8377538
3.9338524
4.3130007
3.9480267
4.0618005
4.035325
4.06148
4.2852497
4.3015347
4.058155
3.9746776
3.7576392
3.837906
3.94615
3.674967
3.7342753
3.9374216
3.787327
3.8548095
3.8525355
3.9980016
3.9098442
3.9149349
4.1483617
4.0561953
4.273269
3.9409995
4.1703577
4.336879
3.669847
3.826672
3.883776
3.7386894
3.8704138
3.879794
3.6945832
4.074939
3.8597713
4.251247
3.9216323
4.0248384
4.070011
3.8965235
4.401684
3.9057796
3.903867
3.7299716
3.79145
3.9835792
3.9199524
3.9428854
4.15932
3.798434
4.2655935
3.943928
4.0165806
3.9296477
3.8375025
4.1157656
3.7470016
3.9439745
3.7075293
3.704144
3.8333578
3.7427998
3.8692505
3.83822
3.7395923
4.098054
3.7554042
3.7021115
3.9347775
3.6584704
3.594312
3.808957
3.7156396
3.7958875
3.7801652
3.6957033
3.5665064
3.796138
3.6622195
3.7960865
3.8427253
3.7058294
3.8591442
3.8226068
4.319943
4.01921
3.4473214
3.8241577
3.4810164
3.8353503
3.5903306
3.7249403
3.780373
3.5180635
3.809124
3.685204
3.9537835
3.866005
3.6507425
3.5276403
3.8084593
3.7710936
3.588925
4.0028076
3.6591785
3.5200884
3.6036727
3.448893
3.4902055
3.6145544
3.624487
3.447527
3.768616
3.163266
3.6848795
3.449578
3.7973588
3.5741994
3.7237945
3.7569783
3.858886
3.604549
3.8156278
3.8723469
3.7912173
3.8638797
3.6970365
3.8289092
3.3905416
3.7069182
3.688916
3.429455
3.5131648
3.6810927
3.5957437
3.6645744
3.635107
3.6479402
3.33748
3.6064677
3.598094
3.5200572
3.6948357
3.5803745
3.5951004
3.7134469
3.682089
3.8471305
3.858564
3.99325
3.739971
3.844925
3.5172374
3.762201
3.6705034
3.5209088
3.6507504
3.6479812
3.7974956
3.739566
3.470475
3.3188498
3.69308
3.3608565
3.4482653
3.3327947
3.4112732
3.6827357
3.4506686
3.6840677
3.8666353
3.755599
3.906902
3.2433426
3.8822331
4.06561
3.436635
3.6425486
3.5710585
3.61936
3.645171
3.5017893
3.6661415
3.5049803
3.3143568
3.6327014
3.692373
3.7130723
3.4070926
3.789238
3.6953344
3.5820615
3.6253853
3.8328671
3.570609
3.6126454
3.4936326
3.3999126
3.3809736
3.6393955
3.4439044
3.4994714
3.511379
3.7386756
3.7162647
3.4640918
3.5571313
3.54935
3.6452007
3.630608
3.819707
3.5533576
3.650151
3.4112892
3.5404584
3.6915731
3.7084656
3.3343146
3.1431909
3.1182976
3.429075
3.2189155
3.0919483
3.401664
3.102712
3.5223334
3.5266056
3.368022
3.6549845
3.307991
3.512176
3.4140193
3.7666883
3.3145635
3.6353226
3.4230998
3.517453
3.6101332
3.5530121
3.3183095
3.3090916
3.2256021
3.3456345
3.188026
3.3417814
3.4731996
3.401404
3.2813842
3.370126
3.2593868
3.422383
3.239647
3.2450535
3.2612586
3.2080002
3.5103798
3.3895555
3.1411645
3.691425
3.4305005
3.3513088
3.831146
3.578435
3.5638072
3.4274485
3.6396463
3.268245
3.35424
3.2155828
3.3833063
3.5757024
3.1985013
3.2156603
3.583167
3.3247144
3.3417964
3.3498037
3.1844683
3.4306226
3.135008
3.2613814
3.1925666
3.195156
3.1651466
3.2150354
3.312192
3.4229784
3.3058155
3.4296105
3.331009
3.461134
3.2956083
3.420305
3.383473
3.4864607
3.3399072
3.2398984
3.1453779
3.5119402
3.2497184
2.9988394
3.565592
3.2381809
3.2912657
3.2545645
3.39049
3.4335804
3.4379394
3.3321636
3.4693894
3.280492
3.4556022
3.1979806
3.3238559
3.2271125
3.245244
3.1274924
3.2021112
3.0783105
3.0179875
3.2052975
2.9444313
3.2187417
3.2889707
3.466249
3.3455827
3.274714
3.2287023
3.3141124
3.081208
3.2466514
3.243811
3.3033826
3.1134017
3.3289847
3.085637
3.508787
3.3208594
3.1362505
2.9774122
3.339881
3.2997148
3.1981883
3.2733335
3.1763484
3.4065142
3.0428824
3.199224
3.1430764
3.1039324
3.2853694
3.0187602
3.1839807
3.4336748
3.226714
3.0073545
2.9512165
3.3720484
3.1920025
3.2415822
3.3462634
2.9707565
3.5251703
3.106929
3.211896
3.3428884
3.2251995
3.3459463
3.2499366
3.2159464
3.1045794
3.2253313
3.1311808
3.3530147
3.1499214
3.413028
3.4078617
3.2031348
3.1605515
3.039815
3.1304464
2.9440982
2.9751337
3.0449924
2.8314342
3.2593424
2.936057
3.2038975
3.0492754
3.0753844
3.1158166
3.0855615
3.335118
3.0610726
2.9702034
3.258949
3.0751352
2.904172
3.281301
2.9898574
3.139263
3.3689947
2.803711
3.1982005
3.1127005
3.1494462
2.9993753
2.9507954
3.008754
3.126927
3.088313
3.09384
3.122634
3.0271654
3.073136
2.9682162
2.9485226
3.0448446
2.8890574
2.95539
2.9193444
2.9481802
3.332488
3.203746
3.2540426
2.9608965
3.0893908
3.0426455
2.983117
3.0517364
2.9581914
2.859697
2.891212
3.1304896
2.970928
3.192417
3.3049228
3.3379345
3.134659
2.8665714
3.361367
3.0072858
3.048627
2.8803432
2.9386785
3.0002675
2.820987
2.857011
3.0333085
3.0471635
2.981322
2.932014
3.0094824
3.192101
2.9957225
2.8643847
2.9410622
3.1437733
3.025654
3.031121
3.0674257
3.066181
3.1096082
3.078848
3.1241317
2.969827
3.123758
2.8827627
3.2889714
3.1672735
3.065
3.0998764
3.0321343
3.257365
2.7466893
3.187484
2.7714975
2.8837767
2.9015255
2.8389654
2.9074697
2.8875573
2.8561566
2.923464
3.126915
2.8753655
2.9093678
2.8021386
3.015194
2.960807
2.9438415
2.972633
3.013135
3.0145044
3.1486936
2.9337852
2.922069
2.894336
3.0175009
2.9733546
3.0036023
3.1139219
3.0907416
3.116292
3.176916
3.162116
3.24808
3.4328985
3.2962577
2.790921
2.9486248
2.8479977
2.9876585
2.8600461
2.8880455
3.0711327
2.9137084
2.7989457
3.0231545
2.950477
2.9075987
3.072264
3.101357
3.060432
2.966421
2.9300315
2.9306881
2.9256632
2.658051
2.962906
3.053718
2.7682726
2.7680492
2.9188128
2.9294827
3.025378
2.8443995
2.802864
2.8744545
3.0478525
2.8493426
3.1645024
2.8511221
3.1748984
2.8334816
2.9299915
3.0866375
3.1647427
2.7614253
2.9094725
2.7072744
2.6152003
2.8407435
2.6675966
2.544363
2.897299
2.8831475
2.9295356
2.9115648
2.8651686
2.8755183
2.8729925
3.014606
2.9344265
3.0413978
3.0737386
2.9002807
2.9216316
2.9771452
2.8763554
2.7749815
2.801185
3.07266
2.7549605
2.756866
3.041744
2.9437854
2.9536185
2.9934921
2.9947681
2.8063214
2.999443
3.0531685
2.679361
2.7094
2.7697256
2.9001734
2.8642392
2.933082
2.8105578
2.7002864
2.8987052
2.950703
2.926124
2.701696
2.892996
2.8389685
2.8829117
2.8878534
3.0549204
2.8498394
2.9049137
2.8740592
2.747726
2.780039
2.706494
2.9958358
2.979512
2.677551
2.6772313
2.8552125
2.781665
2.6646628
2.744779
2.614089
2.7288895
2.7675173
2.7413864
3.0919175
3.0391614
2.987385
2.9324305
2.9063888
2.9992635
2.858365
2.9027135
2.8661234
2.8712828
2.7666214
2.6533256
3.0053055
2.863319
2.7832737
2.5838869
2.6874619
2.7300305
2.883099
2.973253
2.7032804
2.8042905
2.9515963
2.6605122
2.6932647
2.6802726
2.7887933
2.8318982
2.6757915
2.8329885
2.6760404
2.8645904
2.8699572
3.0014603
2.815816
2.6873379
2.774044
2.8973897
2.8171055
2.813808
2.733011
2.693505
2.7977164
2.8229742
2.8181655
2.779174
2.9536214
2.7400463
2.775703
2.6838715
2.841557
2.6774185
2.7139685
2.9217722
2.7552812
2.633671
2.8518965
2.6568253
2.8335466
2.720858
2.743078
2.794746
2.9520466
2.8608744
2.743689
2.898511
2.738421
2.6596918
2.743176
2.9214087
2.6844258
2.605904
2.8311086
2.7311904
2.5485704
2.7878487
2.810423
2.9647572
2.827816
2.7987056
2.7665
2.7071748
2.8480027
2.5943015
2.7470171
2.5803142
2.8967025
2.8227398
2.7126327
2.5742676
2.7442873
2.773591
2.5737817
2.808463
2.5337832
2.5926893
2.7833674
2.7214923
2.787429
2.535149
2.6167934
2.5669222
2.782942
2.7330925
2.753261
2.7196345
2.9562297
2.6317127
2.6919663
2.4466321
2.774929
2.6585345
2.5300915
2.6825974
2.7025726
2.6453924
2.6290612
2.7391493
2.7268662
2.5653157
2.507276
2.6858432
2.6826227
2.6490395
2.846878
2.7334354
2.843157
2.7038956
2.7799757
2.7250464
2.7935636
2.6066692
2.72006
2.5528636
2.6002855
2.7199824
2.814469
2.567568
2.9178264
2.8400025
2.6757379
2.6482658
2.903654
2.7921112
2.6408587
2.8568945
2.746309
2.535402
2.5526462
2.836578
2.5882652
2.5208864
2.6804783
2.5244224
2.7378235
2.6861155
2.700245
2.5112624
2.4302835
2.8376856
2.9520931
2.6657035
2.6998487
2.7816286
2.670271
2.6835024
2.801888
2.932368
2.7091584
2.5773318
2.6276286
2.737613
2.9437048
2.6214192
2.7114048
2.87141
2.8291173
2.6395
2.6957138
2.565691
2.7245226
2.4427216
2.6962354
2.6518831
2.5837567
2.643758
2.7190576
2.7059572
2.6861475
2.8172996
2.915716
2.7408633
2.6274762
2.794656
2.5346358
2.599168
2.5774715
2.7077947
2.4690945
2.4995177
2.5919116
2.4698293
2.6648135
2.4399853
2.4396365
2.4799564
2.6355956
2.551886
2.6816025
2.573729
2.7267983
2.586808
2.631218
2.4132895
2.5838516
2.512824
2.8536923
2.843921
2.5883706
2.6387582
2.7718387
2.641742
2.6903007
2.7667103
2.8786802
2.672098
2.8088078
2.5598404
2.5054524
2.4578762
2.5747387
2.5415754
2.418211
2.7062745
2.6535344
2.6764133
2.6102536
2.6197338
2.848743
2.5539064
2.7720428
2.7439399
2.8012183
2.7220166
2.96011
2.621079
2.4087195
2.5231612
2.5991945
2.6570544
2.439115
2.482628
2.6165874
2.519154
2.6971745
2.528206
2.5058005
2.6424868
2.6131825
2.5836172
2.708032
2.5730393
2.535113
2.614383
2.7903526
2.6986158
2.7534955
2.582898
2.6457105
2.650936
2.4977977
2.547728
2.4478097
2.6878624
2.65114
2.6996465
2.6355402
2.6171396
2.70081
2.6943624
2.583663
2.4416256
2.6786344
2.673131
2.4608126
2.4278624
2.5688062
2.6099923
2.8280118
2.815764
2.8417385
2.6666112
2.653168
2.6572814
2.835528
2.509321
2.801747
2.896862
2.519138
2.3142118
2.4276254
2.672554
2.5999074
2.4179897
2.3668344
2.45998
2.530454
2.6423924
2.6089733
2.487336
2.587477
2.442304
2.7096815
2.7564886
2.7391078
2.8510273
2.8283055
2.636806
2.559805
2.5736413
2.5620747
2.4810014
2.7703555
2.6111195
2.5298183
2.5438683
2.6038423
2.6438115
2.6995265
2.6486688
2.454802
2.5365984
2.4621544
2.764653
2.4076126
2.6671395
2.480267
2.663838
2.735175
2.5563805
2.6273115
2.5791428
2.448894
2.6543362
2.5891914
2.6510844
2.5195954
2.5020382
2.4327264
2.543201
2.583854
2.5775728
2.4621747
2.528944
2.45654
2.4725945
2.5497785
2.4901774
2.438425
2.5337
2.5391026
2.414308
2.4941535
2.463785
2.60167
2.634273
2.5277102
2.5386102
2.4434495
2.5776112
2.528629
2.5524316
2.6259153
2.4887993
2.648343
2.6156533
2.5148854
2.5507562
2.5730217
2.3487477
2.429792
2.4793668
2.5607402
2.501012
2.5437477
2.5483587
2.5537064
2.7542484
2.7711005
2.5987844
2.5951562
2.8153245
2.7042434
2.6441123
2.461843
2.4283504
2.4172394
2.6273196
2.494864
2.416864
2.6035151
2.6270053
2.6256266
2.701813
2.7607234
2.6289713
2.6795764
2.6181233
2.4746597
2.5184007
2.5175045
2.280054
2.364122
2.513855
2.5864613
2.3539526
2.3659563
2.364662
2.5974588
2.5685515
2.5274272
2.534534
2.4010592
2.565053
2.6017737
2.6979513
2.5169673
2.4377143
2.6383939
2.5331385
2.664346
2.5187986
2.4914455
2.5725002
2.6063771
2.6268032
2.400611
2.680823
2.358361
2.4556036
2.397667
2.3539104
2.558793
2.3936088
2.5923965
2.3016205
2.5087144
2.4534352
2.449207
2.303268
2.4907207
2.485077
2.4355326
2.3733013
2.4378805
2.4011946
2.554969
2.5563962
2.6519904
2.3838706
2.5351567
2.557431
2.5464058
2.464706
2.540159
2.573285
2.4486654
2.3484175
2.420827
2.3868535
2.493082
2.620021
2.7227075
2.5107105
2.643234
2.5174487
2.4731812
2.4906058
2.5145035
2.3860116
2.473095
2.5035431
2.3745365
2.3646545
2.559831
2.4781263
2.4438174
2.5594115
2.5560873
2.555474
2.5595236
2.3705342
2.5523272
2.506546
2.5299957
2.5793884
2.494898
2.5794854
2.4713554
2.3298779
2.52223
2.5233066
2.5104654
2.502392
2.4968214
2.6549425
2.3547423
2.4377272
2.4767206
2.5877616
2.582823
2.565536
2.5597172
2.7390351
2.5214062
2.737783
2.7716167
2.611277
2.5331862
2.3966672
2.5273983
2.326104
2.346446
2.3097162
2.6544604
2.137127
2.4744918
2.445813
2.278122
2.4193215
2.341936
2.457176
2.474539
2.4094634
2.4948676
2.5647116
2.6853974
2.5315404
2.5931535
2.5374875
2.6503296
2.5428824
2.3779006
2.4653444
2.4869199
2.7276175
2.439271
2.265369
2.4025815
2.4509964
2.5706995
2.479722
2.5866706
2.4807749
2.4026525
2.3282037
2.489487
2.249006
2.429158
2.359567
2.607351
2.3866315
2.281339
2.432538
2.358149
2.4797583
2.5568702
2.2670164
2.3437548
2.3079355
2.2585235
2.403591
2.320513
2.3817277
2.2648199
2.4531343
2.2587647
2.4061096
2.6001196
2.5406113
2.342798
2.3854284
2.4969594
2.4438791
2.3113754
2.6247237
2.522764
2.548968
2.6991148
2.513659
2.533346
2.4680507
2.360075
2.2951982
2.3418033
2.456924
2.508211
2.4276595
2.5815074
2.4163034
2.4512808
2.4764986
2.731764
2.449936
2.5386152
2.2790534
2.5226295
2.280841
2.3601003
2.530675
2.4478645
2.472118
2.2920585
2.4477665
2.4581575
2.574096
2.5263965
2.4214184
2.4919856
2.4443152
2.5105064
2.3599796
2.3010986
2.3362083
2.633719
2.4446073
2.3640754
2.2876093
2.3580298
2.381923
2.334148
2.50211
2.631102
2.5008035
2.4805396
2.4294782
2.451562
2.404868
2.425399
2.6692343
2.4311018
2.3963156
2.418079
2.3919675
2.3816895
2.299786
2.294417
2.4825504
2.3846514
2.4077978
2.3964179
2.4132764
2.532403
2.5513062
2.5439346
2.3921115
2.370143
2.3387964
2.3109763
2.334063
2.441549
2.448066
2.2614312
2.5376904
2.6547835
2.6532016
2.5588653
2.4377246
2.352759
2.487833
2.4146054
2.4878557
2.5596285
2.1852746
2.556352
2.458609
2.380353
2.3639064
2.3534765
2.34973
2.4590626
2.577074
2.604886
2.5206168
2.3781817
2.5263116
2.436609
2.485379
2.4686384
2.611313
2.4288692
2.6077607
2.2854874
2.3569517
2.5082538
2.5350125
2.3071675
2.5232239
2.3231108
2.371268
2.2984283
2.2828786
2.3497899
2.3683035
2.4040766
2.6809967
2.52781
2.561327
2.569972
2.3462434
2.2674963
2.2311685
2.4497535
2.1852992
2.3671124
2.576907
2.41853
2.328858
2.466289
2.3936625
2.488709
2.4507697
2.490078
2.460932
2.5132253
2.449606
2.4950006
2.5441506
2.4787848
2.4293365
2.5003977
2.385714
2.3565125
2.321916
2.3258486
2.2857106
2.271344
2.2258847
2.4228964
2.3555233
2.470046
2.5607831
2.492412
2.5613713
2.4839206
2.306549
2.2196
2.5303535
2.3530085
2.397779
2.373535
2.548799
2.542973
2.3124835
2.191926
2.2655945
2.2939856
2.2460046
2.2555153
2.501092
2.351682
2.4163885
2.3198855
2.4017105
2.4409091
2.3673227
2.3298554
2.440775
2.3975544
2.2812982
2.2033298
2.479205
2.332872
2.3623362
2.387341
2.4861274
2.4121976
2.321369
2.3528888
2.4997315
2.4656978
2.524283
2.417477
2.3369713
2.402951
2.2948742
2.31417
2.2124405
2.2588625
2.5290027
2.3632107
2.3321881
2.5130723
2.4929593
2.417625
2.41215
2.4156358
2.4319694
2.3653092
2.406008
2.514226
2.3823195
2.2818623
2.5044324
2.4732056
2.6288106
2.5717604
2.339129
2.3314068
2.410505
2.224403
2.3698282
2.325644
2.3301716
2.4906375
2.3592994
2.463332
2.3648765
2.3079803
2.34165
2.3592021
2.4222045
2.268092
2.47875
2.3107634
2.3244336
2.306437
2.2428684
2.278497
2.1738553
2.2435024
2.2623808
2.2885644
2.2763708
2.337292
2.4940753
2.5025043
2.3656645
2.3463967
2.5068254
2.4982345
2.3985486
2.4486663
2.3139863
2.469407
2.4090316
2.3131979
2.3828857
2.0348487
2.3329825
2.454204
2.4453776
2.4938364
2.3905606
2.37888
2.2599928
2.4061275
2.201103
2.274541
2.3847587
2.427528
2.3840773
2.5036623
2.4618495
2.257482
2.4417875
2.558938
2.5462022
2.4588957
2.4007146
2.27273
2.386241
2.262192
2.2163086
2.2474942
2.4225874
2.3484337
2.2078204
2.2895176
2.2442217
2.3032775
2.4421394
2.255739
2.3970304
2.183917
2.3583145
2.2091267
2.4141335
2.341837
2.370956
2.485508
2.3118
2.1565244
2.471641
2.384205
2.4821782
2.5065866
2.2852151
2.450521
2.3086817
2.46013
2.557504
2.4453795
2.5855684
2.300501
2.2952626
2.4695826
2.215423
2.2697268
2.2987955
2.1159122
2.1962426
2.432861
2.3451052
2.2012045
2.3721323
2.366527
2.4375565
2.451364
2.244892
2.3742285
2.2627773
2.2578723
2.3338516
2.2888865
2.3293655
2.489196
2.3953915
2.1510081
2.403028
2.4272327
2.401948
2.3379328
2.3100026
2.4184542
2.324557
2.2882278
2.2710977
2.5217776
2.3705006
2.4112825
2.337248
2.438551
2.282827
2.2331827
2.2519166
2.360085
2.2788103
2.4021373
2.4206877
2.311116
2.316116
2.392384
2.2708614
2.4671655
2.2858806
2.4475284
2.23395
2.1215045
2.3577409
2.2738266
2.1727042
2.4690225
2.505016
2.3927805
2.3413513
2.371427
2.223965
2.4233098
2.5062616
2.5152137
2.27117
2.5224664
2.3159785
2.2254386
2.2124155
2.2817178
2.4802215
2.3487992
2.31115
2.4125614
2.519477
2.3952172
2.4152884
2.496369
2.299913
2.330767
2.343887
2.2033277
2.257376
2.361925
2.299881
2.2715855
2.4275675
2.2637496
2.4072673
2.3648384
2.4328165
2.3713558
2.403958
2.3239918
2.2196681
2.297821
2.2328265
2.067084
2.1357145
2.3207328
2.301363
2.3015957
2.262585
2.3994462
2.394488
2.2993526
2.3866572
2.302645
2.30375
2.278751
2.1326149
2.2088277
2.232422
2.222642
2.3364255
2.2298717
2.4737074
2.228812
2.397916
2.4360182
2.3897216
2.2356124
2.2677016
2.2090714
2.2481487
2.178736
2.4599812
2.3378134
2.248405
2.3611152
2.1834528
2.1833413
2.3315036
2.4604864
2.325146
2.3108585
2.3299665
2.332393
2.439881
2.344802
2.261202
2.2732186
2.224413
2.3450146
2.426515
2.313178
2.380792
2.2979517
2.3591914
2.360302
2.4257176
2.3454602
2.5261822
2.2498987
2.144137
2.131458
2.279728
2.3971574
2.2697284
2.373234
2.2680016
2.2834096
2.336946
2.4077835
2.4341536
2.349463
2.0731874
2.2606485
2.3064535
2.2312186
2.4255326
2.3526864
2.2603161
2.133572
2.4115553
2.2916014
2.2635937
2.3040404
2.208942
2.3443067
2.2944384
2.308444
2.3199463
2.4234533
2.2544124
2.3372765
2.3284552
2.2311876
2.3193865
2.4076486
2.382776
2.4766736
2.1857064
2.337876
2.3246076
2.3594432
2.2773776
2.233268
2.4428303
2.390013
2.3401225
2.5780535
2.4500391
2.5036485
2.3242736
2.1760535
2.2139814
2.2525344
2.3032565
2.2864685
2.0973659
2.1491928
2.2239544
2.2656782
2.3114777
2.209157
2.2218645
2.2598627
2.272082
2.2238042
2.2600374
2.3680644
2.434735
2.262477
2.2462556
2.2382996
2.4598508
2.1875107
2.2596414
2.3591845
2.4571183
2.2918997
2.2180643
2.1843765
2.2541275
2.157756
2.2463624
2.2961822
2.1394825
2.369855
2.3039463
2.3240943
2.3598223
2.316426
2.314096
2.2402825
2.1967082
2.1521006
2.290583
2.2630239
2.2809567
2.2114265
2.4097269
2.413469
2.234485
2.1646855
2.3253224
2.2040517
2.2769477
2.103836
2.3111129
2.227202
2.2099695
2.212869
2.3103335
2.2698824
2.2630484
2.119484
2.2475598
2.1333032
2.343297
2.422169
2.181051
2.127575
2.327084
2.2632947
2.2296643
2.3382971
2.2314324
2.351798
2.2545445
2.29465
2.5282104
2.2173147
2.204365
2.253478
2.2212486
2.3208435
2.275649
2.1946757
2.212628
2.2590778
2.079056
2.360647
2.2233827
2.2578094
2.2458224
2.2890103
2.196311
2.202611
2.205573
2.1643343
2.3609786
2.308999
2.1456223
2.2119396
2.3007004
2.1979644
2.19018
2.273198
2.2101724
2.328499
2.2921596
2.3129766
2.270749
2.2921624
2.124516
2.2964144
2.391884
2.3070748
2.199013
2.064144
2.0676074
2.3091207
2.184627
2.1599698
2.3023372
2.2377975
2.2946844
2.2304757
2.1930723
2.2308176
2.385284
2.1675816
2.2099614
2.300036
2.246434
2.3150806
2.1707006
2.1856802
2.178179
2.353312
2.2234037
2.1341062
2.1980672
2.3566563
2.2475884
2.181269
2.166848
2.1610384
2.357113
2.1840115
2.3051674
2.2254646
2.2964582
2.325091
2.3413575
2.31603
2.3258653
2.2019804
2.256922
2.355083
2.335387
2.2757604
2.254081
2.1905136
2.2191505
2.312432
2.21921
2.3334534
2.3925023
2.2663515
2.3932812
2.3243015
2.3504198
2.1180363
2.0906608
2.1614819
2.3434522
2.2444153
2.2763324
2.214129
2.2997165
2.286586
2.2304125
2.3154104
2.2187736
2.3208616
2.1626744
2.317615
2.1695445
2.2913933
2.210165
2.2413034
2.3731453
2.2041545
2.3428135
2.2956803
2.1555367
2.1953914
2.3690095
2.1772225
2.140241
2.3670025
2.1149485
2.14273
2.1683755
2.1951773
2.148221
2.227746
2.107558
2.1896565
2.181705
2.1612225
2.2231052
2.3283617
2.2178373
2.1747
2.2182496
2.1149092
2.290406
2.242912
2.2798126
2.301044
2.352524
2.2120147
2.2447536
2.3910925
2.2821038
2.1861165
2.223554
2.0863738
2.106552
2.173443
2.2763438
2.1961362
2.2748694
2.119147
2.0756266
2.174051
2.267602
2.2221348
2.242057
2.2054126
2.2353208
2.1309028
2.1586113
2.1838548
2.1510286
2.1422896
2.313887
2.212689
2.1692812
2.0701544
2.0078192
2.1257734
2.3259487
2.221695
2.142603
2.185858
2.2257636
2.164883
2.1712096
2.292178
2.1689706
2.139484
2.2853613
2.1972625
2.143117
2.1345074
2.174905
2.13367
2.1902575
2.335143
2.216871
2.236329
2.2310996
2.3326542
2.207304
2.1289597
2.241197
2.341287
2.1397223
2.2170794
2.1151154
2.4553545
2.1294343
2.245255
2.3757057
2.246299
2.3647108
2.216856
2.317919
2.2158785
2.4318995
2.33522
2.1594908
2.1602395
2.154664
2.2344832
2.1878207
2.138365
2.2868738
2.219963
2.3131237
2.256771
2.2643938
2.2971513
2.283338
2.135706
2.2186964
2.164439
2.164189
2.2292917
2.0844367
2.2574232
2.1108475
2.1583836
2.292906
2.1617055
2.2851925
2.1143484
2.1423216
2.203861
2.131812
2.1909156
2.127038
2.0231323
2.2227066
2.204187
2.2894864
2.285415
2.2593007
2.2206154
2.234279
2.273504
2.2163
2.1623592
2.1951504
2.1443615
2.0633461
2.1075184
2.234253
2.180139
2.3413281
2.1481655
2.1815312
2.161306
2.130451
2.115135
2.1273105
1.9654616
2.0699158
2.1392663
2.1708424
2.1476245
2.2809207
2.2345173
2.1041408
2.1896346
2.298411
2.2219114
2.1318684
2.37583
2.2121954
1.9948075
2.2782207
2.0497046
2.275259
2.280996
2.1384823
2.2953565
2.1138356
2.1620567
2.1099706
2.221882
2.1437628
2.2102683
2.1228178
2.2553985
2.1502357
2.1550937
2.0946684
2.2117622
2.2041533
2.2629545
2.240378
2.2604928
2.159736
2.1688178
2.1362455
2.2063265
2.1145563
2.178623
2.415566
2.133023
2.1732304
2.0547585
2.2431707
2.249845
2.306333
2.3257232
2.2213802
2.2587917
2.1103773
2.2644782
2.2639115
2.1453738
2.4580007
2.2517517
2.1135333
2.4633293
2.1915877
2.059041
2.270854
2.0989072
2.1576335
2.2412324
2.1431124
2.1787834
2.318696
2.155329
2.21816
2.185437
2.1380475
2.252163
2.271668
2.3746226
2.186757
2.314032
2.1429212
2.289498
2.196978
2.1490543
2.312906
2.297473
2.190905
2.1978495
2.1340587
2.1151848
2.329774
2.337471
2.227017
2.1340673
2.080748
2.130369
2.0539055
2.154395
2.1487
2.1753635
2.1189134
2.1731584
2.2572315
2.1562386
2.023602
2.122266
2.2054791
2.2318606
2.234793
2.1934426
2.3097675
2.239132
2.2081904
2.1971974
2.181048
2.225956
2.149082
2.129203
2.218681
2.1594
2.2538269
2.0812743
2.1262934
2.2481468
2.2833307
2.4681225
2.329844
2.1866746
2.1141346
2.2886033
2.118884
2.1758473
2.026669
2.0718079
2.235836
2.3442705
2.0185897
2.2636917
2.3333986
2.2579002
2.342693
2.2420828
2.1808295
2.0178561
2.335038
2.25407
2.2887459
2.082052
2.1037586
2.0431635
2.1741865
2.0738053
2.467332
2.1435723
2.1819687
2.187434
2.0987015
2.1801884
2.0748465
2.1632376
2.1569047
2.1938994
2.1818912
2.2536182
2.2892582
2.1595185
2.250587
2.1677878
2.0910249
2.1270885
2.144191
2.2346096
2.200524
2.0700016
2.1593444
2.136186
2.263703
2.1896605
2.1434581
2.2557712
2.2126806
2.2405145
2.1458921
2.1921196
2.1058457
2.1093705
2.4398832
2.085334
2.134763
2.2102654
2.211691
2.1858323
2.053929
2.3313284
2.235761
2.1539872
2.3125305
2.2681236
2.1169348
2.1328497
2.1120007
2.1788254
2.2750742
2.3068
2.10108
2.0533447
2.2057984
2.055233
2.0461934
2.0885456
2.0925245
2.124772
2.2109463
2.2031472
2.3221142
2.3265002
2.0829782
2.1588886
2.1571057
2.154468
2.038624
2.2248518
2.214288
2.1755147
2.0619838
2.2161808
2.1027853
2.188829
2.2494025
2.2961736
2.1131475
2.1594026
2.185669
2.2754393
2.0156674
2.0303469
2.0866222
2.0722523
2.1956668
2.253196
2.1244004
2.0274215
2.078896
2.084095
2.207239
2.2336485
2.0717072
2.2545226
2.0264237
2.1353564
2.1933742
2.1637936
2.2990935
2.321685
2.1057684
2.13249
2.237205
2.2587335
2.185636
2.213358
2.1225023
2.1781864
2.1399224
2.0559154
2.187944
2.1365705
2.14018
2.1578267
2.2133894
2.3131325
2.0616205
2.12575
2.07757
2.1219313
2.1550214
2.1946044
2.161164
2.0160742
2.13911
2.1273184
2.184935
2.193768
2.2397387
2.0897934
2.3305128
2.1589746
2.15241
2.0569568
2.25255
2.076649
2.2832494
2.1557436
2.0938287
2.1886568
2.0562096
2.306577
2.029275
2.181562
2.163303
2.107781
2.2050192
2.0918386
2.1413934
2.2128255
2.0424685
2.2493722
2.1954694
2.1122565
2.1039088
2.109075
2.2285903
2.206386
2.107586
2.1808956
2.0293596
2.1922877
2.1926937
2.1570945
2.130525
2.11411
2.2061799
2.1011496
2.0796974
1.9822445
2.0872335
2.1007748
2.0455081
2.0519857
2.0220587
2.1114182
2.2093894
2.0765398
2.2107246
2.3617566
2.2038124
2.1376565
2.198175
2.0269866
2.0834136
2.1490204
2.2631724
2.1043437
2.17877
2.0712047
2.2299936
2.1585832
2.2178454
2.187135
2.140601
2.044715
1.9972674
2.080371
2.134873
1.9883236
2.0789173
2.0282404
2.1598756
2.1173441
2.113556
2.1750102
2.163995
2.1602645
2.27431
2.195873
2.2591293
2.3158164
2.3003902
2.1339495
2.1655736
2.1213162
2.1051033
2.093758
2.0897164
2.062201
2.1348462
2.155476
2.0371494
2.148768
2.2147136
2.2017386
2.113857
2.183468
2.14921
2.0833817
2.163231
2.029043
2.1199515
2.242496
2.191505
2.2130175
2.1757605
2.1255264
2.149076
2.1242168
2.31926
2.0583622
2.0703087
2.1032343
2.1102943
2.2283223
2.1932855
2.0273302
2.0594788
2.119471
2.078846
2.129784
2.304515
2.0921946
2.1547258
2.1365376
2.1849759
1.9958712
2.187469
2.1361587
2.1258671
2.2161112
2.1318345
2.1985183
2.0615206
2.2032895
2.2063468
2.1989367
2.1607838
2.2391195
2.153029
2.108061
2.224902
2.1910052
2.2869625
2.1191683
2.1883783
2.040902
2.126606
2.102465
2.0742013
2.098682
2.243796
2.130414
2.1976726
2.322494
2.1810372
2.0898786
2.1141684
2.094436
2.236397
2.1122587
2.0666397
2.0820496
2.070158
2.1504984
2.2972984
1.9693207
2.1976295
2.09258
2.0374057
2.1822827
2.108108
2.071786
2.108025
2.036603
2.1239474
2.1764464
2.0489821
2.1033504
2.1467652
2.0882435
2.0739539
2.0832443
2.061888
2.0078702
2.106232
2.2457383
2.0878694
2.0256934
2.2617865
2.0416262
2.2517645
2.106856
2.138682
2.067542
2.102138
2.0484452
2.1448295
2.128275
2.0903876
2.1162593
2.1211836
2.3093855
2.2106106
2.162419
2.4240606
2.1833313
2.1075737
1.987947
2.0809546
2.0680137
2.1006193
2.077949
2.0338736
2.1172445
2.0878503
2.132998
2.2637043
2.2639384
2.102966
2.126314
2.1217954
2.0461898
2.0562594
2.1788018
2.021145
2.0866852
2.1527305
1.9966431
2.179898
2.0894785
2.208127
2.0672936
2.0744836
2.0663552
2.151054
2.1679635
2.0396361
2.129295
2.0626976
2.1096265
2.1835885
2.1233492
2.0992641
1.9972843
2.08489
2.0106237
2.1435037
2.0739326
2.0913622
2.123645
1.9855791
2.01424
2.1610987
2.0040848
2.122742
2.060387
2.0990849
2.120432
2.0324125
2.221068
1.9997052
2.000641
2.1961315
2.130668
2.213006
2.1058385
2.089213
2.0808287
2.1895804
2.144024
2.203743
2.3039434
2.1718926
2.0706599
2.0703893
2.2412694
2.145191
2.108572
2.0499973
2.184195
1.9787582
2.1097674
2.0887804
1.9619081
2.0161185
2.2456546
2.019971
2.180633
2.036649
2.0127978
1.9948055
2.1221442
2.0814621
2.091433
2.180067
2.1537585
2.0044248
2.0786264
2.0400865
2.1322386
2.0883045
2.1170406
2.162224
2.1500516
2.0553539
2.218228
2.14093
2.0439284
2.1682544
2.216899
2.1406758
2.1980124
2.2880015
2.0372787
2.1600666
2.0936167
2.1119044
2.1798272
2.0741608
2.0914395
1.9683404
2.0441833
2.096254
2.1186953
1.9912286
2.0019195
2.094775
2.053572
2.0827594
2.2208586
2.2395594
2.0522346
2.120512
2.0640574
2.0670433
2.154514
2.0322294
2.0467293
2.052425
2.1848936
1.980737
2.0805337
2.1020856
2.0909212
2.2039115
2.1391594
2.0555894
2.0835376
2.2309966
2.1250587
2.1493645
1.9657086
2.1146283
2.1484587
2.3181295
2.2657297
2.0710645
2.056029
2.057493
2.216662
2.2005253
2.0920658
2.0521867
1.9796387
2.0692654
2.1056082
2.166426
2.2524943
2.0766928
2.1681812
2.0898826
2.1123536
2.0972044
2.0788057
2.0525494
2.0551999
2.072458
2.072622
2.149689
2.0998428
2.218341
1.9919772
2.1948798
2.076294
2.0449617
2.1448169
2.0242126
2.094092
2.1572454
2.118299
2.1966274
2.0101018
2.04932
2.050363
2.0564742
2.1040537
2.025167
1.9746526
2.0235374
2.148286
2.3417003
2.1909704
2.198713
2.1959155
2.0567875
2.198231
2.1151903
2.1366577
1.971237
1.9931375
2.197957
2.1376235
2.1488512
2.1460655
2.3030875
2.1720846
2.0361712
1.9852655
2.141989
2.077274
2.3264773
2.185067
2.0749295
2.047933
2.2024603
2.1148129
2.1032975
2.1161332
1.9762694
2.0780647
2.0022025
2.096443
2.115439
2.118015
2.2188787
2.0799356
2.0603325
2.2163794
2.0213237
2.0779967
2.054368
2.1103008
2.0330973
2.157302
2.100066
1.9728782
2.0048625
2.1700437
2.1462002
2.1045525
2.1795597
2.1295462
1.9978933
2.1455064
2.0196283
2.122249
2.0561829
2.141882
2.0185888
2.0587168
2.1058097
2.146196
2.1587043
1.9800951
2.0444775
2.1708028
2.1030686
2.0197082
2.0207114
2.1636026
2.222395
2.0224109
2.295943
2.1874845
2.0832903
2.078969
2.260659
2.038992
1.9061546
1.9775262
2.103159
2.2165596
2.0108316
1.968698
2.095617
2.0314374
2.1167517
2.13549
2.0476635
2.0382252
2.0017133
2.0667477
2.078128
2.0093064
1.9599795
2.1591434
2.0974424
2.0766182
2.0538447
2.1445665
2.076481
2.0770307
2.0115342
1.9254695
2.187245
2.0207546
2.0167458
1.9977252
2.137923
2.0274818
2.077781
2.0106916
2.024023
2.0134678
2.2112794
2.0641842
2.0437999
2.0896165
2.0676727
2.0761144
2.123365
2.1315496
2.154735
2.098893
2.0042858
2.203897
2.070839
2.1636853
2.1007152
2.1146026
1.9498668
2.0472412
2.0227997
2.3174386
2.0789664
2.182568
2.062086
1.9893036
2.1195774
2.0599568
2.0035403
2.0172782
1.9476013
1.9924026
1.988695
2.1750824
1.9343035
2.0366976
2.047591
2.051634
2.0596228
2.1445625
1.9344455
1.9982003
1.974595
2.1273687
2.0158262
2.0070055
2.1677945
1.9735868
2.0016062
1.9833249
2.1194339
2.0988703
1.9982244
1.9581583
2.0514417
1.9960145
2.0316665
2.0610545
1.9680853
1.9804835
2.104683
2.0516973
1.9584055
2.0314944
2.0516672
2.0495772
1.9597671
2.0422902
2.056966
1.995885
1.9730217
1.9372512
1.9742132
2.0472417
2.1500041
2.0851793
2.098141
2.1799908
2.079988
2.0372205
2.0755112
2.0354986
2.0984094
2.1237276
2.0355785
2.0016463
2.0776143
2.0188396
2.147046
2.1666696
1.9919106
2.000962
2.017875
2.17266
2.0325198
2.2062085
2.0168538
2.1573217
2.120215
1.9078934
2.075482
2.0167809
2.0979779
2.0560708
1.9914261
2.081661
2.13115
2.0998864
2.0779867
2.0528913
2.1223462
1.973114
2.169949
2.0018857
2.0357077
2.121717
2.1270585
2.020011
2.0255706
2.0935202
2.1487849
2.2015452
2.1680202
2.0657172
2.004544
1.9980227
2.0917528
2.113444
2.0316172
2.046379
2.1432004
2.0378473
2.0458293
2.0622175
2.2420454
2.200188
2.0345585
2.1934965
2.0775585
1.90591
2.0532172
1.9928272
2.1977262
2.1900668
1.9912665
2.0209148
2.316806
2.3145685
2.1953876
2.1380005
2.080525
2.1148548
2.0748007
2.1262848
2.069797
2.0435872
2.0184662
2.1283355
1.9390435
2.032476
2.066518
2.1717827
2.1118994
2.0497196
2.1798766
2.017611
1.9812652
1.9778717
2.0176272
1.9970393
2.0734007
2.0542412
2.0166347
2.212616
1.952409
1.99494
2.0524373
2.2342849
2.0155606
2.068258
2.0498242
1.9629858
2.006697
2.0414076
2.0962794
2.0497613
2.0556574
2.112416
1.9587373
1.9837656
2.0081913
1.9461852
2.0129936
1.9422331
2.1284826
2.1751716
1.9656725
1.9728514
1.9884642
2.0637405
2.037786
2.062358
2.1017725
2.0808978
2.1643193
1.961517
2.1378312
2.0896256
2.0808206
2.076853
2.137682
2.130498
2.1101804
2.0476701
2.040711
2.0443377
2.1464734
1.9741837
1.995614
1.933518
2.1360202
2.224583
1.9690285
1.9068837
2.1400964
2.1956215
1.978765
1.9529728
2.0485783
2.0010383
2.022626
1.9170318
1.9968865
1.9256548
2.188186
2.0019903
2.088555
1.9604793
2.049061
2.0343912
2.2113104
1.9489354
2.0898132
2.025011
1.9416348
1.9803393
2.0452418
2.0370157
2.1139746
2.1535683
1.9866503
1.9759042
2.018171
1.9807384
2.030742
2.0353923
1.9889034
1.951327
1.9162637
1.9976277
1.8929032
2.0761788
2.0176983
1.999327
2.0454998
2.10154
1.9754467
2.0140564
2.0567143
1.877154
2.0054553
2.1062117
2.081045
2.0093024
1.9627935
2.0703015
1.9943198
1.9537046
1.9985344
2.0349536
2.0046425
1.9905742
1.9934232
2.0705407
2.009791
1.9691997
2.111947
1.9822403
1.9930196
1.9212476
2.0482428
1.9012835
2.0078125
2.0224788
1.9637797
2.0805926
1.9607402
2.0281293
2.0025432
2.0254776
2.1186354
1.9899535
2.0178604
2.1003594
2.0300841
1.9334532
2.1007516
2.0244596
2.0486617
2.0714955
2.0864308
2.0349627
2.1310854
2.0660412
1.9027874
2.048511
2.115644
2.0887086
1.9683797
1.975103
2.0963867
2.1084788
2.0267968
2.0319057
2.071925
2.1643214
1.9550928
2.1279664
2.1360443
2.0532763
2.146429
2.148243
2.104762
1.9776957
2.188736
2.1090002
2.091633
2.0402637
2.0178738
2.1058545
2.0869536
2.1326892
2.2026453
2.1338134
2.0135748
2.0575273
2.1419065
2.0894034
1.8824247
2.0012887
2.0346673
2.0297742
2.0207179
2.083106
2.100858
2.070289
2.0495284
2.0468307
2.1211934
1.9996343
2.0301194
2.0324695
2.0994883
2.0652683
2.079572
1.9160382
1.9010953
2.086877
2.1601596
2.0792594
2.1916513
1.9363402
1.9551865
1.9846857
2.0713332
2.1875017
1.9887688
2.023195
2.0114295
2.0008552
2.0251143
1.9866844
2.0757406
1.9231018
1.9597056
1.9385552
1.95221
1.9748348
2.0029976
1.9252615
1.9579248
2.036321
2.05657
1.9801855
2.0408435
1.9481341
1.9833513
2.0757399
2.0284665
1.9207132
1.947621
1.9910247
2.0305154
1.9303342
1.9411668
2.0401392
2.0105956
2.0250394
1.9317614
2.053607
2.039294
1.9521133
1.953225
2.0688214
2.069051
2.2253342
2.130799
2.0943198
1.9458083
2.0545108
1.96909
2.014228
2.1357737
2.0023177
2.0543425
2.0669823
2.0175045
1.9755485
2.0460322
2.129585
1.9295663
2.1095076
2.007931
1.939658
1.9823917
2.0278776
1.9870073
1.9934283
2.0926952
1.9736723
1.976779
1.9963117
1.9979734
1.9779781
2.0089118
2.0903785
2.0420265
2.0550056
2.0512106
2.1546986
1.9956881
2.1072216
2.0614042
1.9927661
2.0427332
1.9629933
2.0663679
2.0105298
1.9594448
2.0149505
1.9760232
1.980925
1.9621145
2.0544143
2.0489306
2.0539844
2.038064
2.1955664
2.1030369
2.0174794
2.0393274
2.232455
1.9738035
1.9611171
1.9694215
1.9786744
2.0812752
1.9550691
2.0455294
2.0701814
1.9750863
2.129082
2.124867
2.201553
2.1344087
2.1201994
1.9369701
2.16223
2.0479364
2.0343816
1.9776745
1.9240597
2.0802639
2.0042048
1.9734626
2.0380921
2.0154216
2.078728
2.0348134
1.9440918
2.0148356
2.1381645
2.0973082
2.0360153
2.0388703
1.9896947
1.9233452
2.0477312
2.0914938
2.0681143
1.9951955
2.0141013
1.9879991
2.084823
1.9676073
1.8537222
2.0285997
2.0116842
2.0167363
2.0964024
2.084704
2.1382422
2.000417
2.035568
2.0172966
2.0309362
1.9487025
2.1171725
2.01092
2.070624
1.9390433
2.027651
1.8722899
2.1196415
1.8866855
2.0306244
1.9974431
2.010008
2.0699613
2.0092144
2.004367
1.9842643
1.9741123
1.95309
2.0657637
2.117292
1.9615698
2.0000255
1.9377644
2.0029578
1.9661325
1.9082568
2.0841806
2.1781375
2.0541518
1.9738075
1.995708
1.9853812
1.9502562
1.9944723
2.0771472
2.0033972
2.147344
1.9985847
2.043131
2.0550601
2.046028
1.9158854
2.0081687
2.0089867
1.917929
2.0198598
1.9905471
2.031237
2.0766673
1.982038
2.0586038
2.0711157
2.084636
1.979201
1.8862807
1.9756097
1.9368057
2.016889
2.0285292
1.9683962
1.9066412
1.9668487
1.9275373
1.9704918
1.9739778
2.064033
2.052775
1.9808267
2.0051215
1.9118202
1.9578168
1.9488089
2.049202
2.0285108
1.9237972
2.1197882
2.0346406
1.99087
2.0043886
2.026407
2.0106735
2.1082985
2.05859
1.9834203
2.0510743
2.0243788
2.1937175
2.0117662
1.9733418
2.0985966
2.0408416
2.089441
2.046072
2.06028
1.8972324
1.9254184
1.9808106
1.9825284
2.122521
2.031716
1.8890837
2.0191793
1.9743822
2.0235336
1.9493074
1.979559
1.91535
1.9617587
2.026396
1.9529648
1.957045
1.9825872
1.9610112
1.9730345
1.9553788
2.1195316
2.0292168
2.0359678
2.0212903
2.02249
2.107109
2.0548441
1.8750976
1.952365
2.0652823
2.028279
2.0202167
1.9334785
1.9760495
1.8556329
2.0603275
2.037509
2.022393
2.0485215
2.1093996
2.0246773
1.9723743
1.9253365
2.002742
1.9587003
1.9025455
1.9695188
1.9535083
1.9816293
2.0297499
2.0115683
1.9545205
1.9892035
2.0155673
1.9505503
2.0244834
1.9596413
2.0323715
2.1131692
2.0140338
1.9107711
2.054533
1.9798241
2.134186
2.033495
2.0390387
1.9523546
2.056136
2.0419946
1.9200089
1.9235538
1.910319
1.9546273
2.0889618
1.9609499
2.0630877
1.93802
2.0384183
1.930872
1.9306905
2.0277054
1.9430783
1.9752948
2.0088015
2.0303178
2.140887
2.019852
1.972315
2.0236757
2.0909598
2.054285
2.033159
1.9023248
1.9308625
2.0026646
1.9888911
1.8724966
1.9233696
1.9913641
1.9014993
1.9131823
2.0388513
2.0654821
1.9248582
1.9720114
2.0374863
2.0197299
1.9668783
1.9337977
1.9632914
1.9914939
2.065658
1.985573
1.9163969
2.0342083
1.9958278
1.9161434
2.0362072
1.9763839
2.090936
2.0629394
2.0781069
2.0912664
2.006044
1.9559057
2.057516
2.0335376
2.0929415
1.9442707
1.9819744
1.9942226
1.9890074
1.909489
1.9573275
2.0960736
1.9039918
2.0591106
1.9170974
2.0600858
1.9845203
2.0598965
1.9323115
1.9313922
2.037036
1.9763225
1.9467517
1.943847
2.0032396
2.0925372
1.9627045
2.0474877
1.985261
1.96955
1.9728798
2.0092688
2.000877
1.9662596
2.019432
2.0549514
2.0134363
2.0928266
2.044032
1.999326
1.9851477
2.1394432
2.054812
2.0581074
2.0513983
2.0030942
1.9736787
2.0068228
2.0018957
2.0135124
2.0095766
1.9854673
2.1158836
2.0409575
1.951495
2.0313308
2.0752597
1.9816477
2.0360968
1.885814
1.9068598
2.0897343
2.1292756
1.932765
2.0387824
1.9098127
2.0994492
1.9908532
2.08855
1.9897032
1.916504
2.0456545
2.004842
2.0211844
1.8886007
2.0077672
2.1058452
2.0341241
1.9844898
2.0278368
2.1050556
1.9820694
2.0449035
1.9869541
2.0344555
1.9505951
1.9004644
1.8820086
2.093349
1.9210635
2.0046716
1.9415052
1.9913934
1.9277958
1.9397522
2.0408626
1.9980649
1.9996152
1.9775966
1.9038227
2.0049424
1.974695
1.9541335
1.9949855
2.0713062
1.9734446
1.9395866
1.9329332
1.9994265
1.9182811
1.9480062
1.9783077
1.9072062
2.118668
1.8859497
1.9994258
2.0414877
1.9797647
1.9853355
2.0569148
1.9463793
2.057496
1.9211631
2.1217527
2.135105
2.0482652
2.0319946
2.0105665
2.0143151
2.169668
2.0171587
2.0902615
1.95778
1.8951943
1.9373546
2.0828235
2.0546741
2.1501992
1.917662
1.9063188
1.9208742
2.0561738
1.910774
2.0551007
2.0379617
2.0791237
2.0283418
2.112918
1.9725748
1.9999127
1.8819737
2.0144258
1.9463229
2.0769997
2.008989
2.0277143
2.0711546
1.9675562
1.9677385
2.0791807
1.9187927
1.9061513
1.9209955
2.0451336
1.9817511
1.9981773
1.9633638
1.9814538
2.1170993
1.951719
2.0167904
1.9197984
1.9636317
2.0086277
1.9464325
2.0143862
1.9509056
2.0686755
2.051977
2.0750651
1.9775585
2.0483618
1.8624495
2.0036352
2.0007396
2.00854
1.9342579
1.9843838
1.8903178
2.0233305
2.1091406
2.05948
1.9214023
2.0323899
1.9483905
1.9093575
1.9012578
2.0960462
1.825398
1.9553286
2.0864427
2.024637
1.9497303
2.0005102
1.9863044
2.0216527
2.0619755
1.998241
1.9282049
2.0144854
1.9253827
1.9119172
1.9459002
1.9995617
1.9438285
1.9433265
2.1971571
1.8978758
2.0501971
2.128964
2.0280335
2.0378838
1.9977084
1.9943646
1.9172035
2.0091972
1.9353412
2.0159872
1.954404
2.013678
1.9133241
1.9409305
1.9651579
2.0482097
2.0311353
2.0011845
1.9191943
2.002328
2.0053606
1.9533538
1.9750013
2.0508885
2.0232162
1.9613824
1.9738115
1.983427
1.940516
1.8975555
1.9706111
2.025493
1.9689502
2.0055158
2.096182
2.0261865
1.9415202
1.9882061
1.9632565
2.0250864
2.0341308
2.1050358
1.935279
2.0054512
1.9474713
1.9232688
1.9133404
2.0037549
1.8392977
1.9473915
1.9829335
1.9726245
1.9950995
2.155688
2.0081668
2.0258982
1.9695
1.9187382
1.9491243
2.054563
1.8870553
1.9825667
2.002614
1.9634728
1.9259037
1.975156
1.9173374
1.851867
1.9328833
1.9062548
1.9142504
1.9970047
1.9595242
2.0411825
1.9990811
1.9358582
1.9280783
2.0063505
1.944559
1.9060274
2.038492
1.8899771
2.07747
1.8998405
1.9132904
1.9215413
2.125966
2.0531828
1.9981153
2.0236506
2.01503
1.919283
2.0388699
1.9752157
1.9818614
2.0687103
1.9798801
1.9049249
1.9161397
1.9127012
2.0622745
1.9647578
1.909904
2.0127614
1.9395229
1.9981169
1.9310937
1.9967068
