25.802608
26.368532
26.072044
25.479988
25.947529
25.440413
25.907116
25.3736
25.898382
25.550495
25.483763
25.372868
25.445593
25.037016
25.51641
24.731014
25.348936
24.803507
24.930023
24.86294
24.302803
24.375954
24.533792
23.54886
24.814192
24.9969
24.210093
24.312384
24.38501
24.396765
24.015085
24.393496
23.632498
24.105131
24.47607
24.425173
23.749529
23.365084
23.55669
23.8284
23.25474
23.665348
23.148304
22.996693
23.045025
22.962648
22.463503
22.869427
23.040422
22.071207
22.097885
21.8955
20.66342
21.871986
20.998943
20.890007
20.908356
20.947634
20.694456
19.73118
19.600967
19.894556
19.77686
19.3635
19.01226
18.934338
18.60616
18.460672
18.4615
18.151031
17.568687
17.612194
17.421896
17.779903
17.655378
17.045252
16.508947
16.438162
16.058489
16.05013
16.269365
15.1547
15.086059
14.717742
14.046724
13.566838
13.060438
13.030326
12.70233
11.661814
11.226536
12.183402
11.438068
10.999192
11.157484
11.03175
10.350558
10.579169
10.638914
9.959333
10.00969
9.600564
9.422648
9.346228
9.162014
8.511826
8.744366
9.030332
8.527923
8.31722
8.127715
8.150525
8.30648
8.111181
8.083206
8.069325
7.827043
7.966245
8.537999
8.259512
8.34307
8.108815
8.113139
7.647181
8.093907
7.6339684
7.8910813
7.403551
7.9489226
7.419402
7.6392198
7.324205
7.2017956
7.4723125
7.309948
7.361972
7.694485
7.2401204
7.35884
7.033933
7.048407
6.766044
6.8819823
7.298353
6.697464
6.4641848
6.660845
6.8396926
6.9118266
6.779288
7.0954165
7.118154
6.735689
7.288338
6.696484
6.689518
6.7340817
6.463705
6.315453
6.395745
6.3376503
6.654838
6.601908
6.3242536
6.718582
6.648495
6.6921062
6.327216
6.514712
6.451711
6.399994
6.454845
6.166865
6.7141433
6.369577
6.149847
6.157652
6.148754
5.951281
5.743577
6.1287966
6.118057
5.761162
5.8928013
6.1632247
5.515222
5.664686
5.81636
5.941289
5.831541
5.9641976
5.992775
5.946574
5.887956
5.9308696
5.884272
5.775399
5.793149
5.728371
5.6825533
5.739121
5.437619
5.956371
5.519339
5.824573
5.6701455
6.097642
5.677786
5.7286177
5.806287
5.807436
5.4650135
5.492667
6.0638776
5.380198
5.416025
5.656695
5.5154543
5.5091653
5.33823
5.573107
5.450581
5.8478847
5.449988
5.695417
5.496987
5.40561
5.515292
5.320652
5.297644
5.488781
5.2683725
5.157938
4.923069
5.12296
5.261383
4.959107
4.8724804
4.9356656
5.067009
4.8843503
5.1777368
5.133861
5.214594
5.081166
5.026223
5.258251
4.885592
5.107097
4.9533577
4.959
4.8080854
4.9253693
4.790683
5.117423
5.2080636
5.231903
5.2717013
5.149146
5.2534623
5.120231
4.813361
4.913991
4.9565988
4.766218
4.49741
4.8416643
4.5496516
4.844736
4.7079053
5.073319
4.835143
5.115147
5.019148
5.595843
5.2080727
4.9931393
5.2621946
5.1038723
5.375681
4.964475
4.8654313
4.9016705
4.6477385
4.970968
4.801283
4.947871
4.8276596
4.7009554
5.11003
4.946452
4.4886394
4.755409
4.559439
4.7220798
4.6012154
4.4441767
4.3059764
4.323889
4.672126
4.4903665
4.389191
4.410236
4.702788
4.476322
4.843201
4.754948
4.596167
4.779848
4.735837
4.678525
4.9190784
4.4227614
4.696196
4.638872
4.4031315
4.522255
4.5515103
4.487138
4.6481943
4.5597887
4.417787
4.7495522
4.3976545
4.7349358
4.39109
4.6816096
4.4462357
4.232227
4.338005
4.527978
4.671071
4.383648
4.417976
4.675393
4.2896724
4.307401
4.4227996
4.622668
4.271172
4.151575
4.562804
4.503847
4.271653
4.3721013
4.348701
4.3365436
4.1501927
4.473392
4.198355
4.2875204
4.292074
4.191307
4.407392
4.0521073
4.0578575
4.0528007
4.0532885
4.313958
3.8081665
3.9292026
4.034602
3.9433014
3.9680955
4.1968737
3.8558996
4.0488505
3.874721
4.030458
4.035884
3.799268
3.9357588
3.9045954
3.8380215
3.914457
3.6763484
4.114359
3.8564525
4.0125957
4.046643
4.128477
4.0277023
4.058362
4.0834637
3.7865677
4.2615633
4.1535926
3.8821366
3.9297216
3.8064759
4.109941
3.8924944
3.868144
3.870454
3.8193755
3.6464608
3.8155887
3.9060247
3.8429065
4.1282144
3.853744
3.8011775
3.8459501
3.744523
3.6517231
3.7742317
3.870361
3.6519153
3.8553035
3.7217355
3.7639623
3.662054
3.6550772
3.5893426
3.9558356
3.671416
3.6661093
3.6826644
3.655961
3.7102156
3.4341295
3.551102
3.7776985
3.4915228
3.7517412
3.5870087
3.8583746
3.7517745
3.734776
3.7698615
3.8810747
3.873678
3.785666
3.9640932
3.9480314
3.6593256
3.573877
3.6871357
3.8576925
3.5447018
3.674989
3.7198517
3.8679116
3.6475816
3.8636608
3.705575
3.5760708
3.9443576
3.6304781
3.5814295
3.7279685
3.797862
3.437682
3.5891495
3.6122663
3.694832
3.517492
3.8776436
3.8798957
3.6083515
3.6140115
3.632904
3.3051236
3.6055355
3.4548094
3.6036513
3.6409912
3.790916
3.68002
3.302689
3.472519
3.7849336
3.6890557
3.6242788
3.4108279
3.450443
3.510788
3.596732
3.7232964
3.431044
3.5337086
3.524457
3.4395185
3.2769718
3.490454
3.704419
3.5961094
3.6453946
3.7216418
3.839566
3.5964184
3.5322466
3.7102785
3.5941322
3.7012274
3.8689933
3.639008
3.5872235
3.6256537
3.6004686
3.496553
3.7147949
3.3700764
3.369743
3.5145836
3.302329
3.3729975
3.0739033
3.1972642
3.708946
3.207915
3.1784556
3.356807
3.297942
3.108329
3.264354
3.1908648
3.5371497
3.3489106
3.5546196
3.432095
3.3760245
3.617814
3.4423325
3.633859
3.6409805
3.4787161
3.207515
3.4064305
3.4209764
3.233018
3.652049
3.5528572
3.490401
3.5967052
3.1723478
3.4969585
3.3744242
3.3708785
3.2465565
3.299494
3.126716
3.1866827
3.3623848
3.320091
3.4435465
3.214203
3.3879755
3.1429534
3.225179
3.1118364
3.3124518
3.4104445
3.1219356
3.0463638
3.1497161
3.3759954
3.1427705
3.0979347
3.2356288
3.2708836
3.3615086
3.309335
3.396767
3.52062
3.3563645
3.175903
3.327126
3.013506
3.1449134
3.2747848
3.3594663
3.2213185
3.233494
3.3025868
3.269963
3.173228
3.2376387
3.220244
2.8805215
3.0734901
3.0379062
3.1371765
3.022361
3.2187831
2.9988453
3.0663075
3.1544704
3.085293
3.180114
3.1244183
3.126657
3.141504
3.1283188
3.081559
2.998621
3.1668532
3.214426
3.121804
3.2972362
2.983211
3.123465
2.980265
3.1582835
2.805554
3.0334415
3.280802
3.130584
3.0960038
2.9617324
2.9302957
3.084922
2.9579895
3.052397
2.8075354
3.034254
2.8980038
2.8158963
3.2701964
3.1347263
3.22152
3.078811
2.8634522
2.864986
2.817381
3.0493197
3.1996205
2.8551455
2.9837525
3.001289
2.8810935
2.8723185
3.0452042
3.3255656
2.8753307
3.0067995
3.0179305
2.890482
2.8305295
2.8158793
2.8742836
3.277244
2.8641696
3.0212834
2.8885596
3.2365637
2.9229794
3.1363606
3.2385864
2.9588993
2.93067
3.0199804
3.33029
3.0787325
3.205791
3.209007
3.1941884
3.0243285
3.2873957
3.091431
2.975246
2.9554446
2.9282775
3.0539
2.967424
2.77811
2.871011
2.7557807
2.7705386
2.7312453
2.9373503
2.6750665
2.838911
2.65165
2.7788634
2.9038844
2.740909
2.7881045
2.8783987
2.7084606
2.6408832
2.880538
3.0212374
2.7680027
2.9453588
2.9292984
2.8596392
3.0904396
2.954266
2.871046
2.8386362
3.0792422
3.0766683
3.2108643
3.0365224
3.1663728
2.8829474
3.007781
3.003994
3.1677947
2.966427
3.1959724
2.9419496
3.0187473
3.02517
2.840434
2.81955
3.0102384
2.946036
3.012983
2.543282
2.805523
2.8767934
3.0030894
2.700401
2.7754323
2.8851516
2.7334929
2.7461488
2.7518532
2.7377203
2.7889397
2.8759472
2.9075735
2.7276795
2.6405523
2.738127
2.9625638
2.8963945
2.959877
2.6214957
2.9102416
2.8710024
2.753002
2.9133213
2.8675156
2.6601884
2.717556
2.806239
2.682837
2.753053
3.0807014
2.6529198
2.9454305
2.912275
2.9204936
2.699367
2.8252366
2.9203424
2.730933
2.7259467
2.714711
2.8114202
2.9903808
2.7885602
2.997542
2.8928993
2.849831
2.870988
2.673841
2.787351
2.9476132
2.6730256
2.719087
3.001816
2.6503077
2.663703
2.909834
2.614085
2.963636
2.5318456
2.6733365
2.7958364
2.636396
2.801842
2.8289149
2.8899183
3.250762
2.905896
2.8087623
2.8566682
2.8784914
2.8442218
2.9095309
2.828543
2.552579
2.9342654
2.822705
2.575372
2.7377138
2.682765
2.7659822
2.5495286
2.6328175
2.8992634
2.5807292
2.6300905
2.7911558
2.9100366
2.8234508
2.6263576
2.8671374
2.687751
2.6845703
2.7764883
2.8072846
2.7480495
2.9083245
2.5787795
2.7902124
2.6472554
2.8581617
2.6587005
2.6223736
2.7428515
2.711474
2.7976737
2.4494956
2.5707316
2.584183
2.580079
2.5538132
2.525167
2.589064
2.5540705
2.6072018
2.8594055
2.679519
2.9423501
2.693164
2.6932476
2.7451434
2.849232
2.7326143
2.922864
2.701238
3.16103
2.582208
2.780982
2.6710784
2.798423
2.6486497
2.7101946
2.726971
2.7075455
2.412538
2.574276
2.5643117
2.4594214
2.7143095
2.613997
2.6116235
2.5457544
2.5258696
2.6154974
2.6537902
2.7712846
2.6885848
2.6054535
2.672941
2.6067584
2.55669
2.7162683
2.7397826
2.564393
2.72993
2.9902565
2.6567976
2.663748
2.628073
2.601763
2.6167645
2.8303256
2.6708932
2.7092495
2.6708195
2.4853184
2.5474782
2.655074
2.4399211
2.8054848
2.5048218
2.5354927
2.445767
2.5205514
2.585496
2.430477
2.4142816
2.5357926
2.583802
2.435693
2.360696
2.458347
2.636266
2.603722
2.4886506
2.6454406
2.735308
2.5681777
2.6318855
2.724336
2.7544255
2.6498926
2.7369838
2.4863255
2.8542118
2.423534
2.6959014
2.5088348
2.2598104
2.6063204
2.5059612
2.345249
2.4092383
2.5153062
2.2766428
2.3996706
2.6198044
2.4498768
2.417536
2.528643
2.3273373
2.4884577
2.3003945
2.6322083
2.3559415
2.70762
2.572109
2.4144351
2.545813
2.478829
2.5860705
2.750393
2.580959
2.671751
2.572307
2.6569285
2.5768123
2.5802448
2.5772154
2.5985396
2.5596156
2.497899
2.5455954
2.340697
2.444066
2.5601683
2.4711995
2.4991524
2.542321
2.7605133
2.424791
2.4171007
2.5441494
2.419965
2.449855
2.6556005
2.3699286
2.5152564
2.740928
2.5594466
2.4494677
2.498398
2.36338
2.385339
2.4741836
2.3333032
2.351334
2.5463715
2.523762
2.51543
2.405875
2.5211718
2.4273293
2.4249284
2.3478913
2.3346512
2.5000637
2.3286116
2.3282132
2.3255842
2.5210915
2.200513
2.5260463
2.383918
2.3955185
2.3901634
2.4171946
2.335423
2.3811707
2.303707
2.5394588
2.6077814
2.5006585
2.523927
2.4262445
2.4504194
2.506488
2.5414104
2.5526044
2.4705753
2.468768
2.4788551
2.426285
2.689092
2.5165887
2.401885
2.3139687
2.212371
2.4216826
2.515118
2.3418288
2.529927
2.524863
2.4220366
2.4489865
2.4077883
2.6559885
2.5803196
2.4109447
2.4871645
2.4499931
2.3389614
2.3134625
2.501124
2.397813
2.3532119
2.4309144
2.4648254
2.328209
2.5519764
2.311163
2.438506
2.5076632
2.573479
2.2964664
2.196105
2.2981975
2.265262
2.340406
2.3863328
2.371479
2.3740206
2.3303006
2.2793832
2.534919
2.2689102
2.215368
2.305963
2.3791215
2.358409
2.314265
2.218261
2.2091718
2.2864668
2.3752823
2.489768
2.178083
2.2997625
2.2176538
2.2192752
2.320279
2.3573356
2.5286105
2.4376717
2.2276652
2.5025625
2.4186037
2.352172
2.294478
2.5054202
2.617467
2.573338
2.457961
2.2448394
2.542178
2.6848764
2.59234
2.449621
2.6469047
2.365485
2.2380507
2.3775866
2.2271235
2.3730965
2.3710146
2.3156269
2.2166946
2.132399
2.1467865
2.2782192
2.409885
2.4084373
2.2602975
2.3468833
2.378768
2.4796948
2.4319725
2.386176
2.3183725
2.295784
2.504334
2.4507546
2.3566728
2.3555396
2.4466102
2.348832
2.4565291
2.2362773
2.345658
2.3412776
2.2467098
2.399727
2.1815374
2.3700266
2.436881
2.1214628
2.298765
2.2460613
2.310284
2.2210264
2.302633
2.1462085
2.308279
2.1864748
2.3156767
2.333658
2.116957
2.2966948
2.1398826
2.1219053
2.3631916
2.286687
2.174521
2.11816
2.1305194
2.0583947
2.252909
2.230382
2.1960332
2.2393587
2.3098364
2.454405
2.1929824
2.3597114
2.2644274
2.2903407
2.3129666
2.3290555
2.3472586
2.3452742
2.3253663
2.1736045
2.49852
2.351353
2.2247367
2.1774886
2.248345
2.3323925
2.2418516
2.0925584
2.187596
2.2053185
2.17713
2.166214
2.1714318
2.0960386
2.1627753
2.419561
2.347011
2.2203946
2.2343547
2.2634914
2.2729626
2.309502
2.3259406
2.2434115
2.2545645
2.1956456
2.3397248
2.3320885
2.175672
2.292769
2.1593874
2.3421903
2.25788
2.1203196
2.2032623
2.1511538
2.252808
2.2683544
2.144652
2.1915681
2.217188
2.1623623
2.178107
2.160055
2.248956
2.1670291
2.225165
2.082652
2.1725867
2.0901198
2.07241
2.2737734
2.1374025
2.201693
2.051899
2.218813
2.124361
2.2448423
2.4492354
2.1355257
2.291781
2.271446
2.403288
2.3771834
2.1770751
2.3969796
2.276321
2.3171945
2.345951
2.142394
2.1735024
2.0718393
2.1036165
2.235579
2.106232
2.216168
2.0867915
2.0634327
2.337389
2.0971117
2.229998
2.1493585
2.1078005
2.5027502
2.1324596
2.1200035
2.302354
2.2542684
2.2243733
2.0297258
2.2816937
2.1574244
2.2008696
2.261604
2.182894
2.0739098
2.213972
2.1542332
2.2598345
2.091834
2.1304567
2.1160975
2.0065393
2.0222733
2.110272
2.0744374
2.027656
2.050335
2.1919029
2.036419
2.2340758
2.1788166
2.3209205
2.157785
2.1175869
2.217769
2.1697235
2.107146
2.1768503
2.1600866
2.2552347
2.2090886
2.143631
2.2027714
2.2457705
2.1289015
2.1428702
2.3281214
1.9683665
2.0853078
2.103363
2.077161
2.2797973
1.9645863
1.8731525
1.914297
2.196067
2.0101895
2.0146134
2.0146205
2.1470518
2.2377973
2.0581193
2.1160846
2.1591363
2.089097
1.997434
2.1488256
2.2169688
2.3066473
2.2476795
2.1548045
2.1850104
2.2363555
2.1886175
2.2991652
2.073106
2.105318
2.1277833
2.091328
2.2728517
2.0549495
2.0905085
2.0351748
2.1506536
2.0575264
2.0947645
2.036366
2.011106
2.206697
2.113905
2.146646
2.1436524
1.961021
2.1436877
2.1941087
2.0330334
2.0881822
2.179118
2.0994694
2.00063
2.0144687
2.089668
1.9880642
2.1616035
2.0284421
2.0060382
2.135965
2.012872
2.0695322
2.1435976
2.0540094
2.1161573
2.0247593
2.0572462
2.018002
2.0305433
2.193032
2.1110406
2.19737
2.0599582
2.1230133
2.2090323
2.1548376
2.2348635
2.1968246
2.1240566
2.1950371
2.0569355
2.132754
2.0537608
2.160987
2.2173657
2.390952
2.0700057
2.061364
2.0912044
2.0955198
2.167882
2.0646713
2.097739
2.0228596
1.9685005
2.0200078
1.9900637
1.9664754
1.9339043
2.1805644
1.9533933
1.9204067
2.0601163
1.9771547
2.0511029
2.133636
2.1481633
2.008861
2.078553
2.2254314
2.1140015
2.0303485
2.292624
2.333851
2.1038167
2.0695565
2.0745795
2.0334418
2.0424337
1.89449
2.0084205
2.1320674
2.0132792
2.114412
1.932997
1.9178222
2.1693895
2.0109322
2.0542593
2.157317
2.5202572
1.9896364
2.171406
2.1187768
2.2107534
2.180553
2.2397652
2.2294438
2.3883564
2.0391538
1.9179575
2.0765254
2.0653057
2.2583766
2.153718
2.078812
2.032898
2.0403352
1.9970285
2.0776916
2.007268
2.0911343
2.119382
2.0396981
2.2762728
2.121604
2.0175672
2.0626972
2.2581162
2.1355038
2.0415378
2.0490234
2.002966
2.1138413
2.1304257
1.9024554
1.9815983
1.9552604
1.8702136
1.96194
1.9088218
2.1510048
1.9807495
1.8729542
1.8984699
1.8640503
2.109745
2.0545275
2.0738785
2.1782792
2.1528554
2.0261037
2.0791588
2.0690916
2.025682
2.0361512
2.0864716
2.0481555
2.077111
1.8804784
2.1244028
2.043842
1.935096
2.0210423
1.9188417
2.0903785
1.8735358
2.074418
2.0274882
2.0594625
2.0337784
1.9181998
1.9893306
2.1202638
2.062233
2.0970237
2.0519931
2.07814
2.119241
2.1464221
2.16196
2.296502
2.1658516
2.1006637
2.1346815
1.995772
2.1110697
2.0031135
1.9873545
1.9687535
2.086848
1.9081697
2.0682576
2.0848055
2.0312586
2.0130384
2.1412425
2.040868
1.947734
2.2535794
2.1255105
2.109043
2.067753
2.0198185
2.155069
2.0741975
2.0019448
2.029715
1.977967
1.903503
2.0509477
2.0301468
2.022406
2.003823
2.0317852
2.0272615
2.09831
2.0335195
2.0378282
2.0630803
1.9638498
2.0680299
1.9911822
1.9717418
2.0763538
1.9945211
1.8886559
1.9803152
2.00656
2.0123427
2.203713
2.022561
2.0006704
2.0036018
2.0001566
1.9893525
2.024853
2.0601237
1.9145015
2.144172
2.079846
1.9382557
1.9720232
1.95587
2.0840495
2.008457
1.9953573
1.972779
2.0126672
2.040211
2.0271912
1.9984885
1.9529258
2.0633337
2.0184765
2.0361123
2.1323476
1.9631754
2.0563715
2.0824022
1.9664744
2.1946084
2.0669818
1.9808983
2.1501296
1.9913819
2.097181
1.9142439
1.926069
1.9820246
1.9290942
2.0211432
2.029389
1.9635472
2.0013425
1.9050667
2.068949
1.8714336
1.9999483
1.9525049
1.9460655
2.162706
1.914049
2.005037
2.2025776
2.0230315
1.9524015
2.0911515
1.8958852
2.165845
1.9253238
1.901736
1.871475
1.9803195
2.06711
1.9460566
1.9021455
1.9117548
2.0901747
1.9207373
1.9819149
2.002354
2.1089444
2.0147858
1.9960381
2.0178068
1.9895725
2.0966837
2.0788713
2.0428133
2.0652676
2.0593429
1.9218656
1.9027522
2.086716
1.9436345
1.9091578
1.9618822
1.9164617
2.0954325
1.943707
2.0492795
2.0033932
1.9192883
2.0856986
1.9020362
1.9182512
1.9216444
2.1543274
1.9061273
1.9296064
1.8851185
1.84965
1.9616535
1.8829744
2.0294662
1.8131052
2.0320837
1.9307803
2.017731
2.1229575
2.2889383
2.048726
2.1861656
1.9287171
2.0696418
2.2243965
2.1095092
2.1718602
2.071856
2.0069342
1.9038444
2.0704381
2.0937693
1.9075615
1.9846402
1.9046305
1.8107537
1.8371019
1.8968139
1.8971951
1.9814253
1.8648567
1.9604851
1.9631425
1.9630858
1.9242028
1.9572662
2.10709
1.8693333
2.0821033
1.8878512
1.951142
1.9550451
2.0356655
1.8276584
1.9652445
1.9108667
1.9563737
1.97952
1.9509003
2.0622554
1.9489
2.0294166
1.9799693
1.8588711
2.006966
1.8841971
1.9947417
2.031386
1.9649881
2.0442443
2.0381918
2.0152454
1.9791555
1.9947965
2.033037
1.9715798
2.0722125
1.8956661
1.8882632
1.9669651
1.9031461
1.9008495
1.9033335
1.941865
2.0062416
1.9363832
1.8400757
1.9648203
1.9964428
1.8289077
1.8532132
1.8307772
1.8388885
1.9632492
1.7788287
1.8998032
1.877594
1.8893697
1.9045092
1.9422922
1.9296706
1.922833
1.9206549
1.8072253
1.8975422
2.0325685
1.8675361
1.9561528
2.0169847
1.8692464
1.993233
2.047648
1.9920647
1.86286
1.9142427
1.9449703
1.852849
1.895416
2.1180832
1.9384327
1.9453925
2.012638
1.9777265
2.005866
1.8986635
2.0101101
1.9377346
1.9736208
1.9362698
2.0132146
1.8899369
1.9930828
2.0485892
1.9582027
1.8974516
1.9251581
1.9169089
1.8164562
1.9625232
1.9639478
1.957119
1.8700423
1.8512968
1.9624318
1.9176419
1.8815875
2.0750985
1.7645618
1.9257772
1.8706707
1.9728315
1.9520361
1.893667
1.9562702
1.8875262
1.912101
1.9193352
2.146992
1.9541029
2.0198681
1.9707432
1.9482328
1.848832
1.9382186
2.0292785
1.9728118
2.1054513
2.045492
1.8791615
1.7175118
1.9154035
1.8984909
1.9995033
1.9192272
1.8791035
1.8488553
1.799695
1.8040985
1.8967745
1.7968059
1.9605565
1.8323393
1.8701586
1.888176
2.0758612
1.8912648
1.9342798
2.0345895
1.8048509
1.884174
1.7888724
1.8827312
1.8443435
1.8732873
1.8161396
1.9197367
1.85342
1.8732855
2.032409
1.9533356
1.8499869
1.877724
2.010009
1.9778271
1.8642495
1.8964083
1.800487
1.8494388
1.9891963
1.9486749
1.941159
1.8738004
1.9309328
1.8639845
1.8825825
1.8566188
1.9319152
1.9843181
1.9730945
1.8838427
2.0184538
1.8959367
1.9005302
1.8963785
1.9049803
1.9378312
1.979383
1.8445005
1.8772215
1.9134475
1.9429641
1.884862
1.8415067
1.9106991
1.839528
1.9569262
1.8914338
1.8626678
2.030906
1.7888582
1.7632366
1.8113858
1.8509333
1.7787526
1.8021287
1.7629569
1.7405314
1.8252815
1.8166246
1.8937578
1.9843948
1.8664857
1.9592615
1.8265637
1.8583385
2.0680397
1.8821235
1.8316305
2.176666
1.881072
1.8237218
2.0159066
1.8288043
1.7868088
1.9679409
1.8377242
2.0090044
1.935321
1.862017
1.8761141
1.8850486
1.8382825
1.9425175
1.9071665
1.836499
1.92969
2.0427072
1.8108764
1.8172835
1.9871128
1.8376822
1.9480395
1.9565438
1.9544375
1.9715092
2.111016
1.9791675
1.8228153
1.9787819
1.7926475
1.8000658
1.86345
1.7842683
1.770601
1.9568653
1.8757069
1.8257244
1.8254994
1.8238093
1.8954225
1.7824588
1.8058567
1.9663043
1.8764497
1.9157531
1.8650073
1.8721203
1.8399435
1.8673308
1.7774347
1.9282272
1.908739
1.9186102
1.84711
1.9224474
1.9792749
1.9684472
1.8094268
1.9064001
1.835029
1.9975089
1.991948
1.9296659
1.8946311
1.9085705
1.8988702
1.8411906
1.7571877
1.9620724
1.7797664
1.8194746
1.899402
1.9263079
1.8213785
1.91643
1.8391627
1.9085139
1.9133482
1.8405195
2.0057292
2.025886
1.8257593
1.816088
1.8454365
1.8443607
1.7837169
2.0426743
1.8572996
1.8982663
1.825318
1.8682427
1.8288823
1.903439
1.8780305
1.8308895
1.9375157
1.7835118
1.908407
1.9689285
1.7802072
1.8828467
1.7864914
1.8664287
1.8436618
1.7539468
1.789405
1.9185808
1.9207157
1.7956389
1.9056277
1.841192
1.9310727
1.8384972
1.7572192
1.809082
1.896209
1.8936872
1.7949091
1.7913463
1.9049731
1.848497
1.8400142
1.8931265
1.8731853
1.8747368
1.8241911
1.7985355
1.853308
1.9486693
1.8470566
1.8156687
1.907024
1.816276
1.775395
1.889075
1.933612
1.756346
1.830267
1.9270557
1.9745213
1.8994068
1.8206459
1.8693789
1.8502773
2.043936
1.8892246
1.9187165
1.8303452
1.7703481
1.8204181
1.8656132
1.8599735
1.8584955
1.8869845
1.719314
1.9632015
2.0014272
1.8723619
1.9834738
2.0185537
1.967917
1.8262709
1.761877
1.8858738
1.929477
1.9067007
1.9582254
1.9704968
1.8367723
1.9274267
1.9386365
1.8554392
1.8890065
1.9690878
1.828639
1.9110073
1.794163
1.9512353
1.9345988
1.8424263
1.8018366
1.8337742
1.9453291
1.8316848
1.9724185
1.8529602
1.9111158
1.889535
2.0067775
2.015331
2.074936
1.8858012
1.8412495
1.9528372
2.0015724
1.7460293
1.7987716
1.782096
1.8245952
1.7700317
1.9349502
1.9586254
2.08503
1.9518731
1.7970144
1.9026206
1.7911944
1.9320573
1.8142765
1.9311795
1.926944
1.9559132
1.9093988
1.9109975
2.0026178
1.8769369
1.8881739
1.8123382
1.8820353
1.9262652
1.8422283
1.8718752
1.926897
1.7999793
1.9339718
1.9298815
1.779669
1.9304315
1.783219
1.8524443
1.8584341
1.914045
1.78662
1.8529915
1.8416568
1.9122275
1.8506922
1.7814523
1.7916425
1.7636822
1.8466967
1.9116738
1.8739783
2.023198
1.8973016
2.061629
1.8996495
1.8784237
1.932175
1.8935977
2.12241
2.0475292
1.9597597
1.9519784
1.8245845
1.848639
1.8334802
1.7510865
1.796802
1.8661642
1.7505734
1.7344689
1.7997715
1.8584031
1.7902839
1.8507607
1.7856094
1.7936801
1.9158986
1.9390194
1.9640987
1.8868465
1.923777
1.9814693
1.7799381
1.9889454
1.9540521
1.8364882
1.7710347
1.9040682
2.0496562
1.8280722
1.7776246
1.7595816
1.7818419
1.9575822
1.7901378
1.8375772
1.8795285
1.7863559
1.9263833
1.8742623
1.9736538
1.8229246
1.8030251
1.9551568
1.863663
2.0592837
2.0612657
1.9211109
2.049625
1.850864
1.9745127
1.9187118
1.8169203
1.7641865
1.8102609
1.7980137
1.8243163
1.7745515
1.8001369
1.981504
1.8343849
1.8106318
1.859832
1.8020173
1.7283036
1.7909278
2.0004706
1.8946266
1.8533777
1.877183
1.8793768
1.899311
1.982231
1.8850441
1.9218081
1.8161142
1.7683325
1.7250748
1.8703095
1.8018007
1.8382608
1.8676957
1.8634292
1.9926031
1.8920692
1.8829235
1.8145274
1.9217626
1.8369335
1.8575627
1.9603784
1.8583872
1.8241649
1.9391402
1.9375886
1.7907898
1.8268596
1.769805
1.7916886
1.8457767
1.7473212
1.7809231
1.9322534
1.7929279
1.7351786
1.775034
1.749233
1.7302313
1.82762
1.8850538
1.7711283
1.822176
1.765795
1.8205504
1.7652055
1.8793747
1.879085
2.0509882
1.9335946
1.8655822
1.8836588
1.9878963
1.9445839
1.8814898
1.9073153
1.7765962
1.8656863
1.7947108
1.9727005
1.8176616
1.7503623
1.878783
1.9009768
1.8134248
1.767572
1.7443876
1.8226473
1.8303686
1.8887328
1.8844297
1.8208678
1.7920659
1.7826102
1.8370247
1.767442
1.88516
1.893602
1.8962853
1.77673
1.8088658
1.9235703
1.7928692
1.8338008
1.8378578
1.9025865
1.9109428
1.8236014
1.826673
1.8180555
1.7870827
1.8273482
1.8280336
1.9053848
1.7780272
1.893425
1.8187016
1.9556687
1.8208412
1.7606803
1.8245339
1.838511
1.8507615
1.695668
1.8024081
1.899246
1.7983613
1.7825181
1.8632327
1.8132179
1.81175
1.8873409
1.7146262
1.9056813
1.7723557
1.8802216
1.7838317
1.8747399
1.8220644
1.838847
1.7161108
1.8316704
1.824272
1.7753338
1.7721999
1.7669255
1.7833455
1.817891
1.8411642
1.84782
1.8744497
1.7775233
1.8674524
1.8565078
1.8960605
1.8286284
1.8385233
1.7962205
1.822974
1.8164712
1.7882135
1.8617499
1.9134007
1.7742375
1.7880371
1.8575432
1.8386959
1.8151867
1.8150394
1.8538855
1.9258435
1.9850142
1.7912285
1.8454958
1.7702798
1.8197244
1.8422635
1.8203706
1.8760338
1.860797
1.8458064
1.873841
1.8662157
1.7934597
1.8372092
1.837108
1.852656
1.8450913
1.8430225
1.8051622
1.8658985
1.8377756
1.7648505
1.7865239
1.8378942
1.9583845
1.8096505
1.7308978
1.8685732
1.8023108
1.8371764
1.7523844
1.755709
1.8306882
1.7663999
1.8069842
1.7184802
1.703855
1.8476108
1.9279526
2.1221192
1.8174206
1.91922
1.8116732
1.9799453
1.9804351
1.7732905
1.7197188
1.7621452
1.7624812
1.8137842
1.720008
1.8328267
1.8500463
1.768972
1.7321005
1.816957
1.7892792
1.8071543
1.7851075
1.7682742
1.7660133
1.8530349
1.6936935
1.7638507
1.8872749
1.845181
1.8185685
1.7517583
1.7323422
1.8410847
1.9470973
1.9299585
1.8473293
1.8842173
1.7801743
1.7504898
1.7730395
1.769799
1.851716
1.754242
1.7615962
1.75662
1.8175952
1.8298689
1.814551
1.6877137
1.7426466
1.770089
1.908726
1.7516094
1.7945982
1.9785447
1.8907503
1.9527102
1.9012375
1.9381334
1.7806858
1.89919
1.8191725
2.0071602
1.804427
1.8313512
1.7135445
1.7644596
1.7661527
1.730123
1.7920421
1.779578
1.7743084
1.7454302
1.7968502
1.8060708
1.6969682
1.8202997
1.7763566
1.7939087
1.7359537
1.8327978
1.9067417
1.7884177
1.8043498
1.7103243
1.7759837
1.8119649
1.794469
1.7893833
1.8613173
1.7775618
1.7942418
1.7956365
1.7782048
1.829442
1.7968187
1.7680788
1.7778889
1.7857146
1.8863094
1.7648077
1.8219233
1.8030298
1.7884812
1.9080639
1.7945417
1.7561295
1.7279261
1.7498035
1.857845
1.7112895
1.8295381
1.7336442
1.7995197
1.7927711
1.7895404
1.9184703
1.8468049
1.7340279
1.8121854
1.8227134
1.8163717
1.8091983
1.9713925
1.8114687
1.8257042
1.784146
1.8158791
1.743945
1.761076
1.7470143
1.7442001
1.8103884
1.734943
1.7919407
1.8442404
1.8124923
1.7141844
1.726677
1.8186985
1.8416607
1.7979118
1.8019204
1.8683512
1.815094
1.766314
1.8635173
1.7001525
1.7856419
1.8747833
1.7497158
1.7928966
1.8371745
1.7180291
1.7729226
1.8275948
1.7642245
1.804999
1.7094263
1.757352
1.8038075
1.7987863
1.8455187
1.8330302
1.7543823
1.729679
1.7189044
1.8815271
1.7534759
1.7187316
1.7768112
1.815999
1.7433877
1.7525005
1.8038371
1.7255936
1.900358
1.7461952
1.7499346
1.8905207
1.7475382
1.791049
1.7450248
1.7434462
1.7735983
1.7194206
1.8205327
1.8129332
1.8085653
1.7691004
1.8079585
1.8304281
1.8748325
1.767951
1.7775327
1.733972
1.7503576
1.984509
1.684982
1.8082517
1.8842235
1.824623
1.7593768
1.8447428
1.8870808
1.8582834
1.7966475
1.9954972
1.7789018
1.96451
1.9617378
1.8807032
1.8256178
1.7951375
1.734088
1.7861698
1.88041
1.7528535
1.801673
1.7865057
1.7031004
1.7519166
1.8289268
1.8042928
1.768345
1.8509853
1.7389429
1.749801
1.7513846
1.943374
1.7733368
1.7873397
2.072792
1.745369
1.802186
1.8347226
1.9441632
1.8198054
1.7698687
1.7625602
1.6950331
1.8245633
1.959628
1.7148045
1.7223822
1.721424
1.719135
1.6885762
1.7719685
1.780212
1.7619613
1.8146523
1.7389979
1.8066423
1.8237239
1.8527035
1.8167558
1.80226
1.8528177
1.8459712
1.8234808
1.731941
1.91715
1.7946914
1.8808374
1.726306
1.7707407
1.8139142
1.8384675
1.7582728
1.840374
1.7303317
1.7257651
1.835191
1.7948412
1.7583075
1.717768
1.766062
1.8157916
1.7973483
1.7412101
1.6774286
1.7450324
1.7652593
1.7796723
1.8034595
1.8070893
1.6751734
1.7740145
1.8558937
1.703698
1.8488106
1.797718
1.6695904
1.8013824
1.8129708
1.7879324
1.7022192
1.7716248
1.7365853
1.79467
1.6994992
1.6944351
1.7035345
1.7374527
1.849591
1.7878336
1.7820076
1.7519071
1.6867405
1.769143
1.7596216
1.8107557
1.8426335
1.8327798
1.8752463
1.8132418
1.7431284
1.7200774
1.8742467
1.7531488
1.816337
1.7636323
1.750097
1.7138927
1.797404
1.7664942
1.7601223
1.8151537
1.8366562
1.7639639
1.8480557
1.8102161
1.7858018
1.7791872
1.7244388
1.7983314
1.8428793
1.9434814
1.7632397
1.8349118
1.6912022
1.795754
1.8554376
1.8198447
1.7612014
1.7018433
1.7798579
1.7804166
1.7469028
1.7821432
1.7602532
1.971554
1.7195828
1.9476403
1.7276824
1.7827212
1.8071842
1.7215579
1.825049
1.6908365
1.7025479
1.6871743
1.7240978
1.7766682
1.8236985
1.7268573
1.6829301
1.9197103
1.809209
1.8022355
1.8033167
1.7736146
1.9090507
1.8466243
1.7410989
1.8054987
1.7932372
1.8489375
1.8165557
1.7834768
1.8749131
1.7436249
1.8795145
1.9059665
1.8617673
1.8427265
1.7629207
1.8232741
1.8517799
1.7421058
1.8103428
1.8489838
1.7419455
1.7634548
1.7105018
1.7814088
1.8843915
1.752897
1.8088102
1.8080512
1.8288893
1.7278355
1.8301507
1.8540134
1.807816
1.7883937
1.7674873
1.8217565
1.786345
1.960351
1.7954531
1.8973365
1.7847286
1.7334945
1.7038124
1.8112363
1.7429156
1.804024
1.8505977
1.87188
1.8434882
1.7830889
1.8585925
1.8077288
1.8085407
1.762858
1.746392
1.7452878
1.7116582
1.7018919
1.7068045
1.8230845
1.7959222
1.6679777
1.742487
1.8237847
1.8630584
1.864599
1.7198286
1.7587795
1.711647
1.7620777
1.7785385
1.8998356
1.8498285
1.7752763
1.7561255
1.8008604
1.6945063
1.7905078
1.843279
1.7327347
1.7828059
1.8917924
1.9309468
1.7897987
1.7144204
1.8082523
1.8057648
1.8176848
1.8310658
1.7600148
1.7755204
1.7498298
1.7973193
1.7038172
1.8622155
1.7843992
1.9347283
1.7846395
1.7333839
1.7873467
1.8187298
1.7588861
1.755651
1.7244973
1.7635695
1.7755905
1.7107996
1.718557
1.8315363
1.8259169
1.8362005
1.75067
1.8830473
1.821126
1.8523148
1.7612906
1.7541939
1.8512795
1.8181415
1.8462918
1.7761135
1.7695994
1.7286438
1.7527544
1.7607195
1.7634615
1.8751342
1.7774616
1.763121
1.778487
1.8341361
1.8816805
1.7502645
1.8024031
1.7983125
1.8095233
1.7653183
1.8747666
1.7418675
1.8388965
1.7380222
1.7747163
1.8158835
1.7425396
1.7474197
1.825659
1.7488216
1.7296964
1.8084552
1.7818019
1.8099703
1.8445984
1.8185742
1.8579519
1.90654
1.8289496
1.9208063
1.751736
1.8673725
1.7319026
1.739935
1.821507
1.74917
1.852106
1.7988124
1.7527695
1.704554
1.7832413
1.7297498
1.941901
1.8808302
1.7895622
1.8368605
1.8284004
1.831672
1.7907914
1.7280197
1.9049265
1.785878
1.8337927
1.84544
1.774079
1.7827443
1.829448
1.8179938
1.907582
1.8149649
1.7736987
1.7326537
1.829585
1.7362865
1.81037
1.743735
1.8828503
1.8872995
1.7108074
1.7780178
1.90505
1.8806767
1.8165088
1.9464555
1.7812717
1.6849334
1.8938222
1.8210585
1.8594785
1.8275249
1.8223734
1.7623202
1.7006745
1.8263805
1.7636775
1.7201025
1.7257046
1.7795975
1.7261709
1.853233
1.7006644
1.7859675
1.7826176
1.6705152
1.7653228
1.727716
1.8216118
1.7153337
1.7576815
1.6607573
1.6933707
1.7368363
1.771015
1.7698511
1.6927803
1.7585973
1.8586994
1.841021
1.6952337
1.7517357
1.6409774
1.7322837
1.7321651
1.8851907
1.7585154
1.7019495
1.8214895
1.8700883
1.7370152
1.7619842
1.7250825
1.798808
1.7816843
1.7622628
1.7627132
1.7289146
1.8747587
1.7616534
1.781296
1.791906
1.7445096
1.8097906
1.8332926
1.8351088
1.8170742
1.789114
1.7931982
1.7615125
1.7358323
1.8450267
1.7147865
1.7463788
1.8733772
1.7963716
1.712737
1.688422
1.7018228
1.7462635
1.7036566
1.738035
1.678351
1.8460537
1.784665
1.7409049
1.7352983
1.7613485
1.8653057
1.8820145
1.8427404
1.7453499
1.8182381
1.90359
1.7506537
1.8600554
1.8424038
1.7318184
1.689636
1.7845513
1.754535
1.7314898
1.7357905
1.6912524
1.7697433
1.6715747
1.8825684
1.848134
1.6627682
1.7714872
1.7438072
1.7483734
1.734389
1.784231
1.7004372
1.8641281
1.682297
1.6788052
1.8156776
1.7838458
1.6657045
1.6680318
1.9662275
1.6814066
1.7685338
1.788293
1.8710957
1.8289881
1.6555628
1.6859261
1.6940749
1.7563049
1.7510417
1.7321898
1.7868159
1.7179161
1.7556212
1.6973257
1.8392935
1.666119
1.7890894
1.754894
1.7475725
1.7118043
1.795036
1.7974452
1.8166765
1.7661725
1.734029
1.7310255
1.8298734
1.7561276
1.7499963
1.6907254
1.7450495
1.8538055
1.798943
1.7816029
1.7522832
1.7323297
1.7225353
1.7061878
1.6998035
1.7560588
1.656568
1.7441498
1.7943406
1.8871442
1.7825841
1.7022218
1.7640854
1.7251147
1.7764367
1.6944553
1.7003448
1.7074522
1.7365464
1.7409292
1.7606515
1.7395793
1.6944047
1.7207582
1.7251985
1.6783684
1.6683853
1.7367245
1.818691
1.7180722
1.7475977
1.7429698
1.8144988
1.7182755
1.7827009
1.9050016
1.7757218
1.8816798
1.8148702
1.7445351
1.715937
1.8229393
1.8076538
1.7275075
1.8652095
1.7308284
1.6582873
1.7192676
1.7801747
1.731315
1.8082631
1.6993872
1.6911005
1.7580956
1.8082294
1.7652712
1.7363782
1.764598
1.7288445
1.771032
1.6944578
1.734715
1.8543317
1.768955
1.7836552
1.7226515
1.7217494
1.6919832
1.8150519
1.9635545
1.806513
1.7252346
1.8461688
1.7633817
1.9023082
1.7525147
1.7403108
1.8143092
1.772061
1.7307448
1.8298247
1.8719507
1.759772
1.7026495
1.712997
1.7937509
1.7314688
1.7817024
1.7978253
1.7312922
1.7629254
1.8025101
1.7685988
1.7615677
1.8128806
1.774966
1.8590868
1.813303
1.76234
1.732344
1.7264305
1.7334242
1.7387338
1.7343957
1.6734573
1.6603895
1.812927
1.7521793
1.7054824
1.7029665
1.6435272
1.7191018
1.720397
1.7157363
1.6480826
1.752416
1.6829742
1.850235
1.6986388
1.6903874
1.8083972
1.8900073
1.7278732
1.814974
1.7562268
1.7668918
1.7921275
1.722096
1.7570665
1.8632884
1.7016085
1.6664017
1.754282
1.7956623
1.7144314
1.737918
1.745279
1.7342387
1.8870082
1.8767673
1.7072978
1.7162921
1.8097366
1.7222996
1.8331225
1.7547835
1.8918505
1.6835115
1.8929198
1.883576
1.7440196
1.7604705
1.8246245
1.7730861
1.6624192
1.819228
1.7613586
1.7071083
1.8581347
1.7753158
1.7484674
1.7567878
1.7285353
1.8329327
1.697067
1.7338564
1.743727
1.7336571
1.997707
1.6995027
1.8629181
1.9109507
1.7091852
1.8644165
1.8474963
1.7563055
1.716885
1.7075047
1.7235045
1.7734076
1.8424665
1.8008908
1.800309
1.7301106
1.6862304
1.8396174
1.8488282
1.8507442
1.7034446
1.7571875
1.8127452
1.6965919
1.7341093
1.830791
1.7516756
1.7867341
1.895555
2.0167146
1.8510512
1.8375283
1.7601428
1.7929797
1.7933456
1.7390667
1.7243567
1.7550528
1.7966852
1.8227772
1.751026
1.7197493
1.7358515
1.8459922
1.7299774
1.702939
1.844012
1.8678535
1.7707143
1.7563102
1.7528437
1.7291436
1.7893302
1.737462
1.7162235
1.8243122
1.6971753
1.6987906
1.7275792
1.8581245
1.6857665
1.6650411
1.7303753
1.7677246
1.8383725
1.7521508
1.6473927
1.8084944
1.791959
1.7056805
1.7847196
1.7830433
1.826795
1.8130445
1.8153837
1.7745847
1.8234189
1.7729237
1.782904
1.7559192
1.7569325
1.8430548
1.7637417
1.7278006
1.7877268
1.7798597
1.711849
1.7685498
1.7551328
1.6506615
1.7036225
1.7442124
1.8815792
1.7365263
1.7206435
1.6918154
1.774358
1.6777967
1.7243503
1.80084
1.7813382
1.7794671
1.7519542
1.6710824
1.695142
1.7949412
1.6448735
1.7087395
1.7459142
1.834715
1.8424072
1.740848
1.7770824
1.7785968
1.7373507
1.7645878
1.844375
1.655975
1.7191517
1.6995715
1.7065698
1.7090135
1.7187753
1.76708
1.7719413
1.7124659
1.7160059
1.7349123
1.7126806
1.6680874
1.7429262
1.6524818
1.6557916
1.6854068
1.7000492
1.7064155
1.6877398
1.66074
1.6916267
1.664748
1.6464666
1.7837275
1.8127058
1.6706911
1.8171468
1.6587082
1.7675453
1.707811
1.8816602
1.8028826
1.772351
1.6966517
1.8055571
1.7233403
1.7276918
1.7528982
1.6973972
1.7474074
1.6786872
1.6890275
1.7545857
1.758151
1.6958714
1.7358018
1.7936198
1.846832
1.8564445
1.654481
1.8069448
1.74512
1.8045905
1.705941
1.7166985
1.7636131
1.8093204
1.8238361
1.7950586
1.7960495
1.704895
1.764397
1.7408555
1.6940702
1.7237362
1.741531
1.6907623
1.681456
1.7380853
1.7148747
1.680263
1.6584358
1.669995
1.6259723
1.7730184
1.7397885
1.7027522
1.8040315
1.798138
1.7344078
1.734135
1.7816787
1.6867596
1.6599065
1.8195332
1.7142688
1.7094405
1.7474985
1.7482533
1.7207968
1.6819121
1.7599064
1.6995099
1.7650188
1.7289382
1.781744
1.8293562
1.896505
1.821488
1.7671719
1.7147295
1.741225
1.7265652
1.6685679
1.7348387
1.6875061
1.7905093
1.6718622
1.7638979
1.6523495
1.7898897
1.6758406
1.7005397
1.7442708
1.7723646
1.761778
1.694723
1.7343591
1.7393183
1.6951172
1.7340355
1.7112592
1.6989795
1.6797438
1.8041044
1.6804408
1.7191372
1.7198696
1.7044338
1.7210721
1.6714779
1.72911
1.7221613
1.7635094
1.7031223
1.7590762
1.7426502
1.7042645
1.6866446
1.7718672
1.7173121
1.7220815
1.7658368
1.7442971
1.7609415
1.717536
1.7514845
1.8696125
1.7196596
1.6490291
1.7321117
1.6962682
1.7806193
1.6461476
1.8052595
1.7707115
1.7087328
1.7476507
1.7568897
1.7154785
1.826813
1.8143687
1.830857
1.7760843
1.8460252
1.8057972
1.7730287
1.6792201
1.7173223
1.7580327
1.7053863
1.7497618
1.7983178
1.6990228
1.7766525
1.8276985
1.786828
1.6919554
1.7767199
1.7329882
1.8104601
1.7087355
1.759772
1.8335474
1.9856623
1.754178
1.847074
1.6570241
1.7434763
1.7658112
1.7310185
1.7116836
1.8228918
1.7653084
1.7945747
1.7616768
1.8145974
1.7618775
1.7403514
1.7788543
1.8411555
1.6605717
1.7796137
1.8070235
1.778539
1.8041397
1.7366083
1.7166933
1.8749015
1.700423
1.6703027
1.7931237
1.7352868
1.6760089
1.7289827
1.691332
1.74246
1.6759561
1.7147138
1.731031
1.6655368
1.7296213
1.7342192
1.655003
1.708207
1.800393
1.7276
1.7781422
1.6938154
1.83775
1.7099197
1.7729356
1.6885495
1.6507747
1.7168102
1.7667539
1.7013918
1.7127625
1.7884935
1.8108742
1.7284893
1.8118552
1.7139227
1.695911
1.7836479
1.8380976
1.746114
1.7902845
1.7976207
1.6782576
1.7137486
1.7690446
1.6768564
1.8009535
1.821974
1.7009598
1.7662343
1.7036031
1.6566616
1.6588249
1.6994469
1.7988857
1.6908
1.761389
1.7398007
1.8153961
1.7099622
1.6961951
1.7627094
1.8308645
1.7126
1.666819
1.7304908
1.7567735
1.7626644
1.6958088
1.8428806
1.683141
1.7176241
1.76899
1.6245105
1.6847522
1.8859853
1.7537719
1.703168
1.788071
1.7065512
1.6806811
1.7126024
1.7037247
1.7592906
1.6949352
1.7156465
1.714588
1.6422503
1.7164162
1.8426276
1.6627048
1.7764077
1.7469695
1.758412
1.7345761
1.6359727
1.7453172
1.8265125
1.7443445
1.6994566
1.747951
1.793754
1.768942
1.8314153
1.7541008
1.7830985
1.7126346
1.7336922
1.7413777
1.815044
1.6654638
1.719047
1.7306912
1.7455581
1.8948355
1.7352135
1.6650385
1.6330054
1.7634639
1.8100471
1.8187357
1.6888226
1.709749
1.6788756
1.7269325
1.6888977
1.6866566
1.7225516
1.76758
1.6937197
1.6871402
1.7159384
1.7166978
1.6435399
1.6886865
1.7170194
1.731851
1.6384944
1.6997192
1.619692
1.7578758
1.7670077
1.8821385
1.6736678
1.7199045
1.8052635
1.8050358
1.7563344
1.7457633
1.7936705
1.7885109
1.7143438
1.7645013
1.8907894
1.719342
1.8962113
1.7387677
1.662888
1.7075005
1.7779986
1.8875953
1.7258725
1.6868739
1.7363378
1.7409233
1.6774579
1.89802
1.8584625
1.7291358
1.6383867
1.780931
1.69726
1.684293
1.6896058
1.7511251
1.694599
1.7152452
1.7974375
1.6551534
1.7687707
1.696368
1.7984469
1.6631715
1.7164023
1.687303
1.7747632
1.773351
1.7764795
1.748168
1.8371931
1.7675142
1.827182
1.673159
1.7159685
1.706659
1.7413752
1.7468468
1.855148
1.7895103
1.740286
1.6843716
1.7411534
1.7856355
1.8252112
1.8839071
1.7118969
1.7109739
1.742787
1.7490263
1.7249622
1.8028942
1.8506205
1.7234739
1.7178565
1.7055554
1.7305249
1.8063109
1.7347223
1.7979193
1.713934
1.6718932
1.727998
1.7205426
1.7545942
1.7569159
1.7753078
1.8277372
1.6866223
1.7186637
1.814039
1.7817178
1.8599145
1.7090199
1.7635741
1.7981975
1.6587455
1.694219
1.6947939
1.7705264
1.6911286
1.7596815
1.6741352
1.6247196
1.713174
1.799864
1.8310974
1.6179651
1.7249483
1.7352645
1.7518448
1.735439
1.7108197
1.663243
1.7414068
1.8079481
1.7387105
1.6981713
1.7488
1.7060091
1.7614685
1.7084852
1.7069879
1.6797748
1.676572
1.7824627
1.7152332
1.7996026
1.706226
1.6266035
1.7560158
1.7197688
1.6875895
1.7063229
1.7523847
1.7243552
1.6909621
1.772689
1.8276153
1.7002132
1.7002281
1.7148978
1.6591272
1.7813251
1.7302642
1.650938
1.7894709
1.6645257
1.674546
1.6651231
1.6933489
1.7354497
1.6767583
1.6624398
1.6961025
1.726989
1.6658047
1.7001315
1.6337922
1.7535076
1.6430485
1.6492019
1.7358453
1.7249823
1.7770283
1.657616
1.7189755
1.6592306
1.750308
1.7520102
1.6098423
1.6980407
1.7653875
1.8063742
1.7421719
1.8109678
1.8278757
1.745373
1.8389428
1.6892712
1.803553
1.7909973
1.6828475
1.6530675
1.7050744
1.7268015
1.6947695
1.7190917
1.8971897
1.7992802
1.7245778
1.8340747
1.7020128
1.722057
1.7943251
1.6660603
1.7448766
1.644187
1.6260502
1.6627336
1.7157962
1.7894052
1.6370056
1.8251731
1.6832372
1.7720798
1.7432759
1.8303686
1.7083564
1.7488428
1.7496195
1.738072
1.8314615
1.7277664
1.6993254
1.712278
1.695513
1.6591965
1.6948347
1.7663405
1.6397828
1.6918998
1.6899701
1.6345842
1.6649112
1.6828078
1.6523936
1.6950991
1.6773589
1.7259872
1.7778531
1.7037765
1.6469171
1.741901
1.7302967
1.884667
1.7029407
1.733605
1.838829
1.769884
1.7036535
1.7655499
1.7067641
1.8029962
1.740082
1.7228276
1.821523
1.8256364
1.7247792
1.6930084
1.6877244
1.7913445
1.7772934
1.8478001
1.6933291
1.7892637
1.6990627
1.8200012
1.8253005
1.781904
1.6839172
1.676226
1.7183512
1.7444973
1.8294728
1.7618525
1.7101915
1.7528995
1.811033
1.7625589
1.6966364
1.8302927
1.6823925
1.722026
1.7032143
1.7122556
1.7006572
1.713987
1.7606487
1.6596228
1.7121427
1.6958348
1.7666385
1.728616
1.7681881
1.7562569
1.8239264
1.7747153
1.7152891
1.712407
1.786287
1.6852527
1.7720292
1.7348868
1.6848413
1.686886
1.6954273
1.7480501
1.6589235
1.9035935
1.7104028
1.7738734
1.6792645
1.7513496
1.7448833
1.8115172
1.7287475
1.771945
1.7177712
1.7077577
1.7651318
1.8311495
1.6814649
1.7604028
1.7390975
1.6931025
1.6702422
1.7571825
1.799821
1.7535362
1.6910926
1.6961471
1.8124657
1.7575275
1.8066232
1.686411
1.7667558
1.7981178
1.7390044
1.6584448
1.6871095
1.6524162
1.6766187
1.6996148
1.7082821
1.7677822
1.691933
1.8249171
1.6449236
1.7056607
1.9162886
1.820629
1.762812
1.8212873
1.7839737
1.747363
1.702221
1.9816854
1.6902078
1.757287
1.7284157
1.7684932
1.6962452
1.7218605
1.7095367
1.6428982
1.6517316
1.6512831
1.7245611
1.7351499
1.7710752
1.6768888
1.6860814
1.6788064
1.6731813
1.7495815
1.6892623
1.6961325
1.707427
1.7016838
1.7194017
1.7307831
1.8055261
1.7120373
1.7609279
1.7638497
1.8143121
1.8425484
1.7240342
1.7335016
1.7103295
1.7200546
1.6706182
1.6659718
1.7435321
1.8183849
1.6247008
1.6683898
1.7685646
1.6277813
1.725974
1.862181
1.7082975
1.7274792
1.6897798
1.652778
1.7438859
1.7010387
1.6873482
1.7042394
1.7452883
1.6800385
1.6539752
1.6865188
1.6890205
1.6582654
1.7266825
1.6784242
1.6876099
1.7635808
1.6954829
1.6907543
1.6589643
1.6646127
1.6839855
1.6718078
1.7081246
1.7346871
1.807407
1.7873285
1.724556
1.6562583
1.8026258
1.8292091
1.670803
1.7026025
1.6569905
1.7357973
1.7307715
1.7025487
1.6932048
1.7047602
1.7073472
1.709154
1.7499453
1.7652154
1.7675233
1.7266527
1.6534495
1.6898761
1.7705029
1.7598366
1.7683402
1.7796235
1.7026848
1.81031
1.7207146
1.7903003
1.839606
1.6444175
1.7864789
1.7298846
1.6957932
1.7813009
1.7102847
1.7141439
1.6966441
1.7193094
1.7126802
1.690003
1.7215173
1.7158511
1.739789
1.678185
1.6345437
1.6925619
1.7366446
1.6149665
1.6326038
1.6712736
1.8173915
1.6383705
1.828325
1.7628173
1.8172052
1.6436229
1.802097
1.736099
1.7000217
1.680433
1.684367
1.6842343
1.7308904
1.646943
1.757815
1.6797286
1.6634332
1.6682689
1.7035218
1.6598605
1.6804638
1.7755632
1.8046892
1.7211711
1.6337105
1.7637346
1.6970164
1.698492
1.8000457
1.7023977
1.6631167
1.7055656
1.6456109
1.6613835
1.6894833
1.7071965
1.7769405
1.6916667
1.6146785
1.6766382
1.767847
1.7244133
1.6619252
1.70723
1.7597958
1.6860038
1.6654379
1.6927862
1.7237003
1.6893904
1.6902578
1.676416
1.7452898
1.705416
1.686702
1.7025058
1.6905891
1.7620018
1.7042388
1.7659253
1.7336092
1.753993
1.7753538
1.8176738
1.6974945
1.7747775
1.7376761
1.8145447
1.728855
1.7483615
1.7022836
1.6179839
1.705541
1.648598
1.6879108
1.7739877
1.6689268
1.7211527
1.7069725
1.7428055
1.6790043
1.687977
1.7558562
1.7222637
1.731885
1.6722691
1.7933372
1.8007455
1.657912
1.7524302
1.7442212
1.6825076
1.7452116
1.7398633
1.7022974
1.771023
1.6843967
1.7519298
1.6921003
1.6995027
1.664301
1.6951615
1.6401836
1.6700368
1.6833774
1.6901815
1.6640048
1.749404
1.6612003
1.6522148
1.7315744
1.621022
1.7102393
1.6496078
1.7074692
1.7340983
1.7372653
1.7491097
1.7420236
1.6487317
1.666599
1.7117356
1.7058321
1.6638213
1.6725235
1.7501452
1.6795415
1.6182673
1.7072074
1.7369884
1.6782336
1.7955468
1.6947596
1.6292093
1.6563762
1.7130665
1.7108678
1.7381021
1.6328923
1.7460141
1.7180349
1.6939343
1.6589586
1.6816943
1.6538162
1.664971
1.760248
1.6953535
1.716104
1.6827335
1.7206045
1.6701713
1.7892454
1.6983985
1.6979781
1.7401155
1.656621
1.644187
1.7270411
1.6890067
1.7098445
1.7416865
1.6997513
1.7737356
1.6715118
1.7028695
1.7284287
1.6934233
1.6947592
1.7219174
1.6836327
1.6789955
1.7849578
1.6896247
1.759582
1.6517913
1.7341657
1.7647359
1.7110995
1.6981797
1.762785
1.8383375
1.737048
1.7504683
1.7795447
1.7991207
1.7421478
1.6950862
1.6918093
1.758772
1.757796
1.6409028
1.7998265
1.7506588
1.7677097
1.6846162
1.709739
1.7990149
1.6406558
1.8233693
1.6795155
1.7513475
1.83681
1.6571628
1.7282345
1.7820745
1.6803313
1.7746246
1.7321898
1.7542952
1.6973255
1.7311637
1.7666134
1.801309
1.7159865
1.6457328
1.6345357
1.6921815
1.7040517
1.8698488
1.727514
1.7774688
1.6738169
1.6704369
1.7714558
1.786828
1.7147317
1.7737082
1.737487
1.6815041
1.7206948
1.6762224
1.7439535
1.7573067
1.7923647
1.6374103
1.7581786
1.6625406
1.7280936
1.7710413
1.747373
1.7703933
1.7765925
1.7261081
1.8030022
1.7744417
1.653951
1.6790502
1.732229
1.7217745
1.6952312
1.759373
1.6757627
1.64109
1.7016455
1.6931157
1.6740737
1.7122477
1.5987254
1.723385
1.7108781
1.6896807
1.6881135
1.6962603
1.7012973
1.7248907
1.7954596
1.7677295
1.6729956
1.6293975
1.782025
1.6706108
1.6686087
1.6908222
1.8033054
1.6683576
1.6945293
1.699857
1.7310024
1.8522315
1.6382418
1.6449403
1.7121365
1.7404736
1.709002
1.7207056
1.6561632
1.7041125
1.6565697
1.7748725
1.6746567
1.6769255
1.7380792
1.7424145
1.7249446
1.7982714
1.6761967
1.6517396
1.7176874
1.7047557
1.76928
1.753108
1.6500533
1.721392
1.6711258
1.7595072
1.6890876
1.7798872
1.700348
1.6651177
1.8340802
1.6643307
1.704348
1.735398
1.614011
1.6561097
1.7460346
1.7225163
1.7046447
1.6951687
1.7091442
1.737246
1.6917105
1.7509807
1.7265849
1.7061906
1.7798947
1.673417
1.6991422
1.6577232
1.8131187
1.7019128
1.641029
1.6586218
1.6247307
1.629294
1.668842
1.7214657
1.6463741
1.6308765
1.659687
1.697325
1.6972636
1.7442018
1.7489027
1.6637739
1.7220662
1.6913192
1.6167517
1.668446
1.7390244
1.7491947
1.7838553
1.7538015
1.6971518
1.627519
1.7088982
1.7120603
1.7632625
1.9103698
1.8338498
1.650557
1.678209
1.737989
1.8153367
1.7074248
1.7348541
1.6743505
1.7174144
1.632247
1.6721135
1.730684
1.7362356
1.7164418
1.720232
1.7228341
1.7747871
1.8473831
1.8577496
1.7354423
1.8211794
1.8142828
1.9424084
1.6937965
1.6914662
1.717991
1.601461
1.6916195
1.7666985
1.7160091
1.6772234
1.697787
1.6689433
1.6064433
1.7308135
1.7500973
1.7102382
1.6838758
1.658934
1.6612785
1.7280893
1.7687393
1.7526124
1.6374265
1.753857
1.7420214
1.6716478
1.7488075
1.6637272
1.7762672
1.6630242
1.7276973
1.685873
1.6736914
1.7176641
1.7207144
1.6785377
1.7106115
1.7137634
1.7794355
1.6725627
1.6668508
1.8360002
1.7522426
1.6726915
1.7050894
1.7230167
1.7404422
1.6776867
1.6638482
1.7208085
1.7025105
1.7793075
1.7887176
1.7032677
1.6651722
1.6674534
1.7052414
1.8331491
1.8784227
1.7219038
1.6363728
1.7346025
1.7280198
1.6889136
1.6666
1.8447392
1.7957275
1.7891419
1.7309862
1.7261789
1.9184283
1.8541262
1.7990158
1.7224
1.7391644
1.7130197
1.724947
1.8007319
1.6296033
1.7052276
1.8188667
1.7370173
1.617959
1.6582949
1.6995004
1.6967307
1.6901686
1.6879667
1.7618223
1.7092135
1.7847188
1.6669996
1.7336824
1.779397
1.7867877
1.7112802
1.7232287
1.7017123
1.7104973
1.6697433
1.8423008
1.6431339
1.7157133
1.6905823
1.7367581
1.7808309
1.7247982
1.7271676
1.7328713
1.6972033
1.6834257
1.6881808
1.7275017
1.78428
1.7349463
1.7816285
1.7002293
1.749492
1.7470205
1.6781458
1.6764145
1.7562385
1.65659
1.7455263
1.7127107
1.7047788
1.6974411
1.6493537
1.751608
1.7142873
1.6955818
1.6832128
1.7051983
1.7533159
1.7251495
1.6617026
1.7379589
1.8112222
1.724519
1.66431
1.6964594
1.6493567
1.7020601
1.6527017
1.7221854
1.7696607
1.7265272
1.695399
1.6654222
1.7270604
1.7201173
1.7427435
1.655718
1.647297
1.706587
1.7661176
1.737015
1.741073
1.7814149
1.638784
1.746549
1.7345484
1.6243485
1.6576552
1.7231326
1.614381
1.673466
1.6090678
1.7754645
1.6834042
1.6643033
1.629524
1.7339371
1.697034
1.6350315
1.6901401
1.6711808
1.6642263
1.6932182
1.6392897
1.7151626
1.6351937
1.6992755
1.6648923
1.6551417
1.6522533
1.7370832
1.7048924
1.6898973
1.7082545
1.7591665
1.6365384
1.6104844
1.7241567
1.6383288
1.7224072
1.6923386
1.6309178
1.7429303
1.6960056
1.7207582
1.6604354
1.6703422
1.7377732
1.7508218
1.7662995
1.6745805
1.6605448
1.7052886
1.6683064
1.6927967
1.6579765
1.739077
1.7158605
1.7130581
1.6824517
1.7607297
1.6985573
1.6785127
1.6972684
1.6529322
1.6645412
1.7272997
1.6748037
1.680317
1.701286
1.7282615
1.758319
1.8252107
1.7128065
1.9127446
1.6287073
1.7161835
1.7102938
1.769532
1.6794429
1.6761142
1.7038147
1.7069556
1.6712121
1.6705382
1.7274926
1.6175715
1.7047234
1.7171857
1.6223445
1.6859312
1.7545474
1.7736633
1.668207
1.816914
1.6579932
1.7381585
1.6315784
1.626677
1.6815555
1.7502745
1.7307144
1.6666967
1.6641711
1.7020328
1.6973035
1.658136
1.7147975
1.6656973
1.6346035
1.6935811
1.6543226
1.6369495
1.6915075
1.681914
1.7264273
1.6346426
1.652388
1.6539193
1.6463325
1.6654009
1.6826854
1.7555285
1.7800678
1.772454
1.6984885
1.6252011
1.6117402
1.695563
1.6499038
1.6887555
1.6622838
1.6681665
1.7397127
1.6770595
1.6773152
1.669631
1.6987423
1.6697832
1.7178229
1.7090274
1.6507354
1.7128297
1.7548921
1.6872828
1.6884401
1.738896
1.6911488
1.8465481
1.7296273
1.6196322
1.6922138
1.721857
1.7136347
1.760778
1.796106
1.7454933
1.717946
1.614076
1.660867
1.7556425
1.6652845
1.669682
1.6879051
1.7014166
1.7338775
1.7551289
1.686053
1.7092816
1.6885284
1.6866373
1.7042925
1.7277818
1.692794
1.6279335
1.7254407
1.6906787
1.6486531
1.7354697
1.6745417
1.757737
1.741289
1.6033847
1.7125542
1.6852206
1.6730579
1.7016708
1.655811
1.6179267
1.6774215
1.725775
1.6454273
1.7360337
1.7467746
1.6206278
1.6461912
1.6246573
1.6164114
1.6839331
1.6877548
1.6562241
1.6593763
1.5994835
1.7755212
1.717857
1.6816742
1.6290299
1.7596735
1.621196
1.7424749
1.6853157
1.6717745
1.7946287
1.6978755
1.6876793
1.7164129
1.7208239
1.643693
1.727375
1.7222002
1.7179117
1.6787052
1.6271169
1.6844269
1.6513027
1.6100743
1.6112968
1.6384885
1.718007
1.6987778
1.6589148
1.6067942
1.6671298
