26.24036
26.458912
26.299753
26.259544
26.726368
25.830744
25.74174
26.02098
25.469664
25.602623
25.401546
25.800404
25.383148
25.545265
25.718504
24.88275
25.127377
24.851011
25.118643
25.243309
25.098156
24.829832
24.799995
23.950699
24.915195
24.22644
24.730085
24.394508
24.328972
23.725222
24.091204
24.096735
22.777332
23.376701
23.10634
22.547527
22.633116
22.240551
22.588041
20.905832
21.081778
20.17915
20.102478
19.337494
18.956356
18.291222
17.114532
16.199139
14.4686
12.745356
9.832406
9.541088
9.737978
10.45738
10.658665
10.904266
9.726233
8.69506
8.623245
7.4406796
7.0971465
7.1468534
6.945031
6.7430234
7.362325
6.8022656
6.2936826
5.4402905
4.9259095
5.397111
5.141214
5.340249
4.943746
5.2232623
5.302523
5.6625376
5.432236
5.3713236
5.380558
5.333189
5.406632
4.673713
4.7577615
4.5354958
4.620936
4.766449
4.673656
4.832057
4.930964
4.554093
4.571744
4.6348543
4.5821633
4.645257
4.794174
4.5332813
4.594397
4.888215
4.649649
4.683456
4.4394636
4.670886
4.306089
4.288574
4.2338996
3.991235
4.1607985
4.2757983
4.196835
4.2687235
4.1953783
4.2597218
4.3305125
4.3652906
4.1934066
4.297071
4.0067415
4.10006
4.12813
3.965492
4.209229
4.0327744
3.9562764
3.945239
4.0424457
4.2652564
4.185944
4.006536
4.246082
4.1416
4.1786323
4.2120256
4.2916474
4.0739346
4.1649675
4.198315
4.1906047
4.187005
4.284916
3.9703267
3.974273
3.9895148
3.8349652
3.9645765
3.840837
3.7786975
3.9307806
3.8465624
4.0705366
4.046821
4.1045523
4.1596327
3.867089
4.141831
3.8935971
4.2232203
3.8966367
4.108817
4.064476
4.0538
4.074194
4.059133
3.9898214
3.8690298
4.110222
3.9033868
3.9417114
3.8748224
3.8512173
3.9276042
3.838578
3.968129
4.063608
4.281963
4.1481504
4.209441
3.9137995
4.2100396
4.038078
3.5916533
3.8198295
3.626481
3.6118407
3.789323
3.9381826
3.64019
4.013174
4.1119704
4.1964517
4.352072
4.1090994
3.9029932
3.968682
3.8878152
3.6595416
3.6489491
3.9222722
3.6579587
3.89404
3.7360985
4.096527
3.956246
3.8072443
3.752407
3.6827574
3.749503
3.6149561
3.8063173
3.7909844
3.656067
3.7746127
3.9498096
3.7667854
3.763131
3.7396724
3.6385875
3.847384
3.732377
3.701143
3.6177435
3.861533
3.6588979
3.72149
3.6341374
3.840912
3.6525874
3.4718115
3.6244054
3.5757444
3.717862
3.4293265
3.7431355
4.137892
3.7743325
3.7398984
3.9989061
3.8092103
3.8666518
3.8501377
3.794242
3.613748
4.0351596
3.7620099
4.002993
3.8591814
3.6606941
3.6399431
3.6116946
3.391747
3.622828
3.5581455
3.6779406
3.658967
3.8465233
3.7005517
3.6428375
3.71634
3.76564
3.5660224
3.7363753
3.6826246
3.7443974
3.5752058
3.383629
3.6239057
3.436277
3.5025096
3.6331625
3.5256464
3.841301
3.839382
3.7789125
3.547981
3.497132
3.565982
3.4620655
3.717788
3.5080802
3.9956555
4.198827
3.6385186
3.8573024
3.3198872
3.6219645
3.7562597
3.73467
4.109059
3.8888156
3.7499382
3.5482192
3.3190854
3.6055834
3.6218762
3.7059271
4.2012415
4.1527524
4.193649
3.628128
3.6697433
3.7507036
3.5017824
3.479835
3.6293175
3.9559453
4.0640764
4.202456
3.553712
3.6623745
3.5631084
3.8250225
3.6214986
3.860375
4.1288047
3.866392
3.6532505
3.5780904
3.2881675
3.311004
3.2995934
3.4101844
3.5629337
3.428551
3.7970645
3.3654535
3.7073636
3.4868004
3.573918
3.4239054
3.3175955
3.438464
3.6309478
3.5519948
3.752228
3.7661033
3.568825
3.9430015
3.4988909
3.472632
3.7090893
3.6154857
3.4905148
3.7893412
3.5636506
3.5249424
3.3955467
3.333111
3.3377612
3.3931417
3.6869504
3.5347214
4.117123
3.5274792
3.5100114
3.5102036
3.278093
3.732311
3.538823
4.013183
4.082087
3.484313
3.2682495
3.6494215
3.2312498
3.350231
3.4895728
3.452979
4.0698686
3.4258332
3.3608854
3.5225117
3.4705515
3.6428905
3.913088
3.6455872
3.5360115
3.407226
3.8636396
3.366196
3.490264
3.6308415
3.9703536
3.7174292
3.733725
4.024407
3.4005067
3.8017547
3.4094646
3.1618485
3.291596
3.3974712
3.691732
3.682691
3.6503575
3.4280186
3.157983
3.2369025
3.571217
3.216879
3.4430318
3.6666605
3.505371
3.543847
3.1941564
3.4120498
3.2783635
3.1194935
3.3028538
3.2716215
3.3621795
3.401246
3.2521012
3.2872605
3.1774137
3.2205462
3.3682804
3.4208825
3.2134228
3.1279006
3.196511
3.1935747
3.2219734
3.1923778
3.3189
3.1906166
3.3082461
3.0803487
3.0884774
3.1820102
3.1895397
3.2461035
3.14965
3.2828674
3.297103
3.182602
3.2303905
3.1801822
3.0745173
3.149596
3.075954
3.1538348
3.1814544
3.1867375
3.2893755
3.195756
3.1895418
3.415591
3.181017
3.6696582
3.671074
3.635725
4.26883
3.276496
3.946522
3.1919944
3.3081455
3.59204
3.2842445
3.4018393
3.4083529
3.3567176
3.3620977
3.230861
3.1207843
3.372012
3.321244
3.590575
3.5370333
3.3443925
3.439466
3.7458174
3.7295237
4.371519
3.902541
3.4369
4.171294
3.2830634
3.737427
3.671274
4.120574
3.538925
3.4178522
3.522849
3.281957
3.5793595
3.908997
3.6544194
3.2531414
3.177256
3.4260776
3.3327188
3.505625
3.1695223
3.3525596
3.404686
3.288992
3.4171357
3.4374275
3.4661925
3.1572545
3.2509854
3.063115
3.1072845
3.1475403
3.1773999
3.5271904
3.5381086
3.1411755
3.0608819
3.1930134
3.559823
3.3226693
3.5826921
3.4938335
3.553474
3.170699
3.6025372
3.258278
3.836433
3.453079
3.365019
3.3524354
3.1694584
3.5962405
3.2719576
3.898231
3.3840015
3.4147582
3.365245
3.4832125
3.3963585
3.15065
3.1735203
3.2404704
3.333199
3.387542
3.7252176
3.2454185
3.0042992
3.1968038
3.034237
3.168708
3.593781
3.479768
3.5255024
3.2060044
3.1640944
3.2620063
3.3311012
3.434968
3.6255941
2.962275
3.172066
3.4988525
3.1239154
3.071951
3.4220717
3.2911417
3.298193
3.0924933
3.1853015
3.0774975
3.1164546
2.9774668
3.0791066
3.0180418
3.064089
3.102584
3.097243
3.1964195
3.497178
3.103324
3.378247
3.0303175
3.2089825
3.2542286
3.1805289
3.1375492
3.2312055
3.241062
3.3850229
3.5220795
3.4317575
3.2911675
3.058474
3.6671746
3.107321
3.442127
3.5277898
4.4641237
3.0702298
3.4736955
3.5081253
3.4149346
3.8656178
3.7217965
3.1769898
3.5816379
3.0741837
3.266084
3.7320693
3.7696118
3.7605124
3.2855783
4.1163325
3.4675367
3.347139
5.2296615
3.5493963
4.163737
3.3380654
3.08877
3.6124866
3.550138
3.1514313
3.9080532
3.58801
3.2096448
3.732735
3.489786
3.3864906
3.351406
3.0922737
3.179841
3.1026616
2.8422134
3.1019635
3.5062964
3.3414927
3.7282794
4.2888594
3.094455
3.042457
3.3595257
3.3585854
3.327822
3.425853
3.7570565
3.7753675
3.087111
3.2881126
3.1221304
3.3120794
3.118039
3.3929446
3.3178525
3.292675
3.078991
3.223613
3.2408485
3.2690406
3.1787965
3.432278
3.3698897
3.209485
3.11588
3.051357
3.0496836
2.979281
2.9604695
3.0460794
3.1689436
3.101668
3.279247
3.2332034
3.352923
3.0229754
3.1869905
3.1030178
3.0595574
3.158192
3.164292
3.15522
3.1944394
3.1382596
2.9533508
3.0199947
3.0303013
3.3052857
3.0466945
3.2458677
3.2116964
3.1891036
2.9876463
2.9650204
3.066747
3.009926
2.9319713
3.0821192
3.190469
3.0833955
3.1652179
3.1915696
3.0962565
3.1838725
3.0081387
3.203323
3.1775708
3.1327052
3.110427
3.41214
3.2803974
3.3718426
2.9698272
2.9823172
3.3298779
3.130987
3.1023154
3.7249327
3.0849276
2.9808366
3.1643221
3.1648793
3.06029
3.273173
3.467773
3.236379
3.102548
3.040268
3.196415
3.5417984
3.6879516
3.4911575
3.1675878
3.4589908
2.9130366
3.277382
3.4304242
3.2554774
3.5087502
3.0167258
3.2439885
3.497647
3.211399
3.4435952
3.156497
2.9998937
2.995479
3.35155
3.1088178
3.2930055
3.0804532
3.0590255
2.9566247
3.226636
3.1751895
2.9644787
3.2534385
3.317863
3.008369
3.1682644
3.148544
2.923958
3.1384254
3.176446
2.983458
3.0576813
3.167383
3.1030095
2.971464
3.0837405
2.951176
2.9908602
3.079896
3.032039
2.9249444
3.0669484
3.1249406
2.9846315
2.9779296
3.025215
2.950125
2.8917973
3.0192106
3.0297775
3.3356178
3.563392
3.5745835
3.3983858
4.0417366
3.053428
3.918811
3.3214316
3.0358658
3.296443
3.7327096
3.0254514
3.5456855
3.3673947
3.187474
3.4961934
3.568221
3.439803
3.1555073
2.8557982
3.4811609
2.957708
2.9761035
3.2349305
3.09687
2.93498
3.07525
3.060402
2.9192104
3.1674528
3.115649
3.2057316
3.0447176
2.926894
2.9424214
2.9501731
2.9074807
3.0723336
2.9369304
2.9725466
3.01045
2.9770088
3.0788462
2.9457042
3.031159
2.928437
2.888297
2.9389513
3.0421948
3.0110686
3.086969
2.9392068
3.2626925
2.9157505
3.3350284
3.354644
3.0518546
3.5698066
3.055211
3.3977683
3.5336332
3.2410808
3.7165015
3.1026459
3.6717753
3.064131
3.3880196
3.0095224
3.3750482
3.0634599
3.334718
3.033799
3.064633
3.4805481
3.1538782
3.354148
3.0377486
3.3107603
3.2490175
3.055046
3.1581986
2.8394234
3.0765343
3.2109222
3.0345173
3.0344243
3.30287
3.19737
3.0678592
3.5352066
3.1400945
3.1634245
3.4849036
3.0705037
3.3213959
3.2241406
3.088885
3.282731
3.4672685
2.9604626
2.9993374
3.324668
3.015028
3.1921473
3.441799
3.1178641
2.9832804
2.9388275
3.1465132
3.204551
3.391604
2.9205515
3.099257
3.222545
2.9052305
3.001156
3.2884886
3.294618
2.968232
2.9163775
2.9420354
2.9358566
2.962534
3.290135
3.2218993
3.1044328
3.0945644
3.1769245
3.225045
3.124153
3.3027894
3.0240273
3.4103954
3.144883
3.3280234
3.4760342
2.869306
3.729017
3.3274453
2.9825206
3.5395274
3.5585883
3.05473
3.5201535
3.4483836
2.8798873
3.5328817
3.1991365
2.9972868
3.4720035
3.4165947
3.0404947
3.4757154
3.3146574
2.9366531
3.376937
3.355706
3.4714525
3.5786095
2.8591626
3.046128
3.358824
3.1849363
3.316862
3.2949038
3.3065705
3.3282866
3.0377088
3.1328974
3.3361166
3.0698116
3.2172165
3.4581065
2.9821734
3.1338656
2.9699428
3.1382008
3.3441184
3.0711985
3.183981
3.033663
3.115488
3.1033075
3.0791154
3.089061
3.464775
2.9774914
3.0465815
3.3311446
2.9235723
3.0048895
2.997339
3.0783744
2.937807
3.183087
2.925225
3.1555054
3.108969
3.071382
2.829623
2.9495814
2.9091003
2.99448
3.0663297
3.1668375
3.1151206
3.072099
3.027741
2.8812125
2.9138517
3.0583072
2.935704
2.9754522
3.0579345
3.1055336
2.9882696
2.9011278
3.0500464
3.0740008
3.1087508
3.144938
2.9391575
2.7977357
2.9030135
2.9473674
2.9111645
2.905173
3.1527443
3.198975
2.8433986
2.9350665
3.0546496
2.965862
3.044534
3.6603413
3.054303
2.882751
2.8855705
3.0110116
3.0446355
3.0230875
3.359129
3.0097435
3.101714
2.9203887
3.1509755
2.9421475
3.0562575
3.10222
2.924021
3.1822047
3.0067096
3.0206437
3.0927625
2.9411464
3.020582
3.2654545
3.041824
3.1502135
2.906478
3.030979
3.3100808
3.421516
2.934714
3.3335865
3.1517117
2.8726604
3.0957515
2.980947
3.0804584
3.2207372
2.943171
2.994999
2.8995595
2.9481804
3.3053036
3.1121533
3.1051736
2.8356214
2.9729521
2.8647203
2.917695
2.871704
2.90447
2.9966092
2.844418
2.8622324
2.952294
2.9771116
3.0483115
2.7981193
2.9299443
2.9390578
2.8271985
2.8353505
3.0816655
2.9701376
2.8151588
3.0667794
2.928059
3.0109363
2.9747915
3.4332995
3.2522516
2.920549
3.221885
3.473756
2.8309214
3.4727986
2.88568
3.0676057
2.9028614
2.949768
2.9013386
3.0639584
3.2259645
2.9155195
3.1206784
3.164348
3.1765392
3.3097985
3.0740736
2.9178417
3.0616646
2.85975
2.9449828
2.9564464
3.3585806
3.0475676
3.0722492
2.8375444
2.916789
3.040221
2.9916022
3.0615299
3.2495265
2.8913128
3.1679044
3.4788
2.9836924
3.556835
3.0395744
2.8564527
3.7546384
2.982382
3.1402564
3.283175
3.2765007
3.097356
3.344937
2.8885539
3.2609203
3.1145418
2.949681
3.34148
3.059137
3.021267
3.4079986
2.9781055
3.0926576
3.731249
2.9137726
3.198021
3.108023
2.9280944
3.1634312
3.0851908
3.0618415
3.14921
2.9831316
3.3185844
2.910176
2.8953876
3.1506174
2.9963026
3.5803394
2.9501288
3.024012
3.0507424
2.82925
2.9997442
3.0502918
2.9319885
3.283952
3.3364644
2.9210672
3.0874443
2.9383273
2.9029505
2.955819
2.9595582
3.0743835
2.965284
3.096059
2.9853568
3.2633033
2.8884726
3.5279756
3.0722594
3.206418
3.267376
3.2560034
3.0341768
3.0863404
3.424748
3.0435965
3.229642
3.3708296
2.9736588
3.1780305
3.2467406
3.0748465
2.8772838
3.0439641
3.1500163
3.076895
2.9938805
2.9827807
3.6730638
2.9271147
2.9004247
2.87166
3.0014148
3.152472
2.9180915
2.989092
3.2449892
3.0681858
2.7696934
2.918634
3.1832902
3.0986156
3.1370995
3.557021
2.9913883
2.8552723
3.0376537
3.137091
2.936818
2.9805496
3.548143
2.9315047
3.4678433
2.8570988
2.8337355
3.1179461
3.0319605
2.9558725
2.934196
3.060872
2.987733
2.939693
2.992121
2.9734476
2.9561753
2.9268284
3.012316
2.9191213
2.9048784
2.975406
2.94151
2.8994045
3.0428414
2.8813815
2.9797783
3.0407176
2.9459224
2.906358
2.9527605
3.1256142
2.829766
2.8127143
3.0593665
2.9095268
2.9867034
3.0870368
3.2008681
3.0555654
2.8635578
2.839529
2.947831
2.9893713
3.140164
2.8282726
3.5382245
3.1363268
2.899078
3.0242975
3.172984
3.0637429
2.8666742
3.289034
3.7446816
3.4218824
2.9469104
3.035236
3.2284207
3.3514132
2.897742
3.0356975
3.2323768
3.4091535
2.8343127
2.9679444
2.921864
3.087311
3.096879
3.182344
3.4792266
3.211944
3.0140285
3.0276835
2.8342252
3.1075885
3.5279398
3.0401196
2.9323626
3.3258145
3.1184826
3.0838544
2.9544075
3.2687354
3.2822986
2.8472805
3.2478065
3.0994816
2.902867
2.947633
3.352641
3.0834405
2.853167
3.077145
3.1000679
2.8759773
3.1611307
3.5382948
3.049475
2.9378705
3.688132
3.0423198
2.8545449
3.275356
2.9344306
2.907619
2.9473386
3.2008557
2.9178288
3.1393764
3.244554
3.0630465
2.9039848
2.954444
2.9272027
3.1782668
2.868705
2.832414
2.9217117
3.092915
3.0049314
3.262523
3.0536015
2.957917
2.8262546
2.9048464
3.0205653
3.0122073
3.0332334
3.4324956
2.9304924
3.0442884
3.1140416
2.9677675
2.9288175
3.081003
3.1426847
2.9732194
2.9612296
3.1192806
2.9656556
3.215538
3.4623494
2.8751996
3.162207
3.112889
2.9199123
3.295796
2.9043338
2.7924476
2.9462812
2.9483504
2.867551
3.1032746
3.0913
3.0572417
2.90723
2.809285
3.1630905
2.8789442
2.904677
2.9261763
2.9878075
2.9658165
3.0125315
2.857762
2.9309797
2.9389122
2.9175267
2.786724
2.8321576
2.9235823
2.986644
2.9428046
2.8933225
2.8913348
2.804756
3.1734126
2.812034
3.0377736
2.8768373
3.0259686
2.8973587
3.1675456
2.962688
2.9199326
3.0938408
2.8515093
3.000149
3.041618
2.8675716
2.871929
2.9553096
3.025842
2.8649035
3.018561
2.8543787
2.835545
2.7637706
2.849283
2.839357
2.824403
2.896013
2.9585125
3.0215626
2.817139
2.804787
2.985801
2.8469174
2.8731534
2.8714316
2.7980285
2.814309
2.8013973
2.8150623
2.8410215
2.8451214
2.8406985
2.880563
2.866039
2.977669
3.0792518
2.7916164
2.857675
3.2790165
2.7735362
3.1541965
3.0738316
2.9277709
2.845594
2.9504044
2.810769
2.848062
2.9898026
3.1197615
3.0710905
2.908048
3.0794492
2.852263
2.8981879
3.0433109
2.8534796
3.0294056
3.0104237
2.7823806
2.945985
3.1003075
2.881146
3.1301572
3.0200284
2.8646955
2.7873826
2.837862
2.7928324
2.803358
2.9658654
2.8954406
2.9785256
2.8575299
2.912158
2.9594665
2.9056807
2.7513025
2.9269764
2.8578959
2.8598058
2.9128098
2.855504
2.9152436
2.821232
2.8245363
2.8418207
2.860605
2.842456
2.9843762
2.9242423
2.9618375
2.8376613
2.9810934
2.8671618
3.2027862
3.3167455
2.7837803
3.0182455
2.913551
3.1196933
2.8202815
2.9346805
2.9111495
2.8215258
2.8245277
2.7997756
2.818542
2.8728096
2.766017
2.75146
2.7883375
2.7992425
2.8401809
2.7917924
2.7742696
2.910062
2.9268324
2.902752
2.8989644
2.7257798
2.87755
2.7921472
2.9892519
3.3560972
2.9059124
2.8203788
2.8379
2.931443
2.9199545
3.027516
3.231353
2.7793193
2.956517
2.98271
2.8194306
2.838616
3.0539675
2.823362
2.889126
2.7983289
2.8981888
2.8885295
2.8757
3.190358
2.8612006
2.9236066
3.0327766
2.9572005
2.969079
3.0069394
2.8941875
3.1090386
3.4056869
2.9487293
3.0926332
2.8605874
2.8943086
3.0400984
2.9209085
2.9869244
3.097434
2.818386
3.03733
2.9949186
2.899766
3.0244827
3.0448718
2.9353743
2.8872385
2.827005
2.867259
2.765492
2.8490968
2.863433
2.928469
2.9467828
2.9760234
2.8196986
2.9072576
2.8688881
2.9146025
2.8342159
2.964447
2.766438
2.782983
2.8879507
2.8467302
2.9078856
2.866013
3.028337
3.0236576
2.8128045
2.8857896
2.9525762
2.8137624
2.9612837
2.8890188
2.7583745
2.9081726
2.8179777
2.796576
2.827254
2.890406
2.8174818
2.856917
2.9185865
2.8301046
2.8110712
3.1250455
2.798173
3.10268
3.25081
2.9370422
3.5143235
3.0932646
3.1159887
3.5985155
3.3811347
3.0290816
3.0513716
3.271803
3.274062
2.9977806
3.1085665
2.9030006
2.8234835
2.8303149
3.128748
2.891447
2.877027
2.852875
2.9123163
2.868435
2.9447782
2.9817371
2.805019
2.981659
2.846414
2.8391726
2.78014
2.7998345
3.003836
2.7933714
2.8723907
2.8237824
2.8386858
2.756705
2.8465838
2.8636515
2.907736
2.8442948
2.839508
2.8674128
2.8496475
2.7980165
3.19456
2.9102294
3.0565546
2.903115
2.8874376
3.07571
2.903069
2.8971806
3.3327308
2.791655
2.8318858
2.7724907
2.8230295
2.8322332
2.933778
2.9155586
2.83877
2.75138
2.8804
2.9064863
2.8538725
2.7756839
3.1599703
2.8118358
2.8092601
3.155004
2.9214544
2.8622625
2.924884
2.8470693
2.8680973
2.8177967
2.8016768
2.897371
3.039547
3.1537406
3.0645876
2.930121
2.9135802
2.907112
3.109389
3.07466
2.95702
2.7751186
2.9720707
2.9541352
2.9605472
3.1354196
3.178335
2.9912112
3.226871
2.8593376
2.911423
3.0838852
2.7853591
2.9489832
2.98149
2.9346912
2.9950552
2.8382006
2.806917
2.8258677
2.9083664
3.0169296
3.2931015
2.8831787
2.7561805
2.9106605
3.1483386
2.8015854
3.3348975
3.3036363
2.9390705
3.3547559
3.122787
2.8856204
3.3668835
3.4119835
2.9072542
2.8857865
2.962581
2.9822495
2.9846616
3.0736272
3.026115
3.0452714
2.9287095
2.8101716
2.8855922
3.1160247
3.0495818
2.8694687
2.9890075
2.8831334
2.825265
2.9330077
2.8018515
3.0133464
2.8782744
3.1213367
2.834225
3.0476384
2.939685
2.8855925
3.088676
2.9900436
2.7870424
2.8613374
3.0345063
3.001662
2.82531
2.9374785
2.971491
2.8352873
2.873772
2.8838656
2.8096695
2.9062304
2.766101
2.7516508
2.804712
2.7953455
2.826838
3.037289
2.8328946
2.776218
2.7916865
2.790798
2.7954915
2.8003657
2.902812
2.8066895
2.9918046
2.7578118
2.910101
2.7834535
2.7788913
2.8131652
2.813304
2.8140166
2.9340022
2.7191575
2.7847292
2.8039982
2.721218
2.872716
2.8525302
2.9335258
2.883606
2.7156584
2.735636
2.831496
2.784471
2.9149957
2.873434
2.8759296
2.8204238
2.8206854
2.8061006
2.8758245
2.837869
3.164226
2.8856835
2.8962708
2.9203515
2.9705052
2.8813365
2.9478362
2.946822
2.8367982
2.8505535
2.7848196
2.925008
3.082544
3.0072806
2.822656
2.952275
2.9389179
2.868021
3.0242999
2.858514
2.9274473
2.929185
2.822192
2.8101134
2.8273988
2.7481024
2.8670177
2.79897
2.7956789
2.8483095
2.832364
2.7672539
2.7973454
2.8281696
2.8557527
2.843387
2.845843
2.9513383
2.9342294
2.816495
2.7815735
2.780899
2.7781155
2.947829
3.006145
2.928284
3.0041344
2.796873
2.7750342
2.8496969
2.8920395
2.785463
2.9356897
2.7171156
2.9158273
2.7443218
2.8188994
2.9337554
2.7393894
2.780574
2.7919364
2.7864366
2.8617926
2.8873744
2.7132995
2.7391324
2.936153
2.917131
3.0792527
3.0367675
2.91859
2.9631312
2.835503
2.7832778
2.9590359
2.8619022
2.86476
2.7630944
2.7562723
2.7127285
2.8446865
2.870966
2.8691635
3.2612455
2.8275898
2.7984302
2.8553443
2.8966095
2.835807
3.110509
2.8703806
3.241158
2.8339374
2.8060622
2.9251294
2.7732346
2.697269
2.7126293
2.990003
2.956234
2.753995
3.2728498
2.727194
3.0261765
2.971096
2.7398808
3.1406975
2.9182613
2.777248
3.4082844
2.7764268
2.8713906
3.0687041
2.9233916
2.8096595
2.8982685
2.982728
2.728641
2.9299757
2.809712
2.8789625
2.874507
2.7294905
2.726158
2.832988
2.87315
2.8447793
2.889935
3.076517
3.0328956
2.881136
2.8899074
2.7872446
3.267204
3.2050574
2.9014266
3.2209005
2.9055572
2.772666
3.1550472
3.0607111
2.924495
2.9490426
3.036077
2.840562
3.0563056
3.335255
2.91909
2.9239388
3.08972
2.944685
2.864223
2.9968424
3.3524034
2.9423566
3.0478086
3.0033405
2.9427998
2.809555
3.1096828
2.7577662
2.777223
2.7790196
2.7638705
2.7765725
2.7484634
2.8519428
2.916568
2.742989
3.1317132
4.03456
4.771214
4.6083283
3.5844872
5.295023
4.434761
4.0526786
3.3357127
3.1636472
4.296188
3.6019697
3.700146
3.5435712
3.5672526
3.0259604
3.184056
3.5046356
3.046404
3.6079705
3.5024571
3.4458394
3.0732634
2.8091624
3.088999
3.5385735
3.008822
3.473809
3.5696232
2.7661262
2.9087095
3.1229284
3.2099576
2.9309013
2.8120134
3.061454
3.1137176
3.193641
2.992775
2.836527
3.0804956
3.054688
2.8117075
3.051485
3.0479755
2.844743
2.9292455
2.815275
2.8968434
2.8784127
2.9191508
2.919785
2.8379598
2.8449054
2.7833915
2.9350805
2.8320856
2.7986758
3.025868
2.851068
3.119244
2.985722
2.869514
2.8002646
2.836298
2.9272246
2.9336758
2.9780293
3.1532764
3.0041876
2.835392
2.8133786
2.934956
2.9300742
2.7799597
2.9481914
3.0756147
2.8929555
2.9162364
3.018488
2.8532505
2.8791618
2.919055
2.921579
2.780829
2.9778163
2.8357735
2.8506505
2.791613
2.9004612
2.7686741
2.797716
2.833463
2.9172785
2.734266
2.8786025
2.764032
2.742682
2.9160604
2.7829483
2.771962
2.847872
2.8543675
2.7360446
2.7232735
2.8333006
2.911301
2.750715
2.764532
2.9977078
2.792329
3.003395
2.7628078
2.769738
2.842184
2.784844
2.8396153
2.8928776
2.909934
2.8070426
2.737191
2.825687
2.725295
2.727655
2.7605054
2.7948384
2.8398273
2.746647
2.802147
2.9229054
2.7688508
2.7091336
2.776571
2.779507
2.8042126
2.792594
2.9381282
3.0108652
2.825224
2.753697
2.794242
2.9188328
2.7833626
2.8399856
2.91561
3.0986874
2.7848005
2.8684413
3.0269146
2.7560022
2.8924015
2.837647
3.453353
2.8132863
2.731772
3.1053913
2.8729362
2.7551324
3.0490487
3.2332363
2.850639
2.9640715
2.8231745
2.7663834
2.8493655
3.0438094
2.9191775
2.7616305
2.799031
2.7467024
2.9238029
2.842546
2.7815995
3.029844
2.9850502
2.7539427
2.754054
2.862179
2.83815
2.7241085
2.799648
3.1275344
2.8165472
2.815093
2.8474524
2.8597264
2.794729
2.8581483
2.827239
2.8874047
2.792205
2.9184084
2.805958
2.7411768
2.7625015
2.8072155
2.7593143
2.904592
2.791738
2.71384
2.8367176
2.785051
2.7564547
2.713603
2.7659085
2.7650886
2.749718
2.8146384
2.7216275
2.7055683
2.7901664
2.7041857
2.772726
2.7360086
2.6840088
2.7464106
2.7849693
2.761915
2.81299
2.8224094
2.7326455
2.7430053
2.8380134
2.7241914
2.7699654
2.721152
2.774728
2.7256076
2.6958618
2.9138622
2.745311
3.030063
2.833104
2.845031
2.922151
2.7843494
2.7467031
2.8355243
2.78875
2.6758826
2.746219
2.813138
2.7562165
2.7466424
2.9052403
2.9673767
2.7421024
2.8140497
2.6866739
2.7993438
2.8109725
2.8259673
2.986101
2.883719
2.701282
2.6961038
2.661645
2.7155933
2.7349684
2.745413
2.811409
2.7570004
2.7339911
2.6916504
2.6715715
2.783357
2.693122
2.7267666
2.7409356
2.824864
2.7909322
2.6772516
2.8339481
2.6973073
2.721983
2.7543788
2.7378678
2.9277644
2.981477
2.711646
2.8003294
2.7842865
2.6691566
2.72317
2.711415
2.9485214
2.7798238
2.7268744
2.7872984
2.646773
2.7224646
2.6685574
2.7454839
2.754369
2.7450294
2.8657246
2.7228389
2.698245
2.728204
2.7486675
2.7852643
2.7784548
2.7406125
2.7367532
2.8041275
2.782012
2.7221563
2.7327
2.8070025
2.6857915
2.7654192
2.8283815
2.7548592
2.6600215
2.7174811
2.6956213
2.795013
2.7246654
2.725442
2.693317
2.839877
2.711861
2.7448514
2.741388
2.689157
2.6563888
2.7170522
2.7685223
2.7141802
2.7956605
2.6844013
2.7518551
2.6544933
2.7491035
2.651742
2.7737885
2.7335663
2.6317217
2.6996264
2.7683423
2.7606096
2.702055
2.6937385
2.8314762
2.7247272
2.7145488
2.844636
2.9064307
2.7639155
2.681897
2.852844
2.876057
2.7839155
2.960047
2.7542717
2.7663038
2.6441846
2.8572445
2.904553
2.7418907
2.6791186
2.7893517
2.9454699
2.661951
2.7017915
2.854866
2.864102
2.636264
2.8236551
2.784456
2.7073026
2.652674
2.7128978
2.8462949
2.865066
2.7377596
2.8255513
3.1179996
2.6893036
2.828032
2.7545094
2.8130782
2.7625482
3.6720712
3.314688
2.775854
2.9193327
3.262167
2.9838357
3.3411984
4.1068316
2.888678
2.868871
3.3505666
3.0726392
2.818686
3.3578348
4.0833073
2.6276245
3.1669824
3.632456
3.2561336
2.9446676
4.120706
3.9456239
2.776246
2.784799
3.2242002
3.3062243
3.0926502
3.0836904
2.8220575
2.9568098
3.241536
2.8624485
2.8234775
3.29785
3.1414084
2.8096294
2.7547565
2.9882386
2.765436
2.7299085
2.8470376
3.0460725
2.9447331
2.6809554
2.743992
2.8694432
2.8293245
2.7376354
2.6956
2.764994
2.9863086
2.8004956
2.734274
2.8007464
2.8583395
2.8166564
2.787083
2.867773
2.856608
2.9739347
2.728968
2.6568124
2.6630476
2.90714
2.762113
2.61082
2.690744
2.827405
2.763271
2.695625
2.6695378
2.7383583
2.665165
2.677199
2.6267498
2.692136
2.6359339
2.6633186
2.6013727
2.601016
2.670366
2.6693165
2.6349032
2.5820818
2.7397141
2.76135
2.5798914
2.5568588
2.6700656
2.6746001
2.7162426
2.6703365
2.6030097
2.7494519
2.697929
2.649023
2.5764976
2.6882725
2.7591166
2.7138646
2.768283
2.733301
2.6597948
2.7213864
2.635832
2.572364
2.6041653
2.7147574
2.6813369
2.677879
2.6487365
2.6111815
2.7262566
2.723122
2.6651475
2.764513
2.7612696
2.8187542
2.673858
2.584652
2.6030133
2.6275964
2.6407592
2.699642
2.5906928
2.7572124
2.6299706
2.5746255
2.6641896
2.6045096
2.687518
2.6610966
2.6553645
2.7272458
2.6921678
2.665591
2.6236005
2.6346536
2.6765382
2.5160618
2.5802848
2.628581
2.6487684
2.722369
2.6107144
2.5227227
2.5782175
2.6213434
2.552636
2.6660151
2.608854
2.5850239
2.7300537
2.6311667
2.592367
2.650237
2.6483636
2.515462
2.625424
2.594803
2.600351
2.6248236
2.640091
2.5856912
2.546866
2.7073748
2.655092
2.553422
2.7092957
2.7597876
2.6496062
2.636857
2.7381785
2.6390486
2.580653
2.6390407
2.622263
2.511869
2.6606417
2.5770247
2.692798
2.62966
2.5915246
2.6229126
2.6734154
2.567774
2.5543776
2.6834254
2.737691
2.5444815
2.6502044
2.9004686
2.631809
2.5540705
2.7656047
2.7404423
2.5786574
2.703961
3.0137384
2.676308
2.6330824
2.6927373
2.7146623
2.5091605
2.5242424
2.519455
2.6405878
2.642672
2.5710635
2.5542946
2.761946
2.651664
2.6519341
2.6991937
2.566269
2.659002
2.6105785
2.6186376
2.496187
2.5015588
2.6188571
2.6023326
2.5410552
2.5513685
2.590163
2.5877955
2.4964645
2.5523174
2.6685805
2.4973714
2.5179565
2.7009325
2.5419292
2.5497963
2.517019
2.685247
2.687239
2.5949993
2.6775255
2.735156
2.6801705
2.531111
2.488247
2.6090784
2.5704134
2.680032
2.5844223
2.5256968
2.589439
2.4929667
2.4710534
2.5570893
2.486529
2.4691765
2.5144324
2.4610052
2.464542
2.5138297
2.5069177
2.6032248
2.488937
2.567815
2.6040976
2.528405
2.5605166
2.6546657
2.555411
2.4807105
2.7589357
2.5858145
2.4680095
2.4813025
2.5399468
2.5667017
2.558276
2.4882216
2.5145705
2.4810236
2.4997156
2.5146
2.5181656
2.5007083
2.4879966
2.4821231
2.5303733
2.4705226
2.4824915
2.5204413
2.4903998
2.5040061
2.551536
2.523389
2.4585536
2.5728004
2.6985946
2.563608
2.4361875
2.426975
2.4372756
2.4653375
2.5153303
2.4342215
2.5155065
2.422605
2.430483
2.451031
2.4302034
2.4623106
2.3849576
2.447966
2.4027
2.431236
2.367435
2.522091
2.3772042
2.4576817
2.4807858
2.449334
2.440714
2.429951
2.3961475
2.5692892
2.5093865
2.5116534
2.39996
2.488949
2.380066
2.4549768
2.470144
2.4565864
2.4532006
2.4046774
2.432112
2.344734
2.5074308
2.4905703
2.517737
2.421671
2.3969042
2.4915988
2.5783565
2.3267932
2.392329
2.4347878
2.3981535
2.3880887
2.3982604
2.465878
2.3543205
2.4017856
2.4001157
2.4545937
2.3825483
2.4001393
2.4919412
2.4354146
2.3627288
2.3735337
2.4008255
2.5207634
2.5610542
2.338986
2.4703372
2.482428
2.4828866
2.402175
2.380667
2.461581
2.4448354
2.5023494
2.39813
2.4698665
2.3750787
2.3997867
2.5139456
2.3462794
2.451995
2.3226275
2.6462524
2.392839
2.3849778
2.4236095
2.3172436
2.364325
2.3704455
2.3382034
2.3886285
2.409219
2.616204
2.272536
2.431212
2.4023616
2.436221
2.3177474
2.4180844
2.6649272
2.3540316
2.4213488
2.417566
2.4868455
2.420302
2.354381
2.305161
2.3631392
2.493286
2.410389
2.342581
2.3595903
2.303587
2.4145436
2.4124844
2.3929904
2.4362428
2.3893044
2.3708766
2.3864129
2.484626
2.437179
2.315095
2.3823342
2.5228045
2.3895197
2.379753
2.4063444
2.4344647
2.3026276
2.2721255
2.3433824
2.2765567
2.2560904
2.336212
2.267226
2.3223026
2.4702315
2.3620455
2.2825456
2.3595185
2.434897
2.3179734
2.4038844
2.279304
2.4440382
2.4048314
2.3174064
2.2965746
2.3458703
2.3042603
2.430707
2.3754742
2.331039
2.282687
2.317919
2.3539417
2.348727
2.508337
2.4071093
2.2406335
2.4276626
2.292941
2.3391035
2.255627
2.3087745
2.2915876
2.3491774
2.2493489
2.3811696
2.2454832
2.2866123
2.2541206
2.3529072
2.2195675
2.189934
2.268787
2.220448
2.245553
2.4116333
2.4837062
2.196222
2.2994134
2.352252
2.3150556
2.2018535
2.3021216
2.3027866
2.2143846
2.264069
2.2739143
2.22123
2.1867676
2.3564615
2.2933145
2.291815
2.2674196
2.3327796
2.2474306
2.1531367
2.404722
2.242457
2.3540926
2.149792
2.223159
2.3660135
2.3023355
2.2114766
2.1784751
2.265641
2.375645
2.1979733
2.306467
2.3628228
2.328501
2.4079137
2.2639866
2.2993226
2.09761
2.2015574
2.161673
2.2094655
2.1852252
2.2793415
2.3415136
2.2305431
2.1569693
2.2519479
2.116365
2.1262758
2.185271
2.1850805
2.1331465
2.1215613
2.1399755
2.2073877
2.1480496
2.1887972
2.331511
2.3635142
2.1415257
2.1190314
2.17404
2.3403306
2.270887
2.2143254
2.1865616
2.2379885
2.235008
2.1716006
2.2273083
2.2317657
2.2207246
2.182901
2.1538186
2.1895995
2.127698
2.145845
2.1172535
2.215506
2.170406
2.1799834
2.125496
2.2044075
2.179871
2.1451235
2.1175153
2.2785554
2.1706622
2.1377547
2.1550975
2.1364727
2.4290085
2.1166112
2.099011
2.0677671
2.2006872
2.10834
2.1316214
2.0957298
2.1881185
2.1547723
2.2269
2.107384
2.1459522
2.110133
2.082097
2.0799758
2.0682611
2.056681
2.2983227
2.0286994
2.154213
2.1398044
2.1167934
2.1426618
2.0951567
2.0811892
2.153929
2.079907
2.1883955
2.1402411
2.0905867
2.157508
2.082094
2.15115
2.143522
2.0824473
2.085252
2.0366688
2.1169126
2.1449206
2.0742042
2.0788648
2.1733408
2.0202603
2.163732
2.1057565
1.9700873
2.1760542
2.1333559
2.069541
2.0534155
2.0983293
2.0964901
2.0764563
2.025607
2.0866392
1.9884764
2.05041
2.0896757
2.0652738
2.1065786
2.0493848
2.0265987
2.2011886
2.032911
2.066654
2.073819
1.9974475
2.1400003
2.1560762
2.0551574
1.9812508
1.9729532
2.0890892
2.092682
1.9884491
2.1025217
2.0449982
2.0753314
2.006527
2.0357256
2.226797
2.0567005
1.9704815
2.1156535
2.0319824
2.1398985
1.964204
1.9612262
2.0662684
2.011143
1.9912385
2.0401292
1.988657
2.0526392
2.1268387
2.0185087
2.0628633
2.1207786
2.0303137
2.0295255
2.0483344
1.9659675
2.003288
2.0637715
2.0597785
2.0012107
2.211608
2.0188072
1.963012
2.1106286
2.0857887
2.1159186
2.0893333
2.0537066
2.089749
2.0432045
2.0230944
1.9801302
2.0460434
1.9662889
1.9826642
2.0449104
2.0057507
1.9897767
2.016478
2.202622
2.0500164
2.0226486
2.0802274
2.011478
2.009447
2.006213
2.1152532
2.1530185
2.081273
2.171955
2.032693
2.1174724
2.0461223
2.096572
1.9695625
2.142739
2.1615026
2.0045023
1.9742345
2.002606
1.9738507
1.9187052
1.9664128
2.0158968
2.0849516
1.983382
1.942531
1.8865331
2.000842
2.0234199
1.9976602
1.9786804
1.9747908
1.9611665
1.9524045
1.88808
1.9850873
1.959926
1.909515
1.8692927
1.8676807
1.9553925
1.9399475
1.9695308
2.0207605
1.9577404
1.9773707
2.0891013
1.9480122
1.926551
1.8769616
2.0819936
1.8814367
1.9211488
2.0327199
1.960028
1.9063017
1.9349705
1.9802502
1.9314394
1.903049
1.8754197
1.8859515
2.0033038
1.9720145
2.0399756
1.9750634
2.0766184
2.055784
2.001187
1.964361
2.0477555
2.371935
2.0957053
1.974943
2.0428116
2.2231834
2.1507325
2.110309
1.9410304
2.0204477
2.0816205
2.0112305
1.9557624
2.1151164
2.046034
1.9640214
2.0291095
2.09704
1.9466475
1.988395
2.0851266
1.9828755
1.8381784
1.9053075
2.2190566
1.9761101
1.9215925
1.9892938
2.0756137
1.8693832
1.8532845
2.0680013
1.9354308
1.958225
1.948189
2.0291085
1.9016972
1.9823009
1.9389657
1.8693589
1.9477466
1.9217085
1.8906529
1.8294508
2.047232
1.8575722
1.8579732
1.8307012
1.8928095
1.9159902
1.8909048
2.0276225
2.0564637
1.8796067
1.959635
2.0660648
2.0592499
1.9949751
1.9524373
2.0034842
2.023178
1.9016355
1.92122
1.9761673
1.9571451
1.9626153
1.8078096
1.9461329
2.0813122
1.9541987
1.9148535
1.916564
1.9521074
1.9571782
1.8723878
2.0383544
1.964135
1.9942615
1.9254811
1.9388689
2.000841
1.8783913
1.8934373
1.7931424
1.9653789
1.9836773
1.8827173
1.8566253
1.8684943
2.0539038
2.0176225
2.018658
2.0021255
1.919447
1.8662715
1.9031378
1.84095
1.8506275
1.9243839
1.9807965
1.9642497
1.785001
1.8202403
1.8932421
1.8151083
1.8155246
1.8238875
1.8822255
1.9097563
1.919915
1.9111108
1.830954
1.7716594
1.9550624
1.9184221
2.0405986
1.8496321
1.967119
1.8965267
1.7846917
1.8452113
1.8291327
1.9163569
1.9279953
1.8591152
1.9385589
1.9244785
1.8339354
1.8971694
1.9233187
1.8218642
1.9054693
1.834148
1.8272976
1.789369
1.9131238
1.8736311
1.8716593
1.9949507
1.8039294
1.8634825
2.0150154
1.9084717
1.8944625
1.9077438
2.091759
1.8431265
1.8759596
1.8725903
1.8640678
1.7937914
1.8615471
1.8980484
1.9077632
1.8299465
1.9501258
1.8094921
1.9336025
1.8280777
1.9943682
1.8955704
2.141796
1.9213593
1.9918985
1.9206767
1.8107051
1.8523479
1.9072918
1.8841342
1.9234657
1.860356
1.81145
1.812168
1.8881618
1.8767405
1.7867223
1.8472731
1.8605331
1.9997652
1.827684
1.7383462
1.8260393
1.7907728
1.840764
1.8537765
1.7739037
1.8538814
1.7133865
1.8609785
1.7832917
1.8177088
1.8490323
1.8387407
2.0051906
1.896856
1.9725382
1.9242024
1.9292121
1.8477873
1.8788424
1.9705484
1.8665855
1.8701324
1.7813188
1.8829325
1.834474
1.8001667
1.80966
1.7541627
1.7809802
1.8333652
1.8266295
1.7578585
1.8189387
1.89544
1.937543
1.8473562
1.7663329
1.7376142
1.8514193
1.7669814
1.776791
1.823149
1.8138901
1.8341485
1.8491503
1.7997589
1.8265865
1.892766
1.8237497
1.8040757
2.1966763
1.9156921
1.9925942
1.8200779
2.0811152
2.384973
2.0441692
2.015611
2.502647
2.0780063
1.7097373
2.043877
2.2522433
1.9738343
1.9294223
1.9829721
1.850751
1.872331
1.827111
1.8396771
1.8090073
1.8502843
1.8545207
1.9141307
1.8510245
1.999398
1.8567382
1.8328907
1.7590318
1.7851627
1.7316034
1.7919188
1.7387028
1.7694926
1.8649307
1.7080718
1.7479166
1.7954092
1.7838066
1.7870489
1.7710433
1.833802
1.8869656
1.9123524
1.834806
1.731022
1.780395
1.8802518
1.7375722
1.882337
1.757152
1.8851373
1.840325
1.761602
1.8723457
1.811511
1.8552241
1.7607845
1.734271
1.9791701
1.7630007
1.7661954
1.7356952
1.7155967
1.7328681
1.704451
1.8798165
1.7351172
1.7690493
1.7683115
1.705759
1.7434396
1.7581056
1.7471157
1.807001
1.8156532
1.6852895
1.7271259
1.71029
1.7539264
1.7353084
1.764496
1.8298668
1.7248698
1.6964108
1.7957813
1.8013576
1.7593621
1.7501882
1.8374127
1.8336806
1.7335492
1.8276497
1.7380657
1.7439933
1.9210818
1.7392596
1.7684612
1.8693168
1.9222264
1.8235883
1.777405
1.7621076
1.787853
1.6984712
1.6752825
1.6975006
1.741434
1.7364848
1.7855413
1.7421238
1.7406263
1.7674316
1.8133743
1.7640437
1.7722877
1.799344
1.7548835
1.7232554
1.6949624
1.7906883
1.827149
1.6607919
1.7597163
1.7399242
1.7617958
1.7809788
1.7907063
1.716738
1.7351459
1.7850163
1.8022877
1.726775
1.8452072
1.7370267
1.7613283
1.7476786
1.6810793
1.6804026
1.7747097
1.7515467
1.6494024
1.71672
1.6920305
1.6532453
1.7985058
1.7556216
1.7363077
1.7690355
1.7564129
1.8492918
1.8374755
1.7567054
1.741727
1.7207463
1.71852
1.8501337
1.7290077
1.761432
1.7472092
1.7503288
1.9274858
1.6721648
1.7774575
1.9574795
1.7079219
1.8883393
2.1951184
1.7160599
1.7514565
1.860744
1.961303
1.8412105
1.7730852
2.197011
2.1323683
1.661401
1.8562577
2.0395055
2.1238093
1.7261305
1.796167
2.0758197
2.0705216
1.8401878
1.6957339
1.8144475
1.9418813
1.8732765
1.7229335
1.7097875
1.8474319
1.8133115
1.6661437
1.6694338
1.7433858
1.7338071
1.8097435
1.7940423
1.8000855
1.727022
1.7956793
1.6983666
1.9371586
1.7659599
1.8251882
1.8268296
1.805532
1.8383907
1.7246412
1.7744752
1.7377546
1.7096695
1.6794244
1.7754824
1.7346686
1.7665929
1.7354918
1.7053722
1.7158438
1.7120718
1.6901828
1.684338
1.7581795
1.6809385
1.6741333
1.816446
1.774318
1.6986573
1.7428217
1.6644472
1.747101
1.8019735
1.7111642
1.9155707
1.7383635
1.6657526
1.7622671
1.670819
1.6751986
1.6977421
1.710988
1.707516
1.645468
1.63541
1.7348609
1.733508
1.8672743
1.7036805
1.7168134
1.7066525
1.685864
1.6282432
1.75344
1.6833344
1.6773871
1.777602
1.685553
1.6307045
1.8367893
1.6743757
1.6263521
1.663553
1.7047325
1.7657378
1.649828
1.6963276
1.757798
1.6914057
1.7721465
1.7830592
1.7497073
1.6299223
1.6755972
1.765766
1.7996
1.6909524
1.6544843
1.8552831
1.7957525
1.789661
1.7345593
1.725444
1.6810825
1.7654507
1.684124
1.6896404
1.7503033
1.6942035
1.9070784
1.6725194
1.6904625
1.9317877
1.7163398
1.6391733
1.7423841
1.877504
1.7113225
1.7909563
1.6983397
1.6779395
1.8143861
1.6733358
1.630873
1.7191175
1.793738
1.6131032
1.7169775
1.7566217
1.8135619
1.7152549
1.6649631
1.800311
1.7306337
1.7370918
1.6970787
1.7102731
1.7010392
1.7393073
1.7192725
1.7251402
1.656502
1.6795642
1.8180373
1.7336107
1.6979209
1.6862037
1.7530875
1.860666
1.7512442
1.6949418
1.7309674
1.8484105
1.7530757
1.6427029
1.6998962
1.7794195
1.6797934
1.7056737
1.6853867
1.7462846
1.6333715
1.6772608
1.6853513
1.7538275
1.7379748
1.7083776
1.6964183
1.6891276
1.8005942
1.7117901
1.6415521
1.6898799
1.7534707
1.6675098
1.7004752
1.7347412
1.6476598
1.6810956
1.6524503
1.8579323
1.6691594
1.7174306
1.7152293
1.6641917
1.6780771
1.6892833
1.7409407
1.69699
1.7499745
1.768817
1.7116151
1.774928
1.78259
1.6358656
1.6577603
1.7381648
1.7837415
1.7571028
1.7695639
1.7414331
1.6871336
1.6969367
1.788606
1.8016142
1.70517
1.6691624
1.6459689
1.996803
1.7329274
1.7667525
1.9969965
1.6000832
1.75299
2.030908
1.7047905
1.6890311
1.7057251
2.0863411
1.6540556
1.8768725
1.8336053
1.9405574
1.7482057
1.756049
2.1238453
1.6984682
1.742981
1.671469
1.7332908
1.7550129
1.6741631
1.7082366
1.7453758
1.7647752
1.6782738
1.7113105
1.6618353
1.717673
1.7615494
1.7932492
1.6300185
1.6199616
1.6883457
1.7346622
1.7014288
1.6613712
1.614316
1.677299
1.7592304
1.7001618
1.6462475
1.7077723
1.7191725
1.6427083
1.71558
1.6154637
1.6684264
1.8168724
1.6694665
1.708024
1.6731048
1.7120203
1.6560652
1.6460035
1.6168516
1.6922436
1.6958206
1.6461147
1.680365
1.7163168
1.7418818
1.6922503
1.6219925
1.6697359
1.82761
1.6488851
1.653567
1.6187828
1.7538322
1.7983983
1.6390013
2.5710323
2.4408166
2.148073
2.4832828
2.4354365
2.188829
1.7081206
2.0134501
2.0880144
1.7514098
1.738333
1.9251457
2.017964
1.796742
1.7858683
1.8301437
1.7841105
1.9185658
1.6714708
1.7524159
1.9533625
1.8902116
1.7226433
1.743108
1.9449933
1.7679328
1.7671332
1.669807
1.692071
1.7393205
1.8225484
1.6313264
1.7701727
1.8392534
1.6713817
1.7414211
1.651544
1.7210679
1.7006167
1.8283718
1.789112
1.7627414
1.5982692
1.6549102
1.6791092
1.7366714
1.6047622
1.6786743
1.6661513
1.6647923
1.7199821
1.6082733
1.6026967
1.6645362
1.6648654
1.6705077
1.6088326
1.5986199
1.699041
1.6820672
1.7306217
1.628164
1.653852
1.6736846
1.6097827
1.6968043
1.6811855
1.7327087
1.5932897
1.6589457
1.6438515
1.6762173
1.702229
1.6575435
1.6787198
1.6669604
1.6968727
1.6790339
1.8463889
1.837427
1.7522082
1.7236007
1.8888495
1.8533982
1.7932637
1.8124746
1.7133446
1.8100978
1.7521182
1.6406323
1.7582011
1.7203165
1.7446738
1.6047105
1.8302995
1.6934427
1.7741694
1.7631748
1.7764395
1.6795812
1.6740383
1.624242
1.6584555
1.6685238
1.6573895
1.6348022
1.6112318
1.6657995
1.678854
1.6676798
1.7391366
1.7724844
1.6072952
1.6813363
1.6532936
1.6600045
1.673491
1.7652532
1.7297355
1.7135102
1.7065936
1.7091836
1.7230937
1.7848479
1.5954562
1.7353487
1.7380551
1.695171
1.6504905
1.6909395
1.603077
1.6944042
1.6740209
1.6393265
1.6541512
1.7610329
1.7447644
1.6149763
1.5963424
1.6700723
1.7938365
1.788077
1.7453648
1.6280802
1.8709606
1.9410301
1.6404183
1.663965
1.7054065
1.7658417
1.707122
1.8091846
1.7483277
1.5761948
1.7999501
1.6966915
1.7479566
1.6037387
1.6172602
1.595035
1.6568719
1.6169523
1.5980563
1.6809407
1.5908737
1.6587043
1.6328495
1.5664678
1.653448
1.6694385
1.666418
1.6290628
1.6436965
1.6384487
1.6253867
1.6141232
1.6614774
1.6147206
1.6747233
1.6938772
1.6122782
1.7151855
1.6511372
1.5791198
1.6454823
1.6356653
1.6903564
1.5934842
1.7303603
1.6464645
1.631423
1.6682342
1.7028065
1.7149013
1.7023418
1.6047457
1.5827836
1.5898874
1.6102947
1.6191032
1.6301109
1.6001873
1.6487303
1.6232066
1.6315273
1.5940078
1.8420217
1.6627569
1.6729735
1.7898245
1.7019138
1.6743567
1.7974043
1.7405673
1.7686106
1.8513511
1.726684
1.6483377
1.6496572
1.7106773
1.703401
1.6857036
1.6787783
1.6266618
1.7900519
1.6480978
1.7254318
1.7577695
1.668721
1.6212583
1.6699613
1.8170388
1.683567
1.7167909
1.6349607
1.7843752
1.7346857
1.6816325
1.5754732
1.6170934
1.7096156
1.6294783
1.6781677
1.6265985
1.5913286
1.6224198
1.7998095
1.6369894
1.576916
1.5827518
1.6367118
1.6437802
1.6702156
1.7059113
1.6564497
1.8209406
1.6243869
1.7107402
1.642964
1.755344
1.6453944
1.6102293
1.6687018
1.7080513
1.706921
1.7064507
1.672182
1.6356008
1.6164438
1.6062187
1.7157491
1.6241724
1.6697445
1.6608855
1.6024503
1.7519052
1.6928089
1.6650449
1.6764033
1.7255425
1.699442
1.7634586
1.6439346
1.6232505
1.7435975
1.6093588
1.59224
1.6047245
1.7110903
1.6583953
1.6681795
1.6397002
1.7315887
1.7297163
1.603495
1.6718887
1.5744053
1.5946753
1.6792521
1.6594253
1.7085118
1.651957
1.689886
1.6149387
1.6783738
1.630801
1.6940345
1.7143418
1.723571
1.8094577
1.675172
1.785587
1.6856247
1.6476388
2.0543885
1.7791592
1.6121095
1.6524906
1.8144523
1.7131572
1.6973709
1.6327982
1.7492748
1.8193302
1.7005628
1.6642628
1.8085626
1.6607581
1.6626337
1.7164205
1.6256095
1.6686592
1.6641883
1.6546094
1.6462687
1.6348379
1.8136712
1.6142162
1.628715
1.7701143
1.7233194
1.7521948
1.8714502
1.6043617
1.66479
1.8434695
1.9141713
1.6323
1.600154
1.6828642
1.8025175
1.6483011
1.6003686
1.6308911
1.7570055
1.6565235
1.6163453
1.740669
1.6094636
1.6400127
1.6035485
1.59609
1.6417892
1.609007
1.6020851
1.5685016
1.6416743
1.644536
1.7148927
1.574141
1.587199
1.6737105
1.6551487
1.6116823
1.6191623
1.6407218
1.6629411
1.634352
1.5745143
1.7037057
1.5892682
1.6397567
1.6643772
1.6446675
1.663649
1.5960917
1.661208
1.6516258
1.6297177
1.5844557
1.57987
1.6319873
1.5669376
1.7456734
1.579941
1.6886063
1.5882802
1.5767069
1.6205589
1.6081227
1.6400223
1.5907294
1.5859163
1.5837388
1.6215682
1.6287521
1.639855
1.6328515
1.6725104
1.6275238
1.636307
1.6288016
1.5948234
1.7112751
1.5904382
1.5891064
1.6530563
1.6056395
1.6413062
1.603508
1.636427
1.6040424
1.57683
1.6399326
1.5756356
1.5947948
1.6276995
1.6512805
1.6312528
1.6302427
1.6986271
1.549766
1.601052
1.6144524
1.6482393
1.728715
1.6293732
1.55623
1.6249453
1.8508523
1.6000654
1.637861
1.6683555
1.7270746
1.6553098
1.5976298
1.6756821
1.5709156
1.6615063
1.5645554
1.6095933
1.626528
1.605606
1.6080482
1.5823585
1.6255295
1.6000341
1.5951027
1.5865477
1.6013957
1.5997372
1.5894579
1.617626
1.738779
1.7854956
1.6157463
1.864653
1.9582173
1.5617414
1.7203397
1.7760957
1.7803267
1.6580708
1.8480127
1.7167925
1.7283068
1.611619
1.684479
1.6163917
1.5621328
1.6435515
1.721997
1.681997
1.6041102
1.8256989
1.672978
1.7230357
1.7927531
1.710179
1.6264725
1.6264113
1.7940401
1.6570348
1.7414672
1.6522182
1.5778925
1.6741095
1.7673411
1.6750786
1.6426368
1.6744198
1.5792292
1.8060782
1.6418757
1.6408672
1.678172
1.7304193
1.7569252
1.6628562
1.7020139
1.6967398
1.7383697
1.7088746
1.6712595
1.6423832
1.6667368
1.6192577
1.7007931
1.7159075
1.7051312
1.5987577
1.6737708
1.7848812
1.5629925
1.6097822
1.6587043
1.6416285
1.6419784
1.6560823
1.6714557
1.630097
1.6802236
1.6736362
1.6159747
1.7320231
1.7141798
1.759873
1.6333022
1.6991819
1.7609648
1.8928064
1.6639217
1.6052413
1.7103895
1.7073058
1.6062571
1.6376629
1.750985
1.5611365
1.5718374
1.6301266
1.6643074
1.665809
1.6651175
1.630097
1.64834
1.5829864
1.6721727
1.7269022
1.626552
1.5904201
1.9210905
1.6977727
1.6816512
1.6806552
1.686085
1.8089325
1.5675232
1.7378935
1.7687631
1.7075542
1.6268355
1.5966548
1.6484745
1.719426
1.587391
1.5989156
1.691355
1.6984004
1.5598878
1.5953702
1.5916841
1.6111095
1.6158785
1.6849357
1.6271852
1.5606622
1.6493466
1.5622052
1.5998958
1.5518107
1.5851502
1.7182149
1.5696353
1.83988
1.6265918
1.59221
1.613495
1.7004118
1.829747
1.5867496
1.6769543
1.8311342
1.715475
1.6420141
1.6821792
1.7621095
1.681631
1.8639921
1.5986693
1.6167878
1.6143082
1.7726655
1.6555885
1.6132205
1.5841529
1.6803275
1.6737995
1.7463427
1.6088723
1.5468602
1.5701677
1.6028646
1.622842
1.6977254
1.601254
1.7755892
1.6144257
1.626303
1.6997328
1.7822895
1.5494275
1.6667651
1.6852758
1.7506266
1.713765
1.5801222
1.6782153
1.7431587
1.720179
1.5639994
1.6606333
1.794807
1.6511208
1.5872447
1.8220192
1.9302276
1.6852115
1.5909101
1.62568
1.7883992
1.5712732
1.5989093
1.605325
1.6948377
1.6048316
1.7101502
1.5945628
1.6753027
1.6459006
1.5964222
1.6697991
1.5924667
1.839792
1.5881395
1.634016
1.584235
1.7614613
1.6601504
1.6821325
1.5738106
1.6459987
1.6468
1.745846
1.555297
1.6596104
1.7274426
1.691756
1.6047719
1.6338568
1.6001755
1.6151402
1.744867
1.5745615
1.5972297
1.6765128
1.7589473
1.640017
1.6543777
1.7147835
1.6999176
1.5819247
1.7205647
1.5704664
1.6183898
1.5671996
1.607848
1.6033765
1.6579502
1.6460118
1.5683014
1.5842497
1.634341
1.6412348
1.6596857
1.5990736
1.6509231
1.5772339
1.6961606
1.5842967
1.6965033
1.6632645
1.5957495
1.6037606
1.6404786
1.7792714
1.6467906
1.5855719
1.6713468
1.7436665
1.7113917
1.675974
1.6124477
1.6754218
1.7087842
1.6119685
1.6984926
1.6956584
1.6462471
1.6626984
1.6620163
1.7028502
1.6144857
1.7090788
1.6687984
1.7771329
1.6217922
1.6523805
1.7076043
1.8246472
1.575026
1.6445067
1.6733874
1.7521822
1.6696671
1.557455
1.6682907
1.7395805
1.7189103
1.6460849
1.598333
1.6104825
1.561574
1.5669653
1.6207035
1.6355706
1.6822407
1.5879787
1.6241572
1.6271144
1.7104956
1.6037136
1.612242
1.6703027
1.6136725
1.6341395
1.7018099
1.638724
1.5493168
1.6289654
1.5853167
1.5975881
1.567935
1.6251414
1.5825454
1.5951929
1.5594695
1.6163545
1.5761526
1.6660925
1.5992113
1.6720238
1.7115525
1.6984955
1.5706339
1.6367637
1.6759255
1.7016078
1.5994878
1.745142
1.8057775
1.7539752
1.586083
1.8078016
1.885936
1.5783658
1.5829995
1.6623845
1.718023
1.7736115
1.6378897
1.6709481
1.8191516
1.7694635
1.7002617
1.6151394
1.7225815
1.6114676
1.681563
1.7621002
1.6778557
1.6799799
1.580516
1.6530725
1.6076058
1.5946532
1.5967349
1.6693457
1.5701613
1.615361
1.625032
1.7081574
1.55761
1.5706936
1.6417775
1.7555783
1.6789422
1.5479653
1.7724212
1.6132979
1.5834112
1.608845
1.5920303
1.7733569
1.7703562
1.7096076
1.5708387
1.783619
1.652126
1.6188537
1.6280388
1.5929213
1.6159729
1.7767768
1.7038251
1.6210835
1.5535792
1.6059813
1.663363
1.6424732
1.6571125
1.5629925
1.7551028
1.6592895
1.6458728
1.6099737
1.69851
1.550809
1.6112391
1.5912752
1.5989085
1.598233
1.5778413
1.611192
1.5542586
1.6014135
1.619193
1.5903224
1.6073625
1.6717128
1.7181058
1.9786472
1.7059674
1.8330415
1.6713766
1.9418075
2.1585758
1.6128418
1.6507097
1.8179023
1.7535187
1.5728267
1.6272618
1.7623694
1.6564097
1.6010034
1.8208935
1.6565533
1.7384542
1.6232142
1.6375865
1.6411935
1.5759118
1.6332341
1.7086629
1.6133428
1.5592728
1.6152178
1.6273879
1.7019584
1.6548041
1.628841
1.6020788
1.6330905
1.7105417
1.6871247
1.5697329
1.6372546
1.5932447
1.7606478
1.6032996
1.6719724
1.6473536
1.6572534
1.6181391
1.6792368
1.5983458
1.6864347
1.6363211
1.5681465
1.652919
1.7684785
1.6183412
1.5811515
1.5710615
1.5670314
1.6721017
1.6864222
1.5957698
1.5808744
1.6162684
1.857032
1.5637755
1.6814815
1.6352979
1.611648
1.591215
1.5719342
1.605503
1.647088
1.6052158
1.5752567
1.567882
1.6401621
1.6927527
1.5604163
1.6174328
1.6922616
1.606836
1.5926718
1.5814643
1.5799129
1.6116557
1.6546793
1.6181967
1.5905232
1.5452977
1.6682355
1.6194452
1.6052717
1.604326
1.5816424
1.7117791
1.55901
1.5463483
1.5901195
1.6866883
1.630967
1.7096872
1.6519624
1.6388772
1.6435055
1.6540174
1.5941112
1.5936977
1.585851
1.5727973
1.5483867
1.5628839
1.6021844
1.6093521
1.7835093
1.6593758
1.589632
1.665789
1.7086567
1.587666
1.5526903
1.6068215
1.5945911
1.7564232
1.6752839
1.5625578
1.6617075
1.7200352
1.5637457
1.5425317
1.631867
1.7085065
1.6380873
1.6205798
1.7316072
1.8092247
1.6741952
1.6202352
1.6673585
1.6811458
1.705114
1.5794133
1.6493738
1.720345
1.567049
1.5628493
1.6611308
1.626924
1.7338897
1.5911561
1.5879183
1.5534873
1.6613014
1.5948399
1.5683717
1.6593219
1.5557187
1.6760392
1.6012672
1.6273382
1.5917482
1.623175
1.6550149
1.6256769
1.5826031
1.6099737
1.632277
1.6446239
1.6156735
1.5767891
1.618935
1.5774511
1.6468138
1.783977
1.58517
1.6443964
1.5879565
1.7497318
1.5924509
1.5795016
1.5755072
1.5660998
1.5960473
1.6168967
1.5975207
1.6919694
1.6338912
1.6306826
1.5737615
1.7220312
1.7036777
1.6074237
1.8054394
1.6537768
1.724828
1.5812424
1.7411216
1.746047
1.68331
1.547565
1.604875
1.7807924
1.5879687
1.5449717
1.5806516
1.6297188
1.6379952
1.6168103
1.6306185
1.6587052
1.6415367
1.6138997
1.5800788
1.557269
1.6839725
1.7102141
1.5710002
1.5863551
1.6030087
1.5810603
1.6512468
1.6167753
1.594931
1.7113317
1.5888437
1.6120635
1.7778214
1.6556457
1.5762062
1.8319153
1.7102246
1.59242
1.595594
1.5655192
1.6850468
1.7403868
1.5840795
1.6518528
1.5740275
1.6051067
1.6317037
1.6341122
1.5939237
1.7161438
1.555192
1.6470977
1.5884087
1.5653725
1.5437518
1.5709997
1.6267785
1.6351546
1.5851794
1.6326863
1.6210735
1.6834468
1.6510996
1.5837772
1.6449513
1.7313784
1.602248
1.8169827
1.571823
1.7402241
1.6115781
1.5716072
1.6055019
1.6498858
1.5818852
1.580574
1.6122088
1.6082412
1.5735563
1.5594708
1.5363215
1.6339775
1.5944166
1.6100684
1.5954057
1.5634388
1.550433
1.647106
1.6985853
1.5585595
1.64149
1.6136576
1.6500711
1.6348735
1.5567843
1.570231
1.647103
1.612814
1.6257253
1.6003207
1.6241666
1.7559247
1.6017412
1.6898137
1.5700246
1.6344383
1.5781792
1.6101755
1.65123
1.6987803
1.5737662
1.6183808
1.6057166
1.6116197
