26.78634
26.854443
26.227316
25.851744
26.899282
25.872679
25.652632
25.87899
26.505129
25.816175
26.15728
26.249767
26.059368
26.280575
26.590744
25.268627
26.162188
25.966547
25.806004
26.101334
25.707844
25.880362
25.711187
24.994478
25.992273
25.604174
25.135693
26.04232
25.276405
25.56164
26.046276
25.789516
25.357174
25.332056
25.052633
25.668524
25.35561
25.087372
25.148142
25.64524
25.222376
24.992476
24.851364
24.969475
25.025784
24.889816
24.28859
25.560034
25.57259
24.727356
24.345638
24.73968
23.999104
24.3398
23.965715
24.614134
24.171335
24.47966
24.004976
23.701475
23.449965
23.411762
23.509232
23.446203
23.147871
23.193726
23.66272
23.41843
23.087389
23.185804
22.518793
23.138313
22.403368
22.718168
22.890768
22.567371
22.06981
22.346899
21.341642
21.433256
21.398956
21.075056
21.441097
21.038832
20.527723
19.926147
19.774845
20.110313
19.556608
18.777056
18.357239
18.000355
17.687061
17.717428
17.599792
17.529709
17.399952
17.484741
17.880177
16.94052
16.876093
17.069
17.078781
16.82084
17.257298
17.21726
16.934263
17.314692
17.391104
16.943727
16.482513
16.311825
16.808908
16.387737
16.069513
15.798284
16.45552
15.698768
16.1534
16.908367
16.544157
15.55933
16.245459
14.84236
16.017214
15.94584
16.398039
15.404836
15.811942
15.604856
15.59462
15.702514
15.268812
15.145749
15.490813
15.369788
15.913416
15.174825
15.136854
14.990407
14.941457
14.940276
14.746872
15.459296
14.562515
14.639855
14.7933
14.832861
14.641362
14.602408
14.485502
14.484568
14.119318
14.427665
14.273491
13.758244
13.633239
14.164345
13.592214
14.016958
13.872742
13.899541
13.969331
13.33117
13.745151
13.287608
13.586346
13.16539
12.83181
13.277466
13.107044
12.927136
12.308822
13.112661
12.443546
12.955402
13.129308
13.087256
12.522686
12.198296
12.965583
12.430766
12.403142
11.628595
12.308133
12.413955
12.534578
12.68195
12.192837
12.898964
12.39905
12.232514
12.415158
11.456891
11.780374
11.935762
12.085656
12.275041
12.094651
12.125777
11.878386
11.82183
12.167038
11.04766
11.59278
12.143635
11.945487
12.086611
11.70127
12.119307
11.662051
11.605599
11.880314
12.110146
11.67218
11.616797
11.427199
11.85283
11.561204
11.513849
11.919603
11.9016695
11.610022
11.38631
11.882711
11.82414
11.382064
11.774374
10.808854
11.473682
12.072606
11.030936
11.126342
10.672405
12.15311
11.803378
11.201284
11.457812
11.38431
11.104626
10.539381
11.04094
11.329754
11.399046
10.988903
10.506496
11.243457
11.25721
10.586741
10.812708
10.743137
11.112709
10.75283
11.154618
11.101614
10.233998
11.096809
10.926035
10.6794195
11.004297
10.613231
10.406753
11.28646
11.1151905
11.133628
10.41265
11.07962
11.298155
10.820804
10.619957
10.881902
10.704368
10.217328
10.658932
10.631406
10.843073
10.581128
10.902659
11.009446
11.134206
10.690432
10.663814
10.087816
10.245574
10.481827
10.611656
10.480903
10.388462
10.191951
11.022366
10.45873
10.736164
10.478432
10.496847
10.518338
10.688163
9.833706
10.525388
10.597382
10.438212
10.361194
10.008646
10.28714
9.8876295
10.156565
10.458532
10.517094
10.788032
10.11711
10.354126
10.379091
10.334844
9.829822
10.219341
10.290189
9.88754
9.981872
10.149658
10.178434
10.268414
10.155327
10.152676
9.608346
9.875069
10.4799795
9.904682
9.942018
9.982067
9.813724
10.033678
9.809483
10.080236
10.15197
10.1658
10.441631
9.83411
9.694305
9.516508
9.98687
9.056902
9.6997795
9.763989
9.77405
9.24985
9.198349
9.998956
9.302295
9.495606
9.292484
9.397853
9.612561
9.2285385
9.64092
9.529828
9.624861
9.056992
9.51462
9.416092
9.60408
9.29219
9.106822
9.705545
9.427169
9.273096
9.334154
9.376571
9.348464
9.435864
9.098932
9.265323
9.385635
9.067672
8.959171
9.164707
9.18845
8.978451
9.609813
9.246662
9.167916
9.079888
9.219833
9.220538
8.901274
9.033462
8.913457
9.140814
9.156513
8.869072
8.90274
8.71313
8.708061
8.819607
8.87821
9.034727
8.977722
8.6200695
9.060136
8.860714
9.109124
9.270813
9.00628
8.798534
9.19895
8.796298
9.0799
8.802156
9.362846
8.722987
9.254698
9.190545
9.036774
8.365679
8.911582
8.732842
8.624006
8.96232
8.394877
8.700516
8.825753
9.074474
8.388008
8.3648
8.585792
8.667635
8.54664
8.731396
8.788386
8.270004
8.126722
8.55743
8.3395405
8.670947
8.335296
8.499272
8.827487
8.349473
8.600306
8.4786
8.786593
8.650984
9.10859
8.810846
8.441592
8.65652
8.293811
8.344081
7.698882
8.799923
8.197366
8.364997
8.370757
8.454831
8.383341
8.364218
8.380713
8.379804
8.467406
8.484128
8.196477
8.746818
8.749832
8.713742
8.327431
8.293677
8.314279
8.324222
8.094241
8.739495
8.634682
7.831711
8.263964
8.29172
8.355671
8.213953
8.103902
8.552508
8.067955
7.930068
8.205708
8.168717
7.9964933
8.165911
8.184746
8.042296
8.134341
8.435954
8.179477
7.727546
8.50077
8.137542
7.7312756
8.27399
8.005299
8.097512
7.95588
8.473218
7.979294
8.099968
8.087326
8.245145
8.416236
8.166969
7.7366233
7.91988
8.109006
8.033658
7.8558974
8.060134
7.876823
8.4274
8.2441025
8.101425
8.290596
7.856193
8.108108
7.613634
7.7844496
7.583716
8.055476
8.027903
7.9881363
7.397471
8.284108
7.716056
8.068529
8.058493
7.950428
8.125592
7.858842
7.9779363
7.6095037
7.772746
7.9658074
8.000441
7.6755466
7.558426
7.793842
7.375122
7.316004
8.030753
7.7018514
7.3938417
7.689196
7.839598
8.178876
7.927804
7.793068
8.072076
7.964474
7.662973
7.773649
7.973579
7.890199
7.642587
7.7979198
7.513429
7.303865
7.461429
7.428489
7.472928
7.682842
7.5627184
7.685414
7.387124
7.673209
7.521228
7.5172
7.2755966
7.5730524
8.060327
7.7021637
7.468583
7.6203003
7.5726624
7.60449
7.125871
7.525462
7.60081
7.61756
7.394157
7.6356325
7.3109045
7.235069
7.496966
7.371632
7.136603
7.783581
7.353696
7.343149
7.361779
7.2074103
7.3208256
7.785178
7.351751
7.292477
7.585527
7.4720125
7.5293894
7.3434367
7.2615623
6.941374
7.730368
7.0854607
7.035191
7.2365947
7.106884
7.2058287
6.8222075
7.380782
7.0818906
7.015057
7.336141
6.9668756
7.256327
7.364925
7.261067
7.1757936
7.4656053
7.579377
7.1903
7.035093
7.142653
7.383142
7.413695
6.861496
7.247303
7.5178013
6.7236924
6.924704
7.439093
6.865026
7.310585
6.972519
7.2581406
6.8933578
7.002471
7.1823373
6.951901
6.855151
7.0887794
6.919166
7.0997376
7.2266893
7.221398
7.1484747
6.799151
7.092239
7.348717
7.280189
7.154521
6.7153
6.745242
7.218512
7.0399356
7.8298893
6.629943
6.9134946
7.062474
7.1033473
6.783474
6.7214484
6.674373
7.043172
6.849063
7.131043
7.06328
7.185612
6.9833293
7.247822
7.1229205
7.362076
6.913262
7.116394
6.720169
7.0320826
6.973316
6.8818088
6.8098216
6.335088
6.780809
6.582996
6.370135
7.1456294
6.491194
6.8946285
6.865479
6.5474668
6.6509557
6.7816043
6.740785
6.993177
7.038733
7.124361
7.3660407
7.2721367
6.9194145
6.703665
6.6314
6.804742
6.9089985
6.817172
7.0763645
6.527391
6.631261
6.801507
6.650567
6.546087
6.669068
6.820407
6.724043
6.4694242
6.787659
6.941369
6.4771705
6.344387
6.555573
6.243698
6.620636
6.3449545
6.679091
6.362297
6.824742
6.544317
6.3986545
6.560927
6.084308
6.786644
6.059368
6.2160416
6.2945585
6.140238
6.1266255
6.517894
6.43566
6.330043
6.356873
6.2392297
6.66168
6.355897
6.4436555
6.4318023
6.597512
6.448317
6.5269513
6.492672
6.59472
6.1213264
6.6932225
6.6695347
6.098575
6.29805
6.1833115
6.1564274
6.547766
6.6427193
6.507963
6.56557
6.515959
6.534615
6.373982
6.426843
6.3711877
6.2709994
6.2780943
6.296618
6.1507125
5.9851284
6.313345
5.777986
5.9357
6.0794806
5.821365
5.935641
6.132265
6.478953
6.7949395
6.6080866
6.464115
6.185932
5.748349
6.314872
6.0753646
6.365489
5.8111196
6.039271
6.033086
6.356167
6.134214
6.2467127
6.119597
6.203462
6.304056
6.0390654
5.721345
5.6895633
6.0393434
5.450262
6.049033
5.996773
5.7018895
6.044946
5.872747
5.650405
5.873163
6.045004
5.641112
5.635336
6.093436
5.621775
5.630308
6.0434604
5.784824
5.824402
5.9658175
6.195838
5.857424
6.188373
5.604381
5.880657
6.086486
6.087461
6.2522774
6.14656
6.1700664
5.6022997
6.010771
6.061038
5.9658046
5.559886
6.082495
5.9454374
5.7834425
5.8621407
5.691492
5.921357
5.799143
6.033227
5.608297
6.009878
5.736943
5.790795
5.9880548
5.891391
6.1887603
5.7396483
5.645091
5.334333
5.52096
5.561859
5.473131
5.42248
5.5555167
5.529893
5.756974
5.631846
5.7688956
5.8377423
5.662048
5.635755
5.203917
5.1290855
5.457951
5.256631
5.387792
5.346345
5.462301
5.3520403
5.68411
5.4897017
5.5953283
5.4798903
6.099594
5.7655954
5.566617
5.215309
5.52162
5.123075
5.064273
5.274236
5.231278
5.3922944
5.522061
5.0624886
5.483932
5.3801565
5.752363
5.429562
5.498116
5.450377
5.588544
5.457291
4.9608855
5.275179
5.221968
5.388336
5.13038
4.979105
5.430537
5.416296
4.973169
5.649889
5.311081
5.334475
5.19115
5.285686
5.0331864
5.027417
5.130376
5.042423
5.0113
5.3587813
5.011889
5.1807466
5.1820846
5.368382
4.7771235
4.802603
5.35743
5.034651
5.127707
4.9755597
5.0334244
5.389829
4.8887415
5.009967
4.6800957
5.047302
4.973478
4.8780084
5.236506
5.162659
5.4347887
5.1098986
5.010446
4.979809
5.040678
4.8931556
4.769354
4.529644
4.863305
4.684805
4.5577083
5.0185676
4.995716
4.648926
4.809914
5.075675
5.072354
4.971705
4.878036
5.05688
5.078643
4.9190173
5.085975
4.902855
4.828135
5.0590944
4.688065
4.465774
4.679485
4.8044534
4.864057
4.9928203
4.833221
4.969175
4.819447
4.6558466
4.444125
4.8138103
4.5055814
4.2165666
4.5550747
4.6191545
4.444725
4.414163
4.5969744
4.363474
4.603319
4.6110897
4.645328
4.618943
4.4746943
4.52268
4.6487284
4.540736
4.242122
4.612713
4.3181868
4.0224595
4.5088296
4.571763
4.429129
4.53123
4.626947
4.509528
4.578684
4.589946
4.320706
4.424148
4.344222
4.505303
4.3896537
4.31972
4.422491
4.3188944
4.365426
4.520389
4.541843
4.557438
4.627034
4.364666
4.514606
4.640021
4.146002
4.117233
4.1354623
4.0492396
4.4530754
4.318453
4.242205
4.362433
4.302441
4.396321
4.319006
4.581464
4.4060335
4.332361
4.126632
4.11909
4.178029
4.387134
4.416076
4.1921606
4.430921
4.5450478
4.0105233
3.9657054
4.3244767
4.151463
4.075114
4.1248593
4.138998
4.120969
4.4247108
4.2366405
4.1139483
4.1459503
4.0613675
4.146672
4.158906
4.1903286
4.1000295
4.205218
4.5031285
4.255755
4.1949196
4.4618716
4.03974
4.1023397
3.997073
3.89232
4.269683
4.1289706
3.804086
4.1437488
4.227859
4.2063937
4.299102
4.195114
4.1897554
4.464264
4.240974
4.470254
4.27553
3.9232256
3.9994004
4.2194324
4.341939
4.239064
4.176048
4.1056366
4.2139874
4.4763007
3.9565833
4.239079
4.398681
4.0399437
3.94132
3.978749
4.069665
4.3111277
4.0410295
4.374032
4.0329394
4.369628
4.4405527
4.139806
4.470206
4.254603
3.9605205
3.9675252
3.941182
4.278841
3.7091086
3.8882325
4.061906
4.0542464
4.197785
4.147316
4.134116
3.91169
4.100038
4.0962367
3.932307
3.960276
3.8823533
3.8239286
3.9534247
3.7678654
3.8680148
3.5933197
3.728119
4.0879
3.790423
3.7269754
4.005329
3.922806
3.6686957
3.9584281
3.8423817
4.0060024
3.8290012
3.7191489
3.6959443
3.8232255
3.717323
3.723171
3.790044
3.7088637
3.803955
3.7899115
4.31173
4.1083145
3.672509
4.080728
3.785262
3.9855554
3.7345698
4.004558
3.869114
3.5253043
3.7094998
3.7525558
3.7541435
3.750847
3.5958865
3.5818925
3.8065805
3.818703
3.6883287
3.9693906
3.7457297
3.7628942
3.9989285
3.6715963
3.5936763
3.619125
3.7808158
3.8020198
3.8043983
3.4150176
3.6152146
3.5966356
3.8412232
3.5869792
3.7383952
3.8906465
3.9576552
3.7381566
3.9939256
3.8524725
3.8213115
4.0536804
3.7758439
3.968344
3.6314707
3.7440279
3.6566665
3.6743076
3.735718
3.735064
3.673309
3.7862246
3.727704
3.651346
3.6672585
3.811339
3.8133397
3.852814
3.770194
3.6573014
3.6776645
3.6866314
3.5975225
3.7973576
3.8787553
3.9801347
3.8960907
3.7171469
3.7121747
3.836519
3.734584
3.723388
3.6584954
3.70282
3.8822863
3.6714118
3.6334422
3.5664744
3.743834
3.7306223
3.580573
3.6976295
3.7179182
3.6917799
3.6095774
3.7170765
3.6699004
3.5975907
3.7621107
3.3424132
3.9053915
3.997902
3.6987517
3.6992686
3.9438477
3.864053
3.763188
3.8072975
3.779421
3.6237776
3.5315106
3.550079
3.6789973
3.6044714
3.3094754
3.7082493
3.5194514
3.7458506
3.5524905
3.678765
3.4632585
3.7440076
3.5715399
3.5876913
3.4299695
3.734303
3.821163
3.5768366
3.417152
3.5415714
3.7015507
3.4048104
3.6336927
3.8088405
3.7291062
3.4977884
3.8030684
3.656636
3.713716
3.606225
3.625136
3.6566656
3.7185774
3.5699933
3.261089
3.1909015
3.5838735
3.6048748
3.3621285
3.7468889
3.3236785
3.6276565
3.6204762
3.474101
3.6137383
3.5165875
3.293032
3.3178287
3.3879435
3.174417
3.4401135
3.5212195
3.4337475
3.838678
3.6022065
3.4880347
3.397758
3.4208221
3.447846
3.38513
3.4999743
3.5605786
3.580734
3.1593256
3.376157
3.3009765
3.3771775
3.3869398
3.5332692
3.424583
3.4498541
3.4673984
3.6384628
3.403841
3.6727164
3.559671
3.4228175
3.642485
3.2892992
3.3765824
3.4206192
3.335077
3.404871
3.4516685
3.3452382
3.4589937
3.6477616
3.160628
3.402134
3.492035
3.4427886
3.3106585
3.4790056
3.0694056
3.4087205
3.1608412
3.1044729
3.1132462
3.1550474
3.2044175
3.199003
3.3313851
3.2865796
3.399758
3.4100287
3.3723989
3.6020815
3.4086971
3.473477
3.6687114
3.4778292
3.5576413
3.400073
3.217445
3.7018046
3.3903804
3.1618178
3.420461
3.355626
3.351237
3.3788726
3.5988607
3.454003
3.3100648
3.3461025
3.4269714
3.2270274
3.4187481
3.3449736
3.3055365
3.1349654
3.2773216
3.3147385
3.4488318
3.3438864
3.361878
3.261292
3.131762
3.1972995
3.314498
3.5937834
3.2508974
3.230764
3.1285758
3.3792114
3.1899683
3.2201664
3.173514
3.2497125
3.1355424
3.185244
3.1889281
3.336194
3.3683524
2.9723969
3.123878
3.3133936
3.386693
3.224058
3.276142
3.3088083
3.457618
3.088037
3.3058772
3.3393695
3.2223644
3.5200956
3.0823884
3.1738894
3.3922794
2.9727283
3.0344994
3.0026958
3.1934016
3.2281277
3.234163
3.4982834
3.114467
3.406482
3.1455865
3.2834532
3.2558453
3.4677374
3.4386106
3.2867477
3.2397118
3.1782355
3.237217
3.231768
3.316188
3.0010147
3.2393904
3.57565
3.110397
3.295639
3.1750286
3.310011
3.2515187
3.207326
3.1909573
3.1179392
3.468428
3.1666963
3.1430943
3.204453
2.9591784
3.071503
2.988955
3.04199
2.9909415
2.9873362
3.1873293
3.1017084
3.1244397
3.284904
2.9648938
3.1833916
3.3008466
3.028747
3.328588
3.2336855
3.0514433
3.0474324
3.0743937
2.918178
3.1938696
3.0718825
3.1686118
3.1023388
3.0944216
3.1175954
3.1564715
3.064641
3.290071
3.121001
3.2797751
3.104472
3.032509
3.2880666
3.114341
3.084175
2.9196243
2.934311
2.980098
2.9260302
2.9646192
3.062588
2.9707398
3.00542
3.3167214
3.2577038
3.281229
3.45849
3.3526163
3.0522647
2.869592
3.2227168
3.0813978
3.0364406
2.9078765
3.012804
2.9828362
2.9611006
2.9123275
2.991104
2.9763393
3.0914526
2.823876
3.140932
3.2718792
3.0372462
2.935491
3.0776784
3.073528
3.0677114
3.182295
3.1514547
3.068184
3.106083
3.3035085
3.1247559
2.9694023
3.0789795
2.84552
3.151807
3.063112
3.2569735
2.88939
3.0611358
2.88633
3.1121006
3.3832815
2.9178803
2.9484625
3.0143614
3.10779
3.0541148
2.8623536
2.993493
2.8318973
3.267021
2.8159194
2.791898
2.9409938
2.905397
2.9005146
3.0851517
2.9718754
3.014705
3.1461217
3.2747018
3.0631325
3.1248345
2.9985728
3.1263196
2.888892
2.898695
3.0377152
3.0745041
2.9898734
3.1177235
2.9965444
3.087585
3.2948496
3.1385627
2.8520975
3.0902827
2.843361
3.1379907
2.9646227
2.838903
3.1748037
3.0568025
2.8429556
3.154704
2.8955421
2.982113
3.1553454
2.9973304
3.3065364
2.9576776
2.9975314
2.9353404
2.9797387
2.8531175
2.894038
3.0585864
2.8653045
2.722806
3.008585
2.8622627
2.9887109
2.790401
3.1954734
2.9184828
2.9512706
2.703739
3.158472
2.7420595
3.0667124
2.8833566
2.9390702
2.8405118
3.2970622
2.8602176
3.100924
3.0398443
2.8126552
3.313871
2.8970244
2.990146
2.89301
2.9688284
2.782881
2.7292113
2.85895
3.0155413
2.7702177
2.7866378
2.8652484
2.840645
2.886059
2.9768212
3.0464683
3.2505255
2.9848998
3.1451764
2.8369899
2.988352
3.1123552
2.8485837
2.9446006
2.8251097
2.8590212
3.1054006
3.0628347
2.9415224
2.850587
3.2770889
2.8664505
2.91491
2.7334094
2.752204
2.854556
2.9558318
2.8285244
2.63075
2.728758
2.8406806
2.7593653
2.7885978
2.859135
2.6303632
2.85619
2.859679
2.986588
2.778046
2.97281
2.8099284
2.7534347
2.8781943
2.6205804
3.0295115
2.958616
2.7058816
2.7547574
2.6904862
2.6784275
2.563963
2.5332446
2.6824617
2.6108794
2.678187
2.791355
2.9646165
2.831431
2.7551935
2.9731228
2.9093003
3.0069897
2.8428519
2.9508455
2.9295332
2.7962465
2.829655
2.7612367
2.8483815
2.7400763
2.8600593
2.5007253
2.825321
2.646949
2.924424
2.669404
2.8135707
2.978714
2.6730044
2.7016096
2.8326666
2.864902
2.9627771
2.8144407
2.7905927
2.9806397
2.7757604
2.8781848
2.778935
2.9592736
2.622926
2.5794935
2.5216439
2.6578925
2.583477
2.6577976
2.5874825
2.6808
3.0329242
2.7652433
2.7947655
2.7680464
3.0415375
2.8777595
2.746484
2.8267765
2.9568214
2.9716015
2.8075995
2.743964
3.0646513
2.759049
2.8603294
2.8419354
2.8536844
2.674028
2.7886808
2.7067475
2.90951
2.803337
2.664222
2.8584104
2.8013115
2.768512
2.6354082
2.883394
2.7514505
2.7870882
2.6479065
2.7097466
2.7319145
2.838719
2.7968986
2.9292624
2.7689314
2.6649158
2.6134298
2.7692919
2.874799
2.6392455
2.606621
2.4774995
2.8652678
2.7485056
2.8022075
2.7138956
2.7099874
2.888398
2.712555
2.944294
2.659243
2.7351043
2.7941835
2.8747425
2.9087727
2.614601
2.4743702
2.7856963
2.7931006
2.8436172
2.9421864
2.621073
3.0311685
2.5103116
2.621071
2.48946
2.5913281
2.547402
2.5178418
2.5597386
2.6474721
2.7319503
2.7917254
2.7336586
2.702469
2.8869488
2.49189
2.779294
2.8230026
2.664973
2.8019571
2.6965756
2.7448785
2.8359349
2.8396208
2.8550193
2.7871344
2.7655
2.8613806
2.727652
2.570591
2.7409437
2.8130546
2.5843854
2.9042795
2.7136235
2.6151555
2.636073
3.180625
2.8355591
2.5980537
2.762705
2.8856144
2.7504115
2.9197445
2.8677106
2.610594
2.598098
2.7088022
2.590982
2.5394456
2.6072576
2.6944559
2.4891245
2.4236035
2.919934
2.983401
2.743439
2.7328866
2.768624
2.500276
2.7471638
2.899102
2.7821388
2.783948
2.718072
2.657232
2.6216686
2.7775946
2.555889
2.5914335
2.653366
2.7601297
2.8822684
2.802181
2.5860312
2.8140528
2.6274443
2.583634
2.7545197
2.4767635
2.7085612
2.6416695
2.62292
2.731607
2.7587085
2.82035
2.7819657
2.6161807
2.909066
2.500501
2.6443117
2.6020796
2.693934
2.5024285
2.5339098
2.5841665
2.5293288
2.6937585
2.617006
2.3611345
2.5471275
2.5775394
2.736247
2.548451
2.632659
2.6649845
2.6409445
2.8639371
2.5044506
2.6983924
2.657552
2.7160997
2.7519045
2.6398573
2.6971567
2.6076052
2.674782
2.7793047
2.6126635
2.8681912
2.6969564
2.8761716
2.5320318
2.5588675
2.5742598
2.5579286
2.7514992
2.66739
2.6591642
2.702764
2.552725
2.5971935
2.65163
2.7137341
2.5454814
2.6942117
2.6482484
2.8036244
2.6439588
2.737735
2.526225
2.434418
2.562704
2.5276139
2.6426535
2.4495726
2.5207274
2.617375
2.563451
2.474959
2.4165885
2.3320036
2.5586033
2.5527399
2.5467873
2.695457
2.4800699
2.55488
2.6269884
2.731007
2.7275076
2.6030025
2.5749075
2.7329621
2.67176
2.373515
2.5338166
2.472021
2.656233
2.6935892
2.7461505
2.567746
2.599575
2.591957
2.651882
2.743227
2.6254907
2.7614167
2.7293792
2.7677147
2.5571444
2.6358645
2.522654
2.5198612
2.530583
2.5843964
2.6446426
2.523884
2.5592737
2.729623
2.4797094
2.7952065
2.8784285
2.6224308
2.4898174
2.520509
2.815442
2.6820312
2.447718
2.5720575
2.457992
2.5115306
2.625746
2.7067595
2.7193108
2.5480585
2.5810425
2.7876909
2.6281426
2.6436267
2.7118933
2.7660892
2.709331
2.6028893
2.5709374
2.7045138
2.641092
2.7686195
2.646325
2.5476544
2.6389945
2.554835
2.703842
2.6951156
2.7109604
2.5085626
2.5212865
2.408674
2.5345976
2.4219198
2.5684023
2.5705678
2.5496566
2.5085447
2.668673
2.8070602
2.5867813
2.731459
2.730122
2.6719587
2.60201
2.3624878
2.4115622
2.4880145
2.489736
2.4213138
2.448876
2.3884702
2.477529
2.37588
2.708303
2.709504
2.467583
2.633964
2.569931
2.6074204
2.4247172
2.574416
2.451737
2.480721
2.528237
2.5310144
2.5999966
2.590729
2.5171208
2.5243711
2.721029
2.5342553
2.6552181
2.536125
2.6594503
2.575918
2.6776314
2.6459713
2.3767228
2.6920478
2.4052145
2.5967646
2.4267526
2.59997
2.617663
2.572083
2.51225
2.574302
2.4969616
2.4724734
2.5088513
2.6749635
2.6512766
2.6066525
2.590768
2.509595
2.6096702
2.4680853
2.5384874
2.6039088
2.7434554
2.6328316
2.6538603
2.605852
2.5526764
2.555472
2.4503703
2.3198512
2.4501884
2.4057212
2.3828394
2.5024571
2.524578
2.4698484
2.3767793
2.471258
2.285117
2.507103
2.5817015
2.5065274
2.497408
2.4232066
2.4664326
2.6098256
2.659063
2.611615
2.4518802
2.3983324
2.702378
3.0022871
2.65395
2.4425504
2.5087
2.5930605
2.6955652
2.4640946
2.4456384
2.2379491
2.341131
2.393746
2.4798114
2.6066043
2.5276096
2.6958582
2.26423
2.4311213
2.5954962
2.6401887
2.3835325
2.6586363
2.512358
2.626415
2.411682
2.5346665
2.4124596
2.605923
2.6239498
2.5930903
2.4467843
2.5303879
2.5088885
2.5350885
2.5051458
2.5310636
2.6478906
2.39382
2.3835673
2.387135
2.4444742
2.367155
2.6985195
2.5972188
2.3708937
2.5514967
2.3138826
2.4640713
2.542489
2.384519
2.2921453
2.5052936
2.5251043
2.4654057
2.3919578
2.4744565
2.394383
2.476947
2.523931
2.585804
2.5762665
2.5786865
2.5068443
2.469033
2.4435422
2.6842895
2.4695165
2.3670835
2.4955323
2.5687964
2.285498
2.559884
2.53624
2.5690856
2.5295777
2.5152323
2.6685948
2.3973107
2.4927013
2.4863153
2.5074706
2.596218
2.346828
2.3526685
2.7042181
2.465882
2.4727557
2.6211884
2.6508057
2.711932
2.4404595
2.687709
2.4219465
2.31195
2.391205
2.554471
2.251893
2.449624
2.3868804
2.4344165
2.3147495
2.4402835
2.3368373
2.3522735
2.544173
2.3988729
2.479028
2.6669676
2.5224552
2.6454732
2.5987828
2.6212275
2.374821
2.480945
2.3372974
2.528807
2.6109726
2.5273466
2.342748
2.281567
2.2719243
2.4334254
2.3450356
2.420494
2.460977
2.2115712
2.368727
2.343446
2.229762
2.488134
2.365445
2.498434
2.4788353
2.2582548
2.5425613
2.4024453
2.453569
2.3767605
2.353481
2.2717483
2.3771682
2.1809883
2.5051575
2.3859258
2.2679944
2.2924714
2.3725774
2.241204
2.359212
2.389759
2.375746
2.255447
2.316661
2.4286397
2.2832232
2.3345754
2.4544318
2.50009
2.4600146
2.495429
2.4155176
2.462394
2.450701
2.462362
2.3218286
2.4061024
2.6189046
2.4711494
2.3418336
2.3318117
2.366577
2.3081605
2.3408146
2.386995
2.319709
2.5303237
2.2881682
2.4792814
2.357659
2.407028
2.4924834
2.5662456
2.439084
2.3708735
2.2985344
2.332381
2.4567475
2.3582475
2.279277
2.382231
2.325824
2.4452567
2.255793
2.2537
2.3356717
2.475321
2.4506202
2.3504686
2.3990364
2.389742
2.2685864
2.3325799
2.489092
2.5637436
2.4292035
2.4332998
2.399554
2.5187795
2.5684495
2.508218
2.7044506
2.4370856
2.4462476
2.2612915
2.3184845
2.3788881
2.213879
2.256437
2.3035674
2.3701596
2.3416154
2.2964365
2.306347
2.4877605
2.4828265
2.404347
2.3812008
2.367741
2.3883226
2.477739
2.349494
2.6339111
2.600914
2.461759
2.5690835
2.4804628
2.3436596
2.369175
2.3326683
2.2537374
2.3774405
2.3594043
2.3002512
2.439415
2.2487133
2.4932232
2.4480338
2.5816476
2.5201266
2.2265627
2.2832732
2.3941493
2.382199
2.5150237
2.528297
2.3297646
2.678891
2.3130004
2.3995414
2.4014223
2.6703572
2.2893426
2.546011
2.3397775
2.3445156
2.4381113
2.4810932
2.359326
2.5254068
2.4632044
2.4213834
2.4135864
2.3793194
2.3623385
2.4928956
2.4842415
2.420048
2.3160856
2.391445
2.4784257
2.458696
2.4185739
2.3309565
2.553907
2.3379996
2.2860682
2.3663676
2.3407505
2.2108493
2.333854
2.198254
2.2411876
2.2088363
2.337161
2.272225
2.3506784
2.3331745
2.3864806
2.467761
2.6074035
2.4162006
2.4193926
2.3322256
2.2917402
2.4465766
2.379622
2.3225453
2.201337
2.3774743
2.3303168
2.33144
2.3811624
2.4679866
2.554574
2.4952304
2.504636
2.2956455
2.366247
2.4346015
2.3207126
2.3239865
2.3581636
2.4881873
2.3372998
2.2513208
2.3830483
2.405351
2.3760445
2.2081811
2.2363582
2.4922237
2.3681157
2.4638076
2.3389864
2.4596696
2.5468333
2.4163315
2.27492
2.2480435
2.3387809
2.2845047
2.0900695
2.2517715
2.286226
2.2182019
2.3704624
2.468531
2.465214
2.3357942
2.3515313
2.3052375
2.4898615
2.4153202
2.463908
2.2945585
2.3695312
2.260355
2.258907
2.236587
2.1302402
2.3849733
2.5370867
2.401508
2.5434306
2.4617033
2.422598
2.266777
2.3173764
2.2776146
2.3640447
2.2996
2.234842
2.169064
2.2314024
2.1978967
2.316557
2.4395628
2.38444
2.2598484
2.437007
2.3644643
2.264458
2.4190402
2.3179069
2.3339546
2.5188057
2.3294175
2.483581
2.550527
2.3062289
2.390295
2.461591
2.3958797
2.4194765
2.500144
2.2742655
2.253828
2.4060454
2.249553
2.2631295
2.2783115
2.2173626
2.207764
2.2426305
2.344728
2.2371726
2.575559
2.289266
2.2227664
2.2696922
2.3818424
2.389696
2.3770485
2.469666
2.3693974
2.48785
2.3434854
2.375006
2.383879
2.1804757
2.3040576
2.2080152
2.275092
2.3990157
2.254041
2.2868764
2.248141
2.247112
2.2134175
2.2276237
2.4032896
2.3135772
2.2059796
2.3323834
2.3722332
2.1731544
2.2815692
2.5255759
2.425118
2.41474
2.460682
2.192462
2.288823
2.3976479
2.410686
2.3538406
2.3083045
2.2241344
2.2964242
2.363443
2.355692
2.37009
2.2874494
2.2544932
2.2807744
2.252428
2.2752345
2.258486
2.4099176
2.316662
2.3780205
2.4214818
2.3858502
2.303651
2.390173
2.530514
2.5028517
2.3829236
2.256245
2.3674092
2.255322
2.415154
2.3984442
2.3457887
2.5345235
2.2461576
2.3934023
2.4628937
2.2224395
2.4071672
2.351178
2.0997305
2.257907
2.403333
2.415408
2.2209086
2.4697025
2.2722726
2.3911393
2.378495
2.3665266
2.2990718
2.1911573
2.19661
2.301831
2.316572
2.342
2.3566206
2.377342
2.208879
2.3133152
2.2564971
2.2363744
2.260368
2.167327
2.3901386
2.2198594
2.2041142
2.268357
2.489642
2.3575184
2.2604785
2.3260143
2.3021705
2.3753273
2.1792123
2.2310846
2.4881856
2.2129328
2.3081152
2.5257914
2.317192
2.3327496
2.2734199
2.360069
2.312992
2.3299677
2.1227512
2.2764416
2.176657
2.454605
2.2472405
2.2423904
2.280965
2.2386346
2.2755792
2.2583132
2.323131
2.0882292
2.360446
2.3484855
2.4048674
2.207462
2.3890536
2.340012
2.2077012
2.249442
2.2659748
2.2492807
2.252488
2.382623
2.3064563
2.509036
2.2977417
2.478156
2.5235846
2.2381694
2.4501204
2.3639529
2.1828783
2.2429667
2.3172188
2.268935
2.2679014
2.4011805
2.192865
2.2864754
2.2103903
2.132423
2.269648
2.3557022
2.1764946
2.207429
2.2177122
2.1939642
2.2617974
2.1257668
2.2975414
2.204311
2.3074374
2.2235005
2.3307269
2.2284997
2.1802025
2.2591496
2.2995238
2.2259843
2.1460867
2.213975
2.2314324
2.1629834
2.3049145
2.2292497
2.177035
2.3319886
2.3063376
2.3993042
2.355752
2.3825428
2.2301536
2.2543554
2.2403874
2.3223665
2.124494
2.535857
2.337351
2.3492136
2.2471545
2.0831385
2.28117
2.284348
2.368971
2.330098
2.341214
2.3903556
2.2307632
2.385592
2.2604837
2.2177765
2.2864425
2.3482194
2.4218447
2.284714
2.2314808
2.3885775
2.3112247
2.362265
2.283516
2.4024582
2.2597375
2.4393008
2.1323087
2.165647
2.1310797
2.1910944
2.2748384
2.2519598
2.209346
2.2538817
2.253771
2.3540742
2.2390966
2.278843
2.3791175
2.1427627
2.2714605
2.2112288
2.2409356
2.241994
2.207822
2.3697593
2.1600153
2.301429
2.2195334
2.202764
2.2563455
2.2932532
2.2399006
2.1166182
2.324071
2.147373
2.2624168
2.2781377
2.194824
2.201868
2.1102142
2.314184
2.243252
2.2025974
2.149684
2.119307
2.3531
2.139526
2.2593584
2.30343
2.2722914
2.4132888
2.3623178
2.2308989
2.469462
2.2242212
2.2414095
2.144102
2.145563
2.2174168
2.2824087
2.2885106
2.3713596
2.1968615
2.159215
2.222102
2.1757815
2.2716954
2.219647
2.2836936
2.245863
2.043266
2.0682883
2.226676
2.3575954
2.2363229
2.2514865
2.128977
2.3277526
2.4003694
2.1460235
2.2098045
2.359705
2.32582
2.2402513
2.2641864
2.142558
2.1648974
2.0567396
2.1264498
2.3237014
2.107048
2.3364706
2.2734725
2.3157566
2.2159755
2.2497623
2.2307284
2.2450135
2.1547055
2.268803
2.3647726
2.2303572
2.2812674
2.1312652
2.3257296
2.2799022
2.1665585
2.1516793
2.365423
2.2065287
2.2003763
2.190533
2.265441
2.0962057
2.1991005
2.2250583
2.3865988
2.310222
2.143489
2.1760037
2.1902475
2.0821705
2.3636909
2.3361177
2.3079715
2.1286204
2.4123802
2.2518067
2.2037973
2.3227243
2.3094876
2.2858088
2.4030275
2.269177
2.379928
2.1375694
2.103742
2.345404
2.229367
2.1124866
2.169468
2.0889008
2.2586353
2.146757
2.0809348
2.390369
2.33748
2.1435018
2.2303011
2.3748755
2.1795
2.2624733
2.1851578
2.113223
2.3238738
2.246883
2.208588
2.3489425
2.2119615
2.3103528
2.2402806
2.1634035
2.1769354
2.280444
2.176918
2.196552
2.2187715
2.2167647
2.3138425
2.2277513
2.3222065
2.361908
2.1932304
2.06327
2.185291
2.1687236
2.212532
2.1483104
2.1407425
2.1766584
2.350011
2.2977295
2.3176877
2.2397428
2.1963723
2.1901636
2.367106
2.2706187
2.2496874
2.34247
2.1489854
2.1347215
2.2005825
2.2932258
2.1698935
2.1820588
2.1341426
2.4309332
2.3773425
2.1525295
2.209993
2.2778215
2.3147788
2.4836996
2.177243
2.206948
2.0589213
2.1552784
2.1733944
2.196953
2.2584934
2.119941
2.222548
2.3594565
2.2834582
2.2199612
2.2430634
2.267368
2.348435
2.177879
2.1489863
2.2489834
2.275215
2.3200336
2.3694901
2.3840356
2.2869146
2.2727964
2.1844575
2.19094
2.211118
2.299769
2.219904
2.142572
2.251264
2.2439053
2.214336
2.1379516
2.1335566
2.1212845
2.17688
2.2301135
2.1050904
2.1836908
2.1276696
2.1891656
2.3723788
2.138942
2.2517574
2.1696835
2.1113033
2.1611354
2.3208065
2.1383214
2.0860333
2.1843667
2.1451528
2.211901
2.0638244
2.2222664
2.137374
2.1380658
2.184006
2.11914
2.266484
2.2112472
2.270507
2.2173746
2.219767
2.121778
2.1626189
2.0136364
2.1409225
2.3921695
2.4510658
2.1146944
2.2052143
2.1175184
2.2202027
2.26529
2.1998563
2.1976717
2.2100952
2.05343
1.9996217
2.1604688
2.2358253
2.1091385
2.2571352
2.0657728
2.1951072
2.2108753
2.1594372
2.1730084
2.1961455
1.9869683
2.178653
2.1764894
2.1978807
2.1942682
2.1009548
2.0683439
2.0911055
2.0484307
2.1890762
2.05148
2.1335578
2.0895164
2.2694166
2.203444
2.0519671
2.0657551
2.2226918
2.0857775
2.0813282
2.190298
2.0287151
2.1312072
2.0997455
2.206412
2.0954797
2.119548
2.1375034
2.0818272
2.1734977
2.2938135
2.160886
2.2117822
2.1523328
2.041281
2.137077
2.1129098
2.2530818
2.3910928
2.124891
2.178196
2.2704046
2.3363035
2.1677792
2.287301
2.270738
2.0893989
2.2258196
2.1487887
2.1958823
2.0769973
2.1736891
2.1661775
2.254186
2.1693025
2.2906654
2.2206156
2.0910616
2.1828778
2.12811
2.2554567
2.167333
2.093808
2.104859
2.0412102
2.1615798
2.0831387
2.2499714
2.2140417
2.050417
2.1807942
1.9783123
2.1676593
2.104439
2.1673527
2.288685
2.172472
2.230091
2.0985162
2.0216928
2.217023
2.0334766
2.0460186
1.9984952
1.9509811
2.141349
2.1537254
2.1301234
2.220634
2.1234126
2.2109904
2.2302754
2.1317415
2.1706781
2.1057308
2.174175
2.0533369
2.0219114
2.0752742
2.0730746
2.0354974
2.3484595
2.1092112
2.211132
2.0686114
2.002377
2.169155
1.9553385
2.0732362
2.0517266
2.1030555
2.0955777
2.171628
2.1982265
2.1871216
2.1551735
2.0114152
2.188399
2.0752397
2.0689843
2.1586945
2.1780796
2.134925
2.2137024
2.0385902
2.048982
2.13478
2.0475767
2.135215
2.0567448
2.0591617
2.076512
2.0908298
2.0653806
2.092291
2.1177444
1.971685
2.083715
2.111664
2.064539
2.0830464
2.1000652
2.2194862
2.050043
2.1591287
2.233071
2.1464314
2.2907991
2.310918
2.1204786
2.000401
2.278256
2.0024214
2.0787928
2.0323558
2.0626125
2.3016603
2.2873433
2.2584124
2.193945
2.271085
2.2440355
2.2301238
2.2030175
2.0624533
2.3077998
2.1673295
2.0958846
2.115651
2.068429
2.0614405
1.9943393
2.0253823
2.1377335
2.18086
2.1295226
2.085863
2.053001
2.019588
2.1224234
2.19519
2.1923788
2.066192
2.2111406
2.31064
2.1019616
2.1262732
2.089717
2.121556
2.073987
2.189464
2.2957692
2.1156802
2.1081655
2.338541
2.0735705
2.1279874
2.268005
2.0923448
2.1334693
2.2002134
2.2658105
2.1968455
2.0842612
2.0925221
2.080136
2.1240647
2.2493176
2.0796325
2.337256
2.1134171
2.0636501
2.1962035
2.07453
2.2215855
2.0907037
2.178443
2.0440784
2.2326348
2.0749083
2.1498234
2.023315
2.0407279
2.09047
2.1583135
2.1223984
2.175259
2.0650804
2.100033
2.099927
2.232622
2.3403609
2.139814
2.2479346
2.2402415
2.2042866
2.204172
2.1660075
2.035489
2.023157
2.0201542
2.2286181
2.1738236
2.0829368
2.179004
2.210928
2.1116407
2.4520764
2.2020485
2.2476704
2.1911154
2.205565
2.2952883
2.1428425
2.115654
2.1257913
2.068923
2.0879183
2.0883799
2.1923327
2.1893547
2.1969218
2.1294744
2.1378958
2.1092458
2.0270052
2.319319
2.1097097
2.0483932
2.0225797
2.0582628
2.3200674
2.0405295
2.224934
2.2590716
2.0430045
2.201755
2.0387812
2.0803554
2.0556855
2.0282564
2.0908432
2.0296319
2.0259924
2.129328
2.192096
2.1291473
2.0792413
2.1421292
2.0690882
2.0604966
2.138932
2.0346177
2.2171323
2.102227
2.1478796
2.2911198
2.1324368
2.080325
2.0424547
2.1173065
2.1303544
2.067649
2.1820047
2.0566285
2.037566
2.092185
2.1418612
2.1984413
2.064194
2.3370616
2.001616
1.9821048
2.2421806
2.1333928
2.1107073
2.0950916
2.1337247
2.135701
2.1572754
2.1754336
2.3028781
2.190357
2.1291695
2.0846832
2.1797028
2.2199512
2.063473
2.2284276
2.1089394
2.3273904
2.078877
2.055893
2.2059286
2.0923698
2.148028
2.2253447
2.0245063
2.0934815
2.1837
2.1851852
1.9383581
2.027143
1.9444019
2.0559266
2.083461
2.1070423
2.0433877
1.987747
2.140311
2.0653257
2.0412095
2.1596997
2.0198882
2.0568266
2.066475
2.1064942
2.053813
2.089958
2.0915575
2.059388
2.0139172
2.2441075
2.0245738
2.0542045
2.0840025
2.0287893
2.0505648
2.1227481
2.0604599
2.04216
2.0643413
2.1583126
2.08615
2.0625796
2.258879
2.4218824
2.0638847
2.0494082
2.0289211
2.0691135
2.2077165
2.1043656
2.004296
2.0094666
2.1549816
2.0054095
2.2370315
2.1370306
2.1875865
2.0378165
2.1935184
2.1036868
2.0168238
2.0610507
2.0758622
2.0590658
2.1588354
2.0533104
2.0422091
2.1190734
2.0434113
2.2274947
2.0070436
2.0095525
2.1160986
2.030666
2.0313735
2.091687
2.0461447
2.0855136
1.9855325
2.0593424
2.053015
2.0296738
2.2502956
2.1044571
2.1451364
2.0321286
2.0935004
2.1449986
2.0969372
2.0884237
2.0800045
2.1107953
2.0441966
2.0999408
2.0894613
2.195583
2.0354617
1.9411242
1.9805684
2.0456793
2.0357518
1.9788237
2.026518
2.0851123
2.199779
2.072271
2.1648295
2.18229
2.2317085
2.169373
2.075924
2.117288
2.0660956
2.0824203
2.05944
2.114313
2.070343
2.030551
2.0861995
2.0957322
2.2218673
2.0928497
2.162062
2.129815
2.0452845
2.102131
2.0403972
1.9671105
2.099971
2.1864154
2.1339955
2.0148544
2.0017314
2.0194063
2.1723583
1.9907341
1.9631714
2.1003647
2.0863378
2.1513665
2.137976
2.1187093
2.0300014
2.0586383
2.15821
2.0882766
2.005499
2.0038328
1.9133108
2.142943
2.108331
1.9994594
2.0342848
2.1123517
2.183388
2.0430844
2.0676458
2.135431
2.223831
2.141135
2.0673645
2.2737277
2.082275
2.0377257
2.0741947
2.0037076
2.1273515
1.9872766
2.0674698
2.0064147
2.0284834
2.102023
2.1469395
2.0591552
2.0153773
2.067155
2.042989
2.100226
1.9241643
1.9858081
2.0838907
2.143991
2.0623026
2.0717368
2.100631
1.9579272
2.0612104
2.0107515
2.0155702
2.045758
2.0575504
2.1500776
2.1419635
2.1038785
2.1540313
2.1843026
2.1050184
2.0694695
2.008145
1.952286
2.078796
2.0622063
2.0657678
2.0003657
2.09259
1.9794925
2.0793145
2.0207915
2.0754335
1.965474
2.135215
2.0491042
2.0554085
2.2172902
2.144468
2.0333807
2.1542265
1.985821
2.129643
2.0694742
2.0049775
1.9807965
2.1531334
2.0552921
2.033671
2.077565
1.9974371
2.1051269
2.0561445
2.0450215
2.0487287
2.0387516
1.9565765
2.0103934
2.0512917
2.0640228
1.9793837
2.0066154
2.0605414
2.1662402
2.043609
2.058371
2.0300593
2.0091672
1.9923263
2.19046
1.9294722
2.035406
2.0503511
1.9621235
2.0077176
1.9187922
1.9689869
2.0548244
1.9709698
2.028265
2.1290205
2.0309618
2.0516381
2.0556958
2.0461724
2.2432404
2.0775726
2.0925293
2.2396102
2.0424232
1.9774922
2.0275671
1.9584497
1.9796506
2.017698
1.9184244
2.0566123
2.0284414
1.9474673
2.0772083
2.142064
2.009873
2.0572493
1.9964619
2.0931826
2.0767455
2.0281894
1.9915062
2.0099618
2.1417382
2.1552584
2.0986903
2.1275876
2.039369
2.2464755
2.195885
2.2033486
2.009291
2.168399
2.085194
1.9953936
2.0068467
2.0261748
2.0967166
1.9953645
2.052305
2.0428276
2.0426908
2.104321
2.1397057
2.1739504
2.1101213
2.0457718
2.101671
2.054011
1.9679879
2.0533237
2.0647268
2.0194926
2.0382063
2.079861
2.1699288
2.116716
2.1751704
2.0376549
1.952738
2.099946
1.9857235
2.0493824
2.0225077
2.0388935
2.0866168
2.1145225
2.056129
2.0451655
2.1494484
2.160975
2.1163914
2.0600471
2.019303
2.0740433
1.990592
2.0316525
2.1214678
1.911894
2.1131535
2.0372572
1.955251
2.0079114
2.1503024
1.9672847
1.993247
2.0325623
1.9833722
2.0380478
1.9712403
1.97581
2.010387
2.139181
2.0485222
1.9766985
2.019204
1.9689656
2.0404205
2.129379
2.0882668
2.2707014
2.0716035
2.073038
2.2962058
2.0159636
2.0416007
2.2087865
2.0830653
1.983147
2.0267696
2.0850027
1.9797004
2.093359
2.0748572
2.0505874
2.1290965
2.0607164
2.0464318
1.9754504
2.087446
2.0406435
2.0027268
1.9760484
2.0539603
2.106501
2.0265462
2.0312078
2.2212362
2.1991723
1.9913805
2.089156
2.1070216
1.9971912
2.0475383
1.9728935
2.0459058
2.0071702
2.106241
2.017946
1.9124852
2.040057
2.053067
2.007815
2.126381
2.0376444
2.0106075
2.1254458
2.0099847
2.1326485
2.021252
2.0364265
2.0363655
2.0601037
2.077689
2.0353534
1.9524127
1.9447125
2.0967793
2.1219342
2.0025938
1.969721
1.9982016
1.9455862
2.0737505
2.106101
1.9985431
2.0433922
2.176579
2.207941
1.987672
2.0180547
1.916702
2.1001363
1.9865999
1.9829948
1.9933455
2.0756497
1.97241
2.207699
1.996369
1.983724
1.9548485
1.9868665
2.121209
1.9818637
2.0368307
1.9761868
2.0657134
2.044583
2.0111337
2.01532
1.9474852
2.1426146
2.01532
2.0096762
1.9853045
2.0051496
1.9676741
2.1332319
2.0244117
2.061264
2.0356991
1.9719118
2.1992235
2.0541859
1.9891902
1.9589863
1.8841664
2.0907507
2.0256248
2.012232
2.0571022
2.1347895
1.9123138
2.0383372
1.8993239
2.0744286
2.008237
2.1056335
2.078954
2.0082386
2.021269
2.1013396
2.0989864
1.98713
1.9961288
1.9570402
1.986999
1.90171
2.0196393
1.9636791
1.9808851
1.9512094
1.9695523
1.965308
2.046431
1.9843442
1.9395307
1.9683807
1.9308628
2.0145886
2.0214071
2.0992906
1.9934525
1.9694283
2.0555973
1.9581915
1.9879668
2.0635097
2.0794716
1.9423075
2.0130346
1.9512181
2.0103354
2.0354602
1.9400706
1.939452
1.8602066
1.9833893
2.0549066
1.9161613
2.0624793
1.9640132
1.9950413
2.0494142
2.100504
1.8599992
2.046436
1.9999546
1.9156836
2.182489
2.084011
1.9027648
2.0130627
2.0884933
2.0384903
2.019006
2.0709572
1.9937575
2.113027
1.9254413
2.100197
2.115046
1.9007939
2.0359225
2.0619342
1.9645597
1.9950227
1.8718795
1.9436042
2.066238
1.8668177
1.9067852
2.0206187
1.9626368
2.1070535
2.029153
1.9521539
2.0375912
2.0178027
1.945238
1.8619775
1.9563557
1.9602964
1.9919541
1.955376
2.0484233
1.8705305
1.9897687
2.089549
2.0316265
2.1674125
2.2179897
2.0083675
2.0012279
2.0178974
2.045718
2.0707066
2.1671128
2.119117
2.124755
2.0776272
2.0513208
2.1555724
2.0835028
2.1621277
2.124795
2.1240315
2.105953
1.9763407
2.0421546
2.0355463
1.992629
1.9643161
2.0108824
2.0691257
2.0203056
2.1235723
2.0170372
1.9957913
1.8736889
1.9333946
2.0061407
1.9709358
1.9264977
1.962664
1.9707333
2.0315366
2.052999
2.0276906
1.9257585
1.9450085
2.0142455
1.989162
1.973044
1.9493678
2.0471096
1.9558648
1.951799
1.9474547
2.0642278
2.0117624
2.0140774
1.9430625
1.9475925
1.9451436
1.9741337
1.89438
1.904301
1.963137
1.9248972
1.9530035
1.9466746
2.0369854
2.0524962
2.1380255
2.0690947
2.0421515
2.0643885
1.9826312
1.9861587
1.937944
1.9994452
2.063449
1.9040542
1.9832985
2.0011394
2.102463
2.0320146
2.0352554
2.2624764
2.2057695
2.0790505
1.9825464
1.92319
2.0551891
1.938557
1.9896917
2.1367037
2.006999
1.9310254
1.9397877
1.9433705
2.0234313
2.1283953
2.2349832
1.9567072
2.1141443
1.9877831
1.8635718
1.9738154
2.133432
2.07844
2.0631542
1.9928977
2.0794683
2.2033432
2.1364124
2.14227
2.0563846
2.0959594
1.8523661
2.0131493
1.9649951
2.0873518
2.0351267
1.9678937
2.0025332
2.0180547
2.1436706
2.1179984
2.1149266
2.114861
1.985795
2.044594
1.991467
2.0770278
2.0091794
1.903754
2.0050871
1.9961715
1.9808887
2.0663402
2.0498865
2.1424716
2.0333443
1.9558029
2.0394552
2.064988
1.9413737
1.963355
2.0234892
1.9367291
2.1222808
1.9420705
1.9669483
2.0497975
2.01668
2.0453322
1.920138
1.9583658
2.0301483
1.916965
2.0056555
2.0613925
1.9286498
2.0393994
1.9243482
1.9556092
1.9740722
2.0375757
1.989937
1.8768727
1.9443605
2.0695798
2.0385387
2.0420315
2.0353363
1.9061629
2.070077
1.9773123
2.0107265
1.9510686
2.0897183
1.994866
1.8670528
1.9898809
2.0627644
2.004432
1.9786803
1.9747202
1.9412885
2.0451546
1.995709
1.9772598
1.9309286
1.9412736
2.0421052
1.8513721
1.9000162
2.0153575
1.91333
1.9794236
1.9101102
2.0376828
2.0569477
1.9157135
1.9375128
1.9174858
1.9868369
2.1198704
2.0126946
2.0695581
2.071195
1.997623
1.9709288
2.0937269
1.9130508
2.0077229
1.9296187
2.1308572
1.929793
1.885511
2.0112855
2.0432966
2.0967395
1.956062
1.9201845
1.9094096
1.9211814
1.960544
2.065793
1.9951323
2.0608501
2.0536723
1.9445072
1.967617
1.938225
1.9505383
1.9952962
1.9844692
1.9959625
1.9179199
1.9401374
2.1105807
2.018624
2.1220837
1.9653139
1.912166
2.0069292
2.0355887
1.9860146
2.014066
1.9134085
1.9250726
1.9039435
1.929755
1.8780617
2.101441
2.0372152
1.8448886
1.9069734
2.0549815
1.9235212
2.0320919
2.0611799
2.0260565
1.9485384
1.9270602
1.9536442
1.9360454
1.9707482
1.9742783
1.9706383
2.009226
1.960637
1.9971215
1.8795581
1.9803673
1.952934
2.0621157
1.9700537
1.9463011
1.8448461
1.9198798
1.9416065
2.0723975
1.9770223
2.0081768
2.0551155
2.0521023
1.9237772
2.0976236
2.0263176
2.0948753
1.910331
2.0563831
2.042756
2.0401793
1.9647783
1.9521896
1.9159884
1.9825888
1.9144742
1.9820747
2.0695915
1.8889065
1.9540857
1.9047807
1.992224
2.0167336
1.9337329
1.9180694
2.089464
1.976938
2.025654
2.012612
1.967026
2.13811
2.0571115
2.1228268
1.976824
2.0325913
2.0086234
1.9017475
2.012176
2.0006213
1.995244
1.9319149
1.9501272
2.0070093
2.0132344
1.8918582
1.8986617
1.9671915
2.1329124
1.889648
2.0049539
2.043639
1.914472
2.1091948
2.13241
1.9741266
1.9066123
1.9908923
2.0599885
1.9471382
1.9975122
2.0129488
1.984772
2.0366495
2.1201105
2.082498
1.8882335
1.9884957
2.046526
2.0409672
1.9377121
1.8786243
1.8959025
2.0004609
1.9075872
2.014236
1.9955608
1.9739282
2.0508957
2.060449
1.926463
2.0911174
2.0427084
2.0157278
2.0411947
1.9642587
1.9488257
2.0150254
2.0872943
2.0403638
2.0728016
1.9789842
1.9740005
2.063899
1.880308
1.9891149
1.9187057
2.0488725
2.1118574
1.9896972
1.9754164
1.9713283
1.9992661
1.9823575
1.9938014
2.1025155
2.0207858
1.9837748
1.9161034
1.9920678
2.017314
1.9811143
1.9097848
1.8695786
1.9390438
2.0200987
1.9141108
2.0183713
1.9593145
1.9112746
2.10024
2.0513692
2.01542
1.9221307
1.8957675
2.062767
1.9500953
1.891909
1.9902713
1.9862312
1.9086602
1.9374884
1.9350592
2.042296
2.0153348
1.9289972
1.9895343
2.090961
2.0207872
2.089602
1.9825598
1.9429358
1.9502711
1.9058108
1.9666249
2.1844554
1.9283682
1.9090161
2.00471
1.9023583
1.9931263
1.980181
2.0845022
1.9250011
1.9710298
1.9508297
1.9064198
1.9336815
1.9675982
1.961157
1.8795468
1.9510945
2.0725522
2.0397866
1.932091
1.9610375
1.8830857
1.95543
2.016852
1.9566516
1.9748884
2.1316714
2.0131717
1.9220625
1.9381212
1.9427172
2.0149221
1.9476329
1.9877298
1.9796318
2.0289996
1.9213378
2.040214
1.9092875
1.9713192
1.8665049
1.9011914
1.979971
1.8884667
2.0143087
1.9466387
1.8805004
2.0404143
1.843894
2.0352385
1.950751
1.9283274
2.0290327
2.0052161
1.8924805
1.9276707
1.9881657
1.9104472
1.9360229
1.9533073
2.0402164
2.0279307
1.9272271
1.9491752
1.9428029
2.0040216
1.940737
2.104261
1.9787327
1.9791206
2.1493654
2.0322053
1.9986235
2.0475857
2.1204894
2.0425627
2.0026882
1.8979336
1.9148352
2.062346
2.0731976
1.9079348
2.0875864
2.0838552
1.9452523
2.023773
2.0427408
2.102837
1.9110638
1.98017
1.928127
1.9508528
1.9619492
1.9814816
1.9973887
2.0048609
2.1017206
2.0912735
1.9867398
2.0838645
2.0056655
1.9003961
2.0438573
1.9498773
2.015836
1.9994913
1.94228
1.8953577
1.8942343
1.9231155
1.9537936
1.9728565
1.8517247
1.94302
1.952648
1.907718
1.9398807
2.0050213
2.0384436
2.0042434
1.9584472
2.015797
2.0300148
2.0758383
1.9660783
1.8547746
1.987227
1.9917436
1.986033
1.8825296
1.9501731
1.9861766
1.8911808
1.9645867
1.952247
1.9869506
1.9794532
2.0021353
2.0680776
1.9413767
1.9894507
1.9633043
1.8945038
2.011858
2.007238
1.9764696
1.976817
1.9259912
1.9569305
1.933071
1.989228
1.9249717
1.969503
1.9796631
1.999506
1.9524468
1.8968015
1.8947444
1.9181727
2.0246127
1.9096246
1.9898287
1.9455577
1.9784993
1.9826055
1.92409
1.9521205
2.0115094
1.9526572
2.0158198
1.9860165
2.0303276
2.0130367
1.8895682
1.945402
1.9216697
1.952907
2.0186718
1.9972613
1.9652377
1.9194325
1.8410152
1.8839579
2.0289311
2.0675907
2.0464263
1.9075444
2.0020204
2.0070426
1.9463904
2.1162136
1.956462
1.9125073
1.9555575
2.0130122
2.0265741
1.9985273
1.978523
1.8863335
1.9818177
2.0112047
1.9933403
2.0783143
2.0042274
1.8924415
1.9247684
2.0212023
1.8737488
1.974901
1.998493
1.8512334
1.8812686
1.941108
1.9913383
1.9422942
1.9352
1.874314
1.9373356
1.876775
1.900652
1.9829541
1.9371448
1.9106952
2.0156686
1.9754058
1.941285
2.0159073
2.004774
2.025607
2.0153835
1.9324982
2.0107534
1.9300467
1.8778702
1.9726363
1.8431337
1.957215
2.1025805
2.1971095
1.9447182
1.9913665
1.9155287
1.97189
1.9359999
1.9792318
1.9002986
2.0763636
1.9185557
1.9508085
1.9390892
1.9935297
1.999399
2.0813522
1.991802
1.9357724
1.923035
2.105583
2.0129585
2.130757
1.9668999
2.034677
1.905201
1.9110483
2.0021605
1.8724087
2.007673
1.9299632
1.937112
1.8660942
1.9162627
1.9134122
1.9421382
2.0609581
1.965575
1.9298737
1.9848127
1.858323
1.8634353
1.9396875
1.9739801
1.9180254
1.9282422
1.9546529
1.9294903
2.0243428
1.982946
1.9464138
1.9935597
1.9715756
2.0066483
1.9373507
1.8481102
1.8765489
1.9333776
1.9344143
1.9691615
1.8735574
1.9688315
1.8591163
1.9030706
2.0143037
2.0127993
1.8544878
1.8970238
1.9747512
1.9716058
1.8931632
1.943141
1.9868301
1.9300764
1.9493092
1.994548
1.9671615
1.8952209
1.9828825
1.950461
2.1553423
1.9599175
2.0380125
2.0104373
2.0531938
2.0620706
1.9663563
1.9154383
2.1237082
2.0373464
1.9463263
1.9373382
1.996221
1.9910252
1.9423668
1.8856993
1.9068577
2.005161
1.9271866
1.9501487
1.9049058
2.0845087
1.9554968
1.9439733
2.0218432
1.919176
1.950511
1.934286
1.9789455
1.9016824
2.0661213
2.0644803
2.020333
2.0728953
1.8781104
1.9545974
1.9346565
1.8817847
1.9556003
1.9019897
1.9031775
1.9648522
1.8696302
2.057542
2.0371647
2.113196
1.9919885
2.056841
1.93237
2.1448655
1.917529
1.9244729
1.8760785
1.9240526
1.9697902
1.9488323
1.858141
1.8943772
2.115171
1.9487218
1.9452169
1.9364885
1.980612
1.9935957
2.005885
1.9163067
1.8673439
2.077454
2.0525212
1.9285452
1.9891727
1.94052
1.8479642
1.9509152
1.8908081
1.8898821
1.915966
2.0028784
1.9360062
2.0102534
1.9471855
1.965217
1.9643557
2.033452
2.031857
1.8806539
2.0381992
1.8953322
1.9305127
2.0416048
2.0340374
1.9146307
1.9142439
1.9524075
2.0293474
1.8802918
1.8631352
1.851194
1.9506302
2.0310574
1.9520497
1.9334178
1.969249
2.0752032
1.9795667
2.0218308
1.982145
2.010237
1.8659432
1.9535195
1.9436283
1.9693449
1.9529352
1.9198468
1.9795986
2.0668173
1.9719049
1.870201
1.8909193
2.0948298
1.7951168
1.8824223
1.8890972
1.962764
1.878982
1.9659427
1.8804646
1.9293877
1.8651403
2.0327992
2.0055404
1.9520705
1.9025513
1.9135282
2.0501895
1.909209
1.9161234
1.8916665
1.8943944
2.089147
1.9072064
1.8584462
1.9721442
1.9660442
1.925108
1.9723593
1.9079053
2.0038526
1.9609607
1.8879995
1.8798348
1.9210137
1.878927
2.1646545
1.9721586
1.9687825
1.8902266
1.9798862
1.8990529
1.9335216
1.9497873
1.9832698
1.9509115
1.8804245
1.909592
2.0436134
1.9427193
2.0098941
1.8896031
1.9647585
1.9311438
1.9349905
1.9083017
2.0109742
1.944733
1.9013443
1.9836355
1.925501
1.8877591
2.013095
1.9050882
2.0172896
2.015399
2.0510333
2.002794
2.0524673
1.876338
1.954863
1.8710353
1.965869
1.923239
2.0362031
1.9448254
1.9157662
1.8812834
2.0029244
1.9537647
1.991165
1.9474713
1.9022753
1.9448477
2.0186365
1.8596557
2.0221317
1.8837438
1.9421825
2.00359
1.934247
1.9255042
1.9315557
1.9197191
1.872052
1.8461654
1.8742907
1.9163183
1.9698433
1.8627243
1.8800597
1.9297035
1.8954554
1.9894054
1.9705061
2.0306542
1.9193465
2.087684
2.0427535
1.9800793
2.004809
1.9923072
1.959408
1.9683286
1.962368
1.9109018
1.9757162
1.959478
2.0319004
1.868313
1.8755417
1.9392794
1.9184438
1.9026753
1.908629
1.9074602
2.0187786
2.018744
1.850104
2.001236
2.0182807
1.958304
1.977105
1.9150425
1.892387
1.8380771
1.866575
1.9111272
1.9834796
1.9076875
1.8121794
2.0737154
1.9863105
1.8565812
1.9319735
1.8935732
1.8796748
1.9899217
1.9605925
1.9331245
2.0188808
1.9062887
1.9243745
1.9492931
2.1062274
1.8694932
2.0138106
1.9262633
2.1029463
1.9584484
2.154177
1.9603838
2.140434
1.9521165
1.9707707
1.9580572
2.0406582
1.9314853
2.0016177
1.9226165
2.0146515
1.9213966
1.8927925
1.9057472
1.8829969
1.9946955
1.9492887
2.015337
1.9510803
1.9635258
1.9698935
1.9196734
1.937676
1.9208305
1.9283807
1.893671
1.8516667
1.8983732
1.9103768
2.0059533
1.8440758
1.9232757
1.9593233
2.030662
2.0595968
2.0111287
1.8648107
2.1233046
1.8904316
2.036489
1.9167367
2.0207772
1.9864597
1.9708335
1.8668666
1.9785287
1.9113195
2.0178256
2.078557
1.9816402
1.9402195
1.8556625
1.8260553
1.8980925
1.847922
