25.601728
25.700745
25.388264
24.881315
25.187845
24.802734
24.875551
24.836472
24.729614
24.805449
24.426125
25.073603
24.521685
24.63183
24.572222
24.238407
24.357388
23.83859
23.739792
23.882423
23.693693
23.71551
23.424292
22.67816
22.799536
22.903025
22.14158
21.83592
22.007708
22.048996
22.178455
21.501268
21.379461
21.514153
21.626701
21.632048
20.817123
20.025473
20.520136
21.048996
20.357077
20.529848
19.69714
20.188643
19.41651
19.165192
18.55216
19.044004
19.208374
18.036074
17.407656
16.718634
15.33053
16.029171
14.735735
14.27055
13.778632
13.103652
12.621182
11.505428
11.212838
10.764011
10.884481
10.489728
10.65993
10.866193
10.821913
10.410965
10.377951
9.551676
9.297409
9.060212
8.809495
9.009002
8.988004
9.092583
8.390906
8.122215
8.035746
7.9835935
7.9195933
7.1222267
7.3981314
7.1860967
6.982068
6.695936
6.697287
6.6227098
6.491169
6.235525
6.151985
6.530493
6.3471203
6.606839
6.558033
6.696977
6.409815
6.5063796
6.442457
6.400562
6.1994014
6.571049
6.604785
6.336698
6.1879697
5.924087
6.1224656
6.109467
5.973565
6.0234075
5.689042
5.963162
6.259245
5.801638
5.897284
5.9170613
5.7034545
5.668149
5.794619
5.934249
5.876468
5.7623878
5.805023
5.746387
5.808628
5.642794
5.6753764
5.6464343
5.5884995
5.899892
5.600242
5.779229
5.717066
5.470743
5.709642
5.416309
5.509179
5.374294
5.543821
5.415503
5.152994
5.460254
5.665688
5.684973
5.515755
5.669524
5.471701
5.278258
5.184651
5.254667
4.9530907
4.9781394
4.769379
5.0185347
4.9849806
5.420149
5.1919003
5.4884677
5.383262
5.3255877
5.519932
5.2365985
5.279385
5.2386813
5.390681
5.226102
5.2088
5.4064684
5.074714
5.36174
5.4086
5.3102098
5.317879
5.216474
5.005866
4.868178
4.6211653
4.724126
4.8224616
4.40198
5.13895
4.867763
4.9497614
5.026035
5.3591337
5.056131
5.229521
5.3582807
5.063928
5.05569
5.060603
5.071978
5.13515
4.6815968
4.889207
5.031078
4.8499565
4.8469563
4.909362
5.038534
5.181086
5.0066023
4.821361
4.543962
4.7957916
4.57187
4.5234118
4.6214814
4.626308
4.619369
4.4971275
4.61081
4.65998
4.7645707
4.85718
4.736989
5.056876
5.09272
4.542773
4.44001
4.7171416
4.631673
4.7242374
4.676759
4.5216694
4.749173
4.7014704
4.7285614
4.622919
4.7887354
4.562832
4.496404
4.45633
4.4101834
4.3924894
4.5393624
4.258922
4.366228
4.1730933
4.446554
4.4281464
4.5214624
4.363597
4.5426426
4.264095
4.2755895
4.26733
4.256608
4.353346
4.300497
4.388828
4.2648053
4.457461
4.457433
4.438963
4.3106995
4.4976697
4.43058
4.3588624
4.379825
4.241695
4.152711
4.089466
4.2604423
4.244639
4.0221643
4.294948
4.0974045
4.196296
4.1287975
4.3563223
4.0937405
4.268213
4.202005
4.274407
4.28311
4.112243
4.443825
4.1599483
4.2612815
4.2528834
4.0504613
4.040938
3.9934804
4.1558533
4.0606585
4.07171
3.88498
3.7376025
3.953791
3.9986446
4.050717
3.999472
3.8896687
4.118298
4.2115974
4.1719704
3.9728277
3.9679265
3.9418964
3.9867315
3.879843
3.841516
3.988982
3.8931384
4.035503
4.0453615
3.9681194
3.8990479
4.185993
3.9379635
4.000846
3.9155498
3.996427
4.04155
3.953774
3.8513637
4.2084374
4.167729
4.0771685
3.8695812
3.9801967
3.791018
3.9144182
3.9498725
3.8224814
3.837957
4.10156
4.0182285
4.059659
4.097582
4.0208125
3.9524193
3.850341
3.687536
3.690805
3.7268834
3.6926746
3.8820212
3.6161144
3.690297
3.6888776
3.843383
3.7117763
3.6584096
3.9811985
3.517803
3.6979225
3.5395906
3.5439796
3.4901416
3.6199882
3.721007
3.9129174
3.8140244
3.7003443
3.8514135
3.8698125
3.8122709
3.6563473
3.3680906
3.49904
3.52581
3.5702384
3.390167
3.404142
3.447504
3.5103168
3.52722
3.6679754
3.620457
3.6712515
3.5306463
3.5937755
3.7285848
3.517017
3.7269194
3.6153007
3.5389524
3.6289568
3.5682487
3.574429
3.438515
3.2720366
3.4022775
3.4415164
3.4110103
3.153328
3.4244313
3.2179377
3.5091884
3.386615
3.4140668
3.4993105
3.4900267
3.451597
3.3386545
3.4259756
3.365368
3.4278126
3.2185
3.4393334
3.436322
3.3273914
3.2859251
3.2181456
3.465547
3.3906288
3.5559328
3.499399
3.422085
3.4109576
3.397184
3.6514068
3.4887295
3.5310104
3.6548376
3.3195975
3.341513
3.276198
3.0897825
3.0078986
3.2969608
3.0205956
3.1144664
2.9894192
3.076277
3.2140815
3.0092125
3.2466674
3.421463
3.3008678
3.2607377
3.3039875
3.54952
3.4506302
3.1606767
3.3220828
3.450183
3.2496946
3.4630082
3.2966392
3.335023
3.130238
3.290204
2.979779
3.0350108
3.1198337
3.0394504
3.213308
3.102231
3.1413136
3.1990426
3.4036665
3.2539084
3.258342
3.417824
3.2101285
3.209272
3.0337205
3.288505
3.3099074
2.9835756
3.1508648
3.1887927
3.056578
2.9939795
3.3636706
3.078067
2.962608
2.9884756
3.1328855
3.211181
2.971668
2.9277318
3.1164672
2.9653485
2.9565756
2.917189
2.8480206
2.890507
2.8216
3.037718
2.837799
3.073617
2.947575
2.967259
3.0527928
3.158688
3.1312425
3.018675
2.9390595
2.9695425
3.1337662
3.1792696
3.1267323
3.053468
2.98082
2.97521
2.9611855
2.9464102
3.1299217
3.031325
2.8218646
3.1255026
3.1835058
2.9521227
2.830728
2.7796905
2.831992
2.8576248
2.946065
2.652837
2.781612
2.7739515
2.8047023
2.757143
2.7205667
2.9493246
3.0201838
2.81489
2.9853985
3.0553489
2.9655776
2.9346726
2.8898635
3.0047014
2.8288026
2.8829765
2.7675536
2.7146382
2.7384615
2.7901793
2.757019
2.9055283
2.751524
2.711069
2.6212516
2.7155964
2.6279356
2.5194354
2.8061972
2.993377
2.748091
2.8129864
2.9437106
2.881301
2.772393
2.7125192
2.7994576
2.7162437
2.6762383
2.7298975
2.6736543
2.624177
2.6089628
2.83395
2.6573493
2.6348598
2.5694692
2.845387
2.7743034
2.605949
2.7302563
2.7070234
2.573967
2.6572292
2.6934216
2.4887404
2.7713504
2.6220129
2.6614466
2.5103147
2.6895106
2.6339707
2.623589
2.662754
2.7660809
2.5049696
2.5175972
2.8273816
2.5802555
2.5150323
2.5954292
2.4675
2.6448455
2.4267642
2.6832063
2.782835
2.5080352
2.485313
2.5046403
2.6020944
2.6390524
2.5604815
2.5299425
2.5726323
2.620543
2.5647316
2.5913115
2.432378
2.5809684
2.2978902
2.5120592
2.396346
2.5334299
2.5551424
2.619605
2.5818014
2.4902596
2.298729
2.606167
2.544825
2.419895
2.4360106
2.452955
2.5022302
2.4897184
3.005545
2.598163
2.7279656
2.84116
2.573881
2.5702171
2.4545395
2.641578
2.6381032
2.4223077
2.47782
2.6141777
2.571261
2.6228034
2.736853
2.537099
2.512583
2.6709824
2.4847088
2.6501336
2.459442
2.621279
2.6316042
2.433492
2.4695425
2.6292274
2.3843124
2.4254491
2.4286265
2.4333346
2.5429623
2.5457716
2.3603487
2.5012062
2.6877398
2.4928176
2.6309314
2.5705485
2.5868475
2.4421115
2.642805
2.3497446
2.3504562
2.4005773
2.3363698
2.2516122
2.2676952
2.216537
2.4013655
2.4212503
2.3217216
2.343054
2.2717512
2.330501
2.455091
2.434356
2.323952
2.3869102
2.4612038
2.236824
2.4778957
2.342228
2.181318
2.337029
2.453197
2.2707512
2.4563246
2.3488972
2.369219
2.3691735
2.2291884
2.2786634
2.4093776
2.2848394
2.3722844
2.242126
2.4529574
2.3614416
2.2654247
2.2508996
2.298776
2.4602296
2.168008
2.378928
2.2077672
2.2172902
2.317046
2.2699757
2.3015308
2.3191564
2.165899
2.247859
2.17734
2.3257205
2.263151
2.0821867
2.1473575
2.1558945
2.1900506
2.169539
2.129963
2.2882082
2.3042624
2.069589
2.3040738
2.2831616
2.183578
2.2266293
2.2042215
2.239316
2.333733
2.2523346
2.1909385
2.209201
2.2572422
2.34067
2.4051688
2.2166018
2.1363635
2.3645263
2.209063
2.3479054
2.141052
2.1609974
2.1134944
2.189189
2.0932572
2.1375895
2.0220253
2.0543394
2.2378423
2.061436
2.2091315
2.165499
2.1608524
2.3539743
2.1805558
2.157856
2.1921308
2.2859719
2.1580763
2.1688893
2.2337317
2.4634576
2.1631207
2.210838
2.3014631
2.2360697
2.2306676
2.2610304
2.17819
2.3866723
2.1754012
2.2002802
2.2683933
2.0958805
2.2179513
2.2827077
2.3305914
2.1961305
2.075867
2.103108
2.3529127
2.18927
2.1017306
2.146615
1.9804608
2.0335963
2.2756302
2.171975
2.314895
2.1565087
2.142822
2.1275096
2.0483766
2.1070044
2.0668468
2.0224507
1.9619168
2.263829
2.0895886
2.0062575
1.9645193
2.157025
2.2195022
2.1493185
2.0955875
2.153588
2.0475938
2.3206723
2.2268438
2.290573
2.0471983
2.0899127
2.2088394
2.1405435
2.211356
2.0553102
1.9483463
2.1440284
1.9104079
2.2753725
1.9935173
2.0739093
2.19684
2.2118742
2.139055
2.2426505
2.1214423
2.0880659
2.0601888
2.0684903
1.9880769
1.984592
2.149985
1.9743154
2.0625005
2.082267
2.202572
2.0972788
2.2539048
2.1135252
2.2459314
2.1080444
2.0646596
2.1450696
2.0913155
2.016936
1.9806224
2.013476
2.1179266
1.9040484
2.0000708
2.1035037
1.9882658
1.8936186
1.9984603
2.103288
2.0577288
2.0243735
1.9356945
2.0379732
2.075806
2.1432426
2.043805
2.078874
2.096619
2.0144663
2.0972064
2.173877
2.0524778
2.136689
1.9500618
2.100661
2.0261052
2.326863
2.2180395
2.1053646
2.069186
2.0738063
2.25889
2.042573
2.1650999
2.0434659
1.9171212
1.9960508
2.19589
1.9770653
1.8276875
2.0790293
2.040468
1.9641869
2.1380744
2.1249
2.1294346
2.2401145
2.054542
2.143646
2.0907283
2.22497
2.0307026
2.0347192
2.0848575
2.024215
2.1181533
1.9170867
1.964832
1.8367176
1.890257
1.9210266
1.849972
1.8863293
2.0414073
2.0534284
2.000403
1.9398937
1.979074
1.9201847
1.9279945
1.9845135
2.046696
2.0883303
2.2032042
2.2085536
2.133009
2.1436875
2.1982586
1.9576155
2.0526178
2.0477068
1.9274491
1.9759582
1.9125222
1.8809413
1.9242393
1.9473008
1.9265496
1.978916
1.9539813
1.9359912
1.9730082
1.8585372
2.0628774
1.9368517
2.0288382
2.0827365
1.9964323
2.0278585
1.975442
2.042408
2.0400128
1.9847813
1.872305
2.009735
1.8742394
1.9773632
1.8913236
1.9034617
1.9546692
1.7922622
1.8991
1.860153
1.958369
1.8223102
1.9091723
1.9715222
1.9106238
2.0558414
2.048394
2.016448
1.9934865
1.9978367
2.104761
1.9716407
1.9237972
2.0369177
1.9777925
1.8892075
1.9707255
1.9425993
1.9197122
1.9641311
2.001569
1.89384
1.8808242
1.9270308
1.8665123
1.8336489
2.00227
1.960938
1.8831203
1.991678
1.8775202
1.9665698
1.9133507
1.9067087
1.892139
1.8871642
1.9255757
1.8786505
1.9011543
1.9537553
1.9062105
1.9066924
2.1861537
1.9209173
1.8854904
1.9848076
1.9282583
2.0506463
2.0354207
1.9352696
1.9858217
1.9734154
1.8616142
1.8921913
1.9172373
1.9783235
1.8408082
1.8862455
1.9788712
1.9052075
2.0078375
2.0392675
2.0460196
1.9350127
1.8882039
1.9463352
1.8751245
1.9955131
1.882156
1.877905
1.9917516
1.9388822
1.8885673
1.992567
1.9611108
1.8088863
1.9496204
1.8065357
1.878597
1.9584363
1.873125
1.8734019
1.8861192
2.0000167
2.022556
1.9089091
1.8918005
1.833926
1.9300052
2.073435
1.9865454
1.9131266
1.8319337
1.948768
1.85999
2.0100698
2.075116
1.945015
1.916305
1.8616823
1.955035
1.9252485
1.9426258
2.0568736
2.02251
1.9082704
1.9558965
1.9157224
1.8993715
1.9724177
1.8869982
1.8458341
1.9275295
1.936286
1.9842248
1.9488865
2.1165316
2.0609624
1.9099215
1.7753875
2.0408995
2.0218213
1.9280825
1.8537823
1.8808613
1.8578037
2.0543244
1.901788
1.8886123
1.9113202
1.9351528
1.9400213
1.9410411
1.9083892
1.7983344
1.9529983
1.9943041
1.8533726
1.8879066
1.8831354
1.867209
1.8389455
1.9860259
1.8781484
1.9066423
1.8462754
1.7850665
1.8452808
1.7927235
1.8223851
1.8305162
1.7453318
1.8793715
1.7998613
1.8372535
1.9897022
1.748996
1.9896435
1.8602138
1.8798745
1.8876603
1.8838477
1.9156767
1.8737334
1.9024705
1.8368477
1.8651372
1.8778659
1.8364909
1.9455575
1.9451442
1.9482162
1.877067
1.8971249
1.9579988
1.8816586
1.8674097
1.7877891
1.8860745
1.8888773
1.8648541
1.8587128
1.9176488
1.8533489
1.753959
1.8121448
1.7046059
1.8674589
1.8335559
1.8184572
1.898512
2.034678
1.844164
1.9544495
1.9526974
1.8030537
1.7215585
1.8541754
1.8304963
1.7722355
1.9601692
1.8735703
1.7714605
1.8972943
1.8785946
1.8306116
1.7689607
1.7669202
1.7774581
1.8343136
1.8215642
1.9467537
1.7750797
1.7988344
1.8630137
1.8982602
1.7743093
1.711471
1.8769877
1.9118674
1.8794259
1.77796
1.9064437
1.93655
1.7280451
1.7979338
1.89586
1.9789555
1.8849478
1.9155071
2.0634232
1.8566291
1.871769
1.8257099
1.8031669
1.7800885
1.7936487
1.7367368
1.8237485
1.9280177
1.710609
1.8366191
1.7235305
1.7077267
1.8728541
1.7940919
1.7905953
1.7657007
1.7966002
1.7863092
1.7827679
1.8467119
1.7830563
1.8655876
1.8452903
1.7578635
1.7208678
1.796407
1.8381903
1.8159608
1.7502306
1.7517993
1.752165
1.7718459
1.7649202
1.8499124
1.8180578
1.7837917
1.9007243
1.7800132
1.7806219
1.8748565
1.9483477
1.941716
1.7517384
1.8183944
1.9492644
1.8080148
1.8743798
1.8515718
1.8118618
1.860882
1.9150027
2.0325615
1.8500147
1.7672895
2.0427558
1.8931872
1.8280038
1.9535058
1.8254938
1.8289785
1.8304048
1.8105925
1.8190264
1.8913298
1.8283422
1.950572
1.7491295
1.8457117
1.9662385
1.9294063
1.857602
1.754183
1.8481917
1.90037
1.8000443
1.9304588
1.7817014
1.862866
1.7901617
1.9307555
1.888262
1.8641281
1.7948508
1.8268054
1.8623865
1.8932959
1.8838032
1.7367145
1.880201
1.8035188
1.8854406
1.809601
1.7343236
1.9761742
1.7817998
1.7012528
1.7932802
1.7774563
1.7352897
1.8110727
1.7301577
1.7622195
1.823478
1.8105656
1.8390688
1.8481091
1.8917078
1.8018125
1.9311317
1.9122938
1.9187572
1.815814
1.7383159
1.7240236
1.8710552
1.6607022
1.834413
1.7403185
1.7403525
1.7872044
1.8372056
1.926582
1.7357324
1.7687759
1.8317182
1.8846548
1.748747
1.8717493
1.8672452
1.8779061
1.9096515
1.9270599
1.8840417
1.9104946
1.906751
2.112336
1.6950476
1.7193658
1.888234
1.9461886
1.8199162
1.8376616
1.6613737
1.790311
1.8012505
1.7372961
1.8184007
1.6751635
1.8792467
1.7753563
1.7967546
1.863941
1.8704662
1.911993
1.7728697
1.7323205
1.7789899
1.7124287
1.8159692
1.8144009
1.8969158
1.7256073
1.8323482
1.8670495
1.7895062
1.7882773
1.872848
1.746608
1.8216157
1.7435049
1.9822487
1.7582763
1.7663544
1.7928097
1.7427142
1.8036822
1.6868793
1.697792
1.7547667
1.7374748
1.7392809
1.7030792
1.724499
1.6939154
1.7049754
1.6848565
1.7139832
1.8075975
1.7538816
1.8024095
1.6962034
1.6877792
1.7308503
1.9609965
1.8115766
1.730421
1.8075265
1.794482
1.8354362
1.7539103
1.7825079
1.7919161
1.8790644
1.8252696
1.699757
1.7431098
1.7379197
1.7779133
1.7314208
1.6790315
1.8135413
1.7384518
1.7799298
1.6585109
1.7601696
1.7421213
1.6856222
1.7396922
1.7606506
1.7245599
1.7342234
1.7277726
1.7574667
1.6822149
1.759641
1.7477051
1.7175382
1.7914363
1.7231432
1.710003
1.7248025
1.7499443
1.8767855
1.7822272
1.761443
1.9793648
1.9166642
1.901643
1.8470727
1.8882265
1.982819
1.7620165
1.6532441
1.7574127
1.8091742
1.8140864
1.7419492
1.7450793
1.7172602
1.6831095
1.7611324
1.8547887
1.7363682
1.6626235
1.659601
1.7306567
1.7032168
1.7875146
1.749981
1.7608082
1.8997381
1.8295052
1.8122768
1.8116165
1.7666698
1.9908577
1.8965068
1.7189305
1.8106321
1.7574435
1.8051455
1.6786335
1.6974876
1.8069042
1.6736364
1.7901422
1.7509434
1.7917339
1.705311
1.8493326
1.8353995
1.8192325
1.7302822
1.7993104
1.8089353
1.851557
1.8457172
1.800152
1.7350907
1.8466679
1.847897
1.7297072
1.749526
1.6966393
1.7323751
1.731137
1.7951657
1.6733241
1.8445668
1.7297713
1.8420092
1.8715991
1.741953
1.8828943
1.7260944
1.7317698
1.835739
1.8100011
1.8250074
1.7668698
1.753478
1.7324638
1.6749017
1.7848122
1.7753085
1.8009205
1.6763405
1.6977911
1.9222423
1.7221683
1.6850282
1.6882
1.8024627
1.7119911
1.8384378
1.7549257
1.8448952
1.8657135
1.8121872
1.8098438
1.675571
1.7341453
1.7761377
1.8397678
1.7531992
1.7574136
1.8971336
1.758444
1.7104921
1.7020336
1.7705747
1.7547822
1.8843875
1.7257794
1.7401893
1.7241683
1.766871
1.7190444
1.7548116
1.811483
1.892276
1.7464668
1.7939695
1.7220565
1.7609155
1.6665267
1.7932028
1.7441182
1.715615
1.7249632
1.712879
1.7912947
1.6984519
1.7145958
1.689069
1.6710126
1.7513121
1.7451499
1.7481639
1.703511
1.792921
1.734571
1.7941631
1.8240365
1.7510037
1.8291117
1.7984648
1.840699
1.7987157
1.7144828
1.7399721
1.7471675
1.6836452
1.7864017
1.7550143
1.7085222
1.7662426
1.7886479
1.7597445
1.7558624
1.742669
1.697727
1.846208
1.7473872
1.7842605
1.8548415
1.8464087
1.7337486
1.6670493
1.763388
1.7338033
1.7120644
1.8002458
1.8050997
1.7856605
1.7559298
1.8728738
1.811811
1.8884922
1.7053277
1.739246
1.8129721
1.7576011
1.7730454
1.7867782
1.7297869
1.7925035
1.9122218
1.7275609
1.6988665
1.7523576
1.8141482
1.8041338
1.697126
1.6890568
1.6325806
1.682475
1.708692
1.709249
1.6785724
1.6540537
1.7304755
1.6937265
1.6317275
1.6496879
1.7085882
1.7253573
1.7219765
1.71356
1.7836466
1.7698387
1.7023352
1.7429353
1.719967
1.6485455
1.7264097
1.6585697
1.7861012
1.7602153
1.62598
1.6214465
1.733328
1.6983495
1.73844
1.8099658
1.6579201
1.7023519
1.7077072
1.7534237
1.6667237
1.7214104
1.6632007
1.7324796
1.8030244
1.7375352
1.8312372
1.7362102
1.7608815
1.7631217
1.8027209
1.6671598
1.6708164
1.7152766
1.6345627
1.6801885
1.760782
1.6222165
1.6926081
1.6544337
1.6581815
1.7876604
1.7992841
1.6935352
1.7482163
1.7833803
1.6754535
1.8402716
1.8575338
1.723607
1.8070582
1.7287855
1.692144
1.6822842
1.7034098
1.68295
1.7508081
1.6877841
1.7112982
1.6833557
1.7536275
1.7109666
1.7852262
1.7341092
1.6801647
1.7344662
1.8801663
1.6595572
1.7321876
1.8593618
1.8946236
1.7138648
1.741133
1.6839292
1.7906437
1.6294904
1.6985083
1.6588315
1.6748937
1.7199607
1.6707771
1.7412485
1.6997187
1.6511678
1.7478958
1.7458549
1.7478366
1.7319528
1.8292274
1.7273989
1.7073305
1.7756029
1.6795665
1.783491
1.7342179
1.6820365
1.6630547
1.6606244
1.8175673
1.6792403
1.6690686
1.7921423
1.6364897
1.7155738
1.698361
1.6880097
1.7832618
1.6728505
1.784049
1.749727
1.8212881
1.7400135
1.6771376
1.8153013
1.7467892
1.6886694
1.6750016
1.775952
1.7593896
1.7961786
1.7039758
1.7403607
1.6878626
1.8213397
1.7158206
1.7071517
1.7899818
1.7189518
1.6163597
1.6919804
1.829414
1.7202561
1.8022206
1.693894
1.6712023
1.6920327
1.731164
1.753275
1.6656373
1.6487547
1.7012162
1.7464472
1.6858
1.7008166
1.6919903
1.6877338
1.6864183
1.7829515
1.6537848
1.6544487
1.7222582
1.6528754
1.8222908
1.7320316
1.6672839
1.74498
1.7131644
1.6635703
1.7430739
1.6473702
1.6436721
1.7781618
1.6654572
1.6545688
1.6459663
1.6738455
1.6474411
1.6400423
1.7878726
1.7929069
1.7558148
1.6525519
1.628324
1.6407984
1.6964512
1.6729264
1.7139152
1.6157472
1.622502
1.623681
1.7028532
1.632344
1.7800314
1.6635519
1.6774246
1.6724031
1.6731997
1.6557126
1.7574933
1.7731729
1.7183022
1.699375
1.682585
1.7237445
1.6644708
1.6568925
1.7282898
1.7347852
1.7079747
1.7022303
1.778526
1.6888505
1.6404972
1.6633432
1.7550884
1.7174612
1.6738502
1.7010927
1.7387117
1.8330908
1.694618
1.7140639
1.7243166
1.6626037
1.6584377
1.6250677
1.6963668
1.6265028
1.6978775
1.6949875
1.7281373
1.7832041
1.8125685
1.6977377
1.7498153
1.7018046
1.7688309
1.732672
1.713222
1.7523853
1.7243003
1.787029
1.6991425
1.7283258
1.7321329
1.6413102
1.6474291
1.7488071
1.6905882
1.651537
1.764083
1.7073501
1.7520748
1.6127002
1.7020153
1.6600215
1.7217774
1.6620439
1.6538475
1.642916
1.812855
1.7121305
1.6240805
1.7769939
1.7448932
1.7071216
1.6588128
1.7908018
1.69821
1.709874
1.9015579
1.7194103
1.6719172
1.650148
1.6714144
1.7093049
1.7819277
1.7345358
1.7707896
1.740864
1.7598618
1.7716439
1.841466
1.8119098
1.860715
1.725205
1.6785437
1.755018
1.721108
1.686568
1.7402174
1.8868603
1.7170643
1.7043153
1.7414228
1.6877403
1.7439237
1.945032
1.7830797
1.78642
1.8177336
1.849851
1.7179731
1.8359582
1.7677233
1.6813297
1.7147198
1.7736597
1.6991643
1.70785
1.6225874
1.6412537
1.7318105
1.8395154
1.7332
1.706978
1.6703923
1.6721623
1.6429673
1.6920655
1.7071085
1.7184446
1.6434954
1.7118295
1.6317149
1.6574045
1.712446
1.8021287
1.7418802
1.6812705
1.6488823
1.6432251
1.7609807
1.6992404
1.6789006
1.6303349
1.651744
1.6348766
1.5995872
1.702861
1.6457803
1.7462045
1.7009532
1.6572677
1.6642236
1.630323
1.7498372
1.7830932
1.7761137
1.684958
1.6590433
1.7817723
1.6859645
1.6239529
1.6766222
1.649667
1.72319
1.6590503
1.6452975
1.6444597
1.6272882
1.6618599
1.6243764
1.6690915
1.7072086
1.6880409
1.7008764
1.6229527
1.6793377
1.7251698
1.7865329
1.6841215
1.6665295
1.62418
1.699569
1.6008003
1.608702
1.6053942
1.6825905
1.683528
1.7058363
1.7400787
1.6907458
1.70214
1.6907538
1.7424568
1.7054332
1.7357123
1.6917943
1.6786425
1.7620317
1.7703787
1.6640451
1.7291589
1.6681868
1.7366371
1.7090544
1.6942037
1.6986246
1.6612186
1.669959
1.6097381
1.6250293
1.6489531
1.6118315
1.7466547
1.7907635
1.6873924
1.6432025
1.6771933
1.678409
1.672764
1.6580405
1.7365693
1.718675
1.7136637
1.764059
1.6671466
1.685618
1.6620089
1.6690382
1.6240009
1.6249515
1.62897
1.7611259
1.7428337
1.6351509
1.6118749
1.6716952
1.7070717
1.6512246
1.6743604
1.6601745
1.6845398
1.7052317
1.7013185
1.665458
1.645227
1.68939
1.652278
1.7399004
1.615293
1.715269
1.6313783
1.6429132
1.7116183
1.6562532
1.7288913
1.6252834
1.7926337
1.674961
1.712729
1.6339794
1.6741657
1.7520015
1.7031374
1.6646345
1.6997885
1.6755688
1.6737152
1.7472347
1.6997535
1.6965808
1.6616565
1.7056288
1.692015
1.6003572
1.6407574
1.6887097
1.724822
1.6715823
1.638511
1.6466715
1.7204677
1.6902155
1.7693232
1.7317326
1.7421755
1.7828885
1.764283
1.6793512
1.7612594
1.7901293
1.6338031
1.7166617
1.6698712
1.6721418
1.8727932
1.7801218
1.718878
1.5994217
1.8057386
1.7008369
1.7502782
1.6255742
1.7397755
1.6698313
1.6272985
1.6492774
1.7322087
1.7877365
1.6410477
1.7475653
1.6229962
1.6837991
1.7691891
1.6665319
1.6565378
1.6441622
1.6561543
1.7501905
1.6291673
1.7970728
1.6174183
1.7267613
1.7257493
1.6471735
1.6858122
1.7207372
1.6419004
1.642445
1.6678797
1.7779126
1.7256242
1.628621
1.5952662
1.6656945
1.8511298
1.6635083
1.6072419
1.7110822
1.7412041
1.7566615
1.7313873
1.618142
1.6404212
1.6875602
1.7460351
1.6703613
1.6143522
1.7566215
1.6711848
1.78718
1.660529
1.6287235
1.730118
1.7155043
1.7181205
1.781249
1.644624
1.6750886
1.6636827
1.8148797
1.7132999
1.7362921
1.6838195
1.6301928
1.6437185
1.7267103
1.8184857
1.6473337
1.6459867
1.7029053
1.647945
1.8288511
1.7177907
1.6904087
1.8209742
1.6501654
1.8015229
1.8357321
1.721
1.7864654
1.6764468
1.7561388
1.6265938
1.6961364
1.6563687
1.7305984
1.6086425
1.6550074
1.6436077
1.6732264
1.7155577
1.6666521
1.6479539
1.6636703
1.618974
1.6405491
1.7359922
1.64412
1.6651257
1.6063952
1.7118025
1.6576618
1.6278223
1.62239
1.6951643
1.695578
1.6825802
1.6776719
1.609805
1.674881
1.6616312
1.6455492
1.6327643
1.6340685
1.6117656
1.8089306
1.6793592
1.8392236
1.8077826
1.6637684
1.6328468
1.7440606
1.7693009
1.6086153
1.6379255
1.710647
1.6664749
1.6286939
1.6398705
1.6217637
1.6463885
1.6372449
1.672506
1.6546777
1.6365631
1.6757262
1.6933879
1.622149
1.6300851
1.6232643
1.6777797
1.571653
1.6498984
1.6293111
1.6637684
1.6103582
1.6905776
1.696674
1.6690128
1.7111143
1.9637582
1.6775217
1.6745872
1.7466434
1.6562943
1.721996
1.6830724
1.6966598
1.6618505
1.638734
1.6815904
1.67541
1.6372358
1.673537
1.6730423
1.652544
1.6210353
1.6878405
1.6711923
1.7101047
1.7359576
1.657849
1.6127473
1.5900348
1.5953263
1.6495857
1.6755519
1.7556107
1.6599077
1.6681513
1.637017
1.7008679
1.6716657
1.7199931
1.6890345
1.8039396
1.666989
1.7720343
1.670601
1.7476351
1.6794442
1.6894135
1.6193978
1.7452976
1.6485702
1.6015306
1.6031265
1.6551665
1.7235109
1.7174327
1.6291132
1.6745138
1.621711
1.8505801
1.6975455
1.8114637
1.688033
1.8978957
1.7789655
1.600938
1.7386246
1.6551399
1.6302357
1.7448643
1.6569917
1.6377813
1.5812837
1.6124666
1.5990891
1.629335
1.744735
1.6292453
1.6869332
1.621562
1.6255
1.7822198
1.7060306
1.6519282
1.6910678
1.6391706
1.8232613
1.7628199
1.660624
1.6386287
1.6874596
1.6863078
1.7266448
1.6492943
1.6498584
1.6218985
1.7293322
1.7628088
1.7633786
1.6805706
1.7311735
1.6243263
1.8925842
1.6369137
1.6105312
1.65163
1.7154065
1.6629027
1.7140647
1.6495919
1.6877753
1.7203909
1.7148883
1.7759625
1.5969169
1.7831532
1.771545
1.6710001
1.6382897
1.7233306
1.676972
1.8649242
1.7095191
1.6025138
1.7024198
1.6400024
1.6974612
1.7182775
1.6979198
1.610595
1.603794
1.7238231
1.6345987
1.6603396
1.8185586
1.6758512
1.6492031
1.6343035
1.6841754
1.7792768
1.8242326
1.7099177
1.611534
1.6685038
1.6209464
1.6669878
1.630619
1.6430333
1.7137582
1.6281235
1.6995918
1.6853706
1.6230787
1.645525
1.6316464
1.6542473
1.6569195
1.6044812
1.6495697
1.6681387
1.6822658
1.8030043
1.6519332
1.6413951
1.6523789
1.6345956
1.7057737
1.596185
1.5843328
1.6055088
1.6499352
1.6957518
1.6249799
1.61895
1.593901
1.6496968
1.6516871
1.571452
1.6466187
1.6224535
1.639155
1.675116
1.6110911
1.6846035
1.5861143
1.5982542
1.6950717
1.6174687
1.6068393
1.6676344
1.6189755
1.615669
1.651836
1.6188691
1.6293103
1.7227312
1.6570357
1.6201538
1.6942265
1.6227177
1.6671163
1.646301
1.7002697
1.671823
1.6562722
1.6209188
1.5967666
1.6832002
1.6317849
1.616003
1.6772463
1.7182026
1.6595984
1.6009036
1.6784858
1.6443057
1.6692728
1.6692263
1.639055
1.5849607
1.6690937
1.599745
1.5741276
1.6275402
1.6169028
1.7304708
1.6695142
1.6727768
1.6182996
1.6868228
1.651312
1.8928374
1.7145207
1.754727
1.710388
1.7209982
1.8311371
1.7866575
1.6666871
1.7066561
1.7014465
1.6629343
1.6665647
1.652488
1.6445284
1.6628376
1.7942494
1.757724
1.679201
1.6666772
1.6096394
1.7272555
1.705845
1.6301458
1.5985436
1.641265
1.6031017
1.6727065
1.5997945
1.6616777
1.6974508
1.6144447
1.6063441
1.6484221
1.5943781
1.65844
1.6452007
1.6676496
1.5871491
1.6750094
1.6574079
1.6562352
1.6489795
1.6658808
1.711405
1.6654468
1.7040554
1.7421707
1.7455012
1.6740081
1.7678342
1.6831145
1.5978658
1.5951848
1.6668795
1.628389
1.6087545
1.6821492
1.6119043
1.6350667
1.5922848
1.643498
1.6494168
1.6493738
1.6557088
1.654923
1.6303037
1.6866436
1.7315445
1.8184757
1.723529
1.7041352
1.6029744
1.6161592
1.6348298
1.7494068
1.685874
1.7641932
1.6520754
1.7922502
1.7851843
1.6741962
1.785843
1.6185188
1.7312113
1.7913785
1.8609041
1.7307442
1.7003965
1.672676
1.665943
1.6272893
1.6078069
1.6326022
1.644615
1.6213864
1.6498325
1.6267217
1.6763432
1.6882118
1.6871771
1.6669858
1.7829685
1.5850654
1.7266675
1.6583792
1.7016035
1.6649687
1.737001
1.6750463
1.7706385
1.6812958
1.6127645
1.6967552
1.7189925
1.6940075
1.576506
1.6391302
1.6859639
1.8279092
1.7024941
1.6573333
1.6236613
1.6862415
1.7226063
1.6327653
1.7413875
1.6986297
1.6474525
1.6593314
1.632385
1.6886307
1.7473484
1.675326
1.6682745
1.7538805
1.7406853
1.7024512
1.6881075
1.6126628
1.686426
1.6719905
1.6962165
1.7594472
1.5850955
1.665427
1.6239545
1.7325808
1.6674265
1.7519462
1.6601756
1.8727157
1.6254437
1.5933622
1.74556
1.7869778
1.8474314
1.6394198
1.7200848
1.726073
1.641202
1.678192
1.6981727
1.6405818
1.6240371
1.6657362
1.7243875
1.6508585
1.7795237
1.6491747
1.6558281
1.7332014
1.7841879
1.6181653
1.7153617
1.6727104
1.6696178
1.6284055
1.6049949
1.6498358
1.633801
1.5917083
1.6988839
1.6792908
1.6376772
1.613866
1.5955478
1.5825785
1.622443
1.67018
1.612484
1.6481501
1.587476
1.6093718
1.5981191
1.7184912
1.5867333
1.5960606
1.6118485
1.6396028
1.7372751
1.5999848
1.7757325
1.600504
1.6806515
1.7328669
1.578171
1.683105
1.6367327
1.7103616
1.721259
1.6394835
1.7164783
1.709543
1.6186962
1.6642486
1.6151667
1.677132
1.696641
1.6506215
1.6108598
1.609194
1.6441244
1.5551152
1.639815
1.6264362
1.7647527
1.6667273
1.6890452
1.7000086
1.6396782
1.645748
1.8509991
1.8684665
1.6761082
1.6798689
1.5999626
1.62788
1.6365123
1.7043546
1.6705108
1.605473
1.6738172
1.630921
1.5756695
1.6265087
1.6151
1.6362542
1.6017332
1.6690416
1.6904157
1.5927652
1.6548086
1.626964
1.67087
1.6225008
1.5863478
1.641697
1.5967004
1.7087837
1.5996877
1.6401196
1.6221232
1.6404938
1.6347736
1.6281085
1.6766882
1.6223004
1.7177862
1.6487405
1.7035804
1.620212
1.6554595
1.6992612
1.5720522
1.5857815
1.6583021
1.6743418
1.6378865
1.590815
1.622909
1.6559372
1.5721934
1.6280438
1.6443379
1.5899267
1.6683923
1.583387
1.601468
1.6354496
1.6154304
1.592585
1.6132232
1.6059126
1.6152565
1.7037328
1.6437639
1.6410846
1.5735133
1.6636866
1.6052504
1.662536
1.604038
1.6173247
1.6177562
1.6121956
1.6556915
1.5966347
1.6336617
1.5680286
1.706511
1.8046441
1.6097777
1.6275485
1.6334845
1.8121663
1.7964734
1.731698
1.6694689
1.734512
1.6527072
1.5846647
1.7214112
1.6140922
1.5858841
1.7357618
1.6483778
1.5714294
1.5752475
1.6174214
1.6112032
1.669648
1.6436735
1.6395652
1.6111318
1.5956398
1.5752897
1.6314077
1.6190022
1.7291473
1.6503342
1.6552558
1.7847044
1.6899459
1.5814991
1.5844467
1.6525122
1.6922183
1.6128198
1.6342603
1.6521657
1.6133165
1.714656
1.6507437
1.5953432
1.6365145
1.6944407
1.5987525
1.6554092
1.6124467
1.6389933
1.6122891
1.7000277
1.6059482
1.7265576
1.5868458
1.6199898
1.5754168
1.6396861
1.6611017
1.6201586
1.6675099
1.7421935
1.5989952
1.6262403
1.590962
1.726175
1.5843513
1.5712415
1.6339376
1.6868454
1.7024428
1.6714116
1.681102
1.597606
1.5874732
1.5797015
1.7398785
1.6759974
1.6044446
1.7196835
1.6950548
1.6063972
1.6459041
1.610688
1.6779587
1.6742895
1.7635202
1.6213689
1.7032572
1.6759486
1.6213384
1.6733267
1.6129737
1.6296445
1.6245906
1.6016217
1.6401962
1.642452
1.5917935
1.6255525
1.6056159
1.595813
1.6451777
1.6024712
1.6162299
1.6527624
1.6036395
1.6292924
1.5699193
1.6655091
1.6475844
1.6723096
1.5786967
1.6416979
1.7050413
1.618163
1.6059717
1.664449
1.5845453
1.6332058
1.59873
1.6198066
1.6021297
1.675045
1.6824214
1.6352547
1.623997
1.5764858
1.7141479
1.639892
1.621019
1.567688
1.6558677
1.607073
1.585517
1.646126
1.6470801
1.5783447
1.6580935
1.651301
1.6102331
1.6950696
1.6039445
1.706092
1.7599583
1.7205651
1.7481705
1.6625187
1.6575289
1.6639538
1.6111277
1.6092377
1.607327
1.7340485
1.6553878
1.733677
1.6188707
1.6936272
1.6880779
1.6961102
1.6644932
1.6610519
1.6751351
1.6266655
1.6083127
1.7547407
1.7579268
1.7117935
1.5996792
1.624196
1.634713
1.6187903
1.715933
1.6903753
1.5841658
1.5899168
1.701098
1.6622245
1.6136305
1.6783572
1.5743812
1.55597
1.5750415
1.6901348
1.6415548
1.6250712
1.6426765
1.6703215
1.6142601
1.5909058
1.6110375
1.586919
1.6131493
1.5869364
1.6272484
1.5734551
1.5713367
1.631055
1.5960265
1.6063827
1.6052966
1.6329747
1.5900295
1.6289014
1.6456219
1.6792388
1.6098235
1.6553928
1.669909
1.6485733
1.6417162
1.6505227
1.699908
1.5828017
1.6511847
1.624213
1.5859365
1.6646425
1.5890704
1.5937707
1.55658
1.5869607
1.6549374
1.6906179
1.6718414
1.723923
1.5851078
1.6211464
1.6202316
1.6760253
1.6358125
1.6351275
1.6190134
1.668147
1.7880825
1.650127
1.6815186
1.5779854
1.5917512
1.5998611
1.6584744
1.610374
1.6689203
1.5909625
1.5918462
1.6005216
1.6263361
1.6116354
1.5838739
1.5994099
1.625916
1.6100575
1.6969007
1.5851818
1.6200604
1.5827886
1.5703287
1.6250542
1.6288297
1.5711175
1.568383
1.654825
1.572226
1.6218989
1.6470529
1.6333195
1.6428905
1.5749623
1.6181185
1.668508
1.6434302
1.69653
1.638436
1.6574287
1.6453228
1.6875387
1.694281
1.7074066
1.6226568
1.6330485
1.6432806
1.6915041
1.5607548
1.597209
1.6446753
1.600034
1.6568732
1.5819813
1.5806522
1.5737655
1.6095798
1.580633
1.5819783
1.6277007
1.5774182
1.5991653
1.6330727
1.6160332
1.6465253
1.6689472
1.6490679
1.562076
1.583676
1.609086
1.6200428
1.5975915
1.5708975
1.6019093
1.5831136
1.6341423
1.7435812
1.5997752
1.5832021
1.6383855
1.6173425
1.6161215
1.76431
1.6645479
1.6223404
1.6175628
1.6592045
1.6529905
1.5972813
1.665533
1.6473655
1.6419646
1.6359271
1.6305453
1.605651
1.577912
1.6102698
1.6498193
1.5708694
1.6035982
1.6541874
1.573964
1.6604812
1.6505543
1.6159251
1.5757083
1.6876861
1.620964
1.6198461
1.6683388
1.6585138
1.6264018
1.6626304
1.744438
1.6144037
1.7097317
1.5962366
1.596481
1.6806277
1.6476707
1.641871
1.5846578
1.5815864
1.606072
1.596467
1.5910294
1.6660179
1.5744067
1.6315721
1.5970271
1.7032723
1.6013335
1.7342069
1.6352205
1.635857
1.6078807
1.6249872
1.6865335
1.586789
1.6157207
1.6723417
1.5751632
1.666932
1.7184055
1.593362
1.6858058
1.672894
1.6820722
1.6123958
1.702044
1.6335121
1.6175718
1.6293937
1.6630557
1.707267
1.6144892
1.6649603
1.616908
1.6008395
1.6326317
1.7050114
1.6214006
1.6322827
1.5868385
1.6474175
1.59122
1.663878
1.565548
1.6611258
1.5792938
1.5831428
1.5891877
1.6251835
1.6389295
1.6855655
1.6551453
1.7044251
1.5976435
1.6057945
1.597161
1.6452112
1.601579
1.7003525
1.7115728
1.569739
1.5790889
1.6254653
1.6015947
1.736195
1.7279996
1.7185832
1.6036724
1.672069
1.6876179
1.5907345
1.6138527
1.6110835
1.6681428
1.6140553
1.6144035
1.6378182
1.7145562
1.632463
1.6116297
1.632536
1.5922978
1.6897777
1.6780195
1.5649136
1.5782607
1.588766
1.6343491
1.8785913
1.6700599
1.666691
1.9747492
1.8803208
1.6050694
1.6106066
1.6197498
1.6084896
1.6601048
1.6930189
1.6556245
1.7990342
1.5792564
1.6761084
1.6382202
1.7031541
1.638426
1.6572253
1.617777
1.6103301
1.6465889
1.6740783
1.6158636
1.5557365
1.6051974
1.6540592
1.663831
1.607602
1.6507616
1.6137929
1.68034
1.6671402
1.613302
1.6282122
1.6262561
1.6426382
1.6146983
1.7040598
1.6015564
1.6566873
1.6645659
1.6475569
1.558172
1.641403
1.6167828
1.6744121
1.6167214
1.5897613
1.644947
1.5742228
1.6515045
1.57548
1.6056249
1.6403444
1.5770525
1.6572102
1.7089782
1.6984389
1.6028941
1.6226952
1.6443425
1.6390465
1.6216635
1.7105542
1.7321051
1.6639225
1.582503
1.5900277
1.7607245
1.7448691
1.6020461
1.5883625
1.5885593
1.6861029
1.6426083
1.8140757
1.6085335
1.6369498
1.5695802
1.6287497
1.5883085
1.6151959
1.7204264
1.633257
1.6585096
1.557593
1.5889704
1.6479052
1.7265743
1.6686012
1.5520197
1.5680833
1.567247
1.629938
1.6446465
1.629004
1.6142814
1.719013
1.6005608
1.6253605
1.6575133
1.6367584
1.6932055
1.6860267
1.6882762
1.7528349
1.6450362
1.6298662
1.6551291
1.5874614
1.64529
1.6516365
1.6562456
1.6072669
1.7252874
1.6517388
1.5812488
1.7683527
1.6645845
1.6715287
1.736293
1.5566362
1.6139427
1.5856109
1.5985256
1.5861257
1.6481235
1.6796882
1.5988325
1.6282657
1.5990423
1.6653894
1.5982808
1.7257136
1.5763468
1.5781065
1.6214877
1.5691034
1.6757578
1.5904729
1.5918112
1.5534587
1.6396564
1.5658293
1.6858373
1.6483055
1.594057
1.6416365
1.6755279
1.6820781
1.6358068
1.6030844
1.6014093
1.577856
1.6776173
1.7007287
1.7170622
1.6178358
1.5967885
1.7696695
1.6050836
1.6529379
1.6202126
1.665095
1.6208799
1.6467355
1.6440092
1.7172823
1.6738577
1.6053566
1.6803049
1.7232287
1.671295
1.7389821
1.6787026
1.6319113
1.5556543
1.5931413
1.6139503
1.5949931
1.6906152
1.6219747
1.6567461
1.6940107
1.6092948
1.6185657
1.6169814
1.5735067
1.5862081
1.6413413
1.579726
1.6311166
1.6128799
1.6267723
1.6067039
1.6422766
1.5787717
1.5900949
1.6635532
1.7133478
1.5572257
1.569755
1.547739
1.5577487
1.6159576
1.6342685
1.6230143
1.6096938
1.5971075
1.5734057
1.661755
1.5747982
1.5501492
1.6133388
1.6192884
1.674787
1.6870755
1.630181
1.6503469
1.6872623
1.6320996
1.6071398
1.5940429
1.6061417
1.6448194
1.6330773
1.5729051
1.6020707
1.6225176
1.6000932
1.5514861
1.6112603
1.6459345
1.6002088
1.6563468
1.5569665
1.6097665
1.584054
1.612816
1.6891005
1.634773
1.6579021
1.7257237
1.711637
1.6193717
1.6591183
1.6162868
1.6107244
1.6079816
1.6192598
1.6838273
1.6464726
1.6420884
1.6306819
1.6248697
1.6347989
1.6354992
1.6557032
1.6375912
1.647398
1.5879228
1.6568866
1.6833813
1.5767007
1.714621
1.7184749
1.6420528
1.6674728
1.5830393
1.6626238
1.6318218
1.5797372
1.6263216
1.5874233
1.6158737
1.5948716
1.7344186
1.6266004
1.641121
1.6266537
1.6171887
1.5811394
1.7435173
1.5833704
1.577761
1.6381993
1.6260242
1.5690795
1.6590047
1.6605954
1.6093585
1.6287593
1.9262294
1.6077942
1.6067522
1.6518701
1.6519272
1.6483032
1.5997888
1.573712
1.588468
1.6879725
1.6097376
1.5620233
1.6329311
1.6675792
1.6475403
1.5541683
1.6300498
1.5919183
1.6363285
1.5896437
1.6271738
1.6096045
1.5566589
1.6068556
1.6201488
1.6239408
1.6707191
1.5837315
1.6654497
1.5734804
1.677486
1.6337137
1.6030865
1.6100755
1.6389084
1.5906783
1.6010541
1.6246165
1.5887554
1.5564106
1.624813
1.5930067
1.6572647
1.5723431
1.652597
1.6738639
1.5588443
1.6324955
1.6264145
1.7038218
1.6441201
1.7110202
1.7851863
1.6379497
1.6190954
1.5904382
1.6276075
1.5805875
1.5694736
1.5935103
1.5837152
1.5965402
1.6478432
1.5988888
1.581516
1.5965842
1.5554568
1.6288497
1.6209385
1.5913173
1.6015234
1.5987302
1.633088
1.6386558
1.6460704
1.6077555
1.6133662
1.5968202
1.5914798
1.6153476
1.703424
1.6598217
1.5718533
1.6217169
1.8798683
1.6075395
1.6342243
1.6191187
1.7776245
1.5823083
1.661209
1.5887408
1.645383
1.5946765
1.5871342
1.5891107
1.5885359
1.5983734
1.6004926
1.6372752
1.5989208
1.6497025
1.5597073
1.652499
1.5882083
1.5784329
1.6140206
1.6919706
1.6232816
1.5459565
1.5981095
1.6128995
1.6476305
1.5732383
1.5732633
1.685861
1.6360747
1.6490707
1.6189883
1.575385
1.5811291
1.6544605
1.5695956
1.572099
1.6330255
1.5821557
1.7009741
1.7603148
1.5794115
1.6034405
1.6326168
1.6429235
1.7913625
1.6218047
1.6032002
1.570999
1.6392046
1.5903237
1.5987874
1.5862352
1.6865629
1.709219
1.6675779
1.5959595
1.6159587
1.5919018
1.5749888
1.5716375
1.7768487
1.6822749
1.6340865
1.5983025
1.6230205
1.6441561
1.6682764
1.6818217
1.5904008
1.578965
1.5987664
1.6876038
1.6029545
1.6043129
1.6158118
1.5902065
1.6326756
1.6450921
1.5936368
1.6047654
1.6419524
1.6278763
1.5947559
1.5631093
1.6209008
1.5888582
1.5911536
1.6158751
1.581651
1.5865288
1.5448725
1.5571635
1.6147771
1.6281625
1.5787868
1.6116635
1.5924938
1.584046
1.6095917
1.5839958
1.6330495
1.5875007
1.5825783
1.5851269
1.6184641
1.5760531
1.6770878
1.5525455
1.576347
1.6700315
1.6160241
1.6396873
1.6006806
1.6046367
1.5545717
1.6155697
1.6007693
1.5703752
1.6383896
1.6211727
1.5930275
1.6024113
1.6321337
1.592298
1.5648093
1.5880481
1.5411403
1.5709867
1.6820463
1.577154
1.6174568
1.6621557
1.573261
1.5748401
1.5447826
1.6145668
1.5935694
1.6908984
1.6368573
1.6340814
1.7646313
1.6016665
1.558105
1.5779318
1.5914243
1.5713404
1.6266356
1.5921661
1.6475475
1.5897002
1.6736419
1.647711
1.5810827
1.6525078
1.5877615
1.6396208
1.6942598
1.5525227
1.5792768
1.6217844
1.64786
1.761449
1.6285328
1.5922823
1.5693133
1.5747412
1.6376557
1.6002359
1.5713352
1.5813423
1.5723209
1.5931281
1.5904325
1.5736603
1.5657401
1.662512
1.6072185
1.5675895
1.5985332
1.5723301
1.5833533
1.5955186
1.581653
1.613362
1.6333693
1.6079669
1.6502973
1.6194226
1.6019655
1.5824269
1.5904223
1.6196012
1.7041022
1.5707445
1.5776305
1.5552349
1.6826175
1.783962
1.5752689
1.634485
1.57775
1.6343096
1.8273311
1.6027144
1.6121564
1.6207781
1.7212083
1.6784197
1.607274
1.5592594
1.6396164
1.6702298
1.7328795
1.6711303
1.589337
1.6395885
1.7002642
1.6013708
1.579515
1.5955801
1.5598726
1.5810493
1.5456622
1.6888435
1.6759586
1.5863985
1.5857853
1.5769225
1.5684007
1.620231
1.5586458
1.5516251
1.551521
1.5558715
1.5927877
1.5664728
1.582918
1.5999037
1.6308991
1.635146
1.7471519
1.569807
1.6435927
1.5843304
1.6024985
1.6249807
1.6317366
1.6146003
1.5892055
1.6304072
1.5956817
1.6065135
1.6055915
1.5855638
1.6706654
1.6107645
1.5931891
1.5778705
1.669666
1.6034675
1.577226
1.6262071
1.6239377
1.5729145
1.6187211
1.6631005
1.564184
1.574185
1.645999
1.6367612
1.6309606
1.6537455
1.6016417
1.6215292
1.6489882
1.6803179
1.6070278
1.6351877
1.8152915
1.6875577
1.6064178
1.5852134
1.6071746
1.6356143
1.6666689
1.628292
1.5946945
1.5757678
1.6317036
1.5870998
1.6669463
1.6786934
1.5811932
1.7116426
1.5717674
1.5826665
1.5990566
1.6385921
1.56392
1.567854
1.689026
1.5840198
1.5821593
1.6128408
1.626295
1.6224593
1.5684229
1.7104096
1.6021422
1.6867647
1.6021217
1.571013
1.5921754
1.6536795
1.7158191
1.7018905
1.6255596
1.6149617
1.712511
1.7003515
1.5922798
1.6531073
1.6165026
1.5874766
1.5805788
1.6233824
1.5712681
1.6102614
1.593153
1.6342752
1.5587442
1.5969017
1.5780381
1.6302356
1.6812041
1.6187668
1.611819
1.5978895
1.5538073
1.6399922
1.5915504
1.578967
1.568913
1.6644683
1.5797453
1.6205672
1.5905257
1.6094992
1.5951842
1.5538198
1.5602897
1.5846243
1.5732125
1.6606008
1.5929792
1.5890265
1.667197
1.6093934
1.5648497
1.5489525
1.614627
1.5677898
1.574878
1.560946
1.6007007
1.5906713
1.5685309
1.648843
1.5786598
1.5918877
1.5615705
1.6019124
1.5733228
1.5872698
1.553133
1.5445781
1.547097
1.6350285
1.5836802
1.5661153
1.5818212
1.6053722
1.6422566
1.5620644
1.5683464
1.6324903
1.6337153
1.6575742
1.5590684
1.635025
1.5710245
1.6054492
1.6543993
1.662574
1.5420873
1.6328387
1.7847172
1.6783478
1.6818491
1.5866653
1.5731485
1.5917547
1.6871667
1.6424537
1.6458137
1.7613776
1.5451715
1.5785983
1.5709741
1.622427
1.6325003
1.6091082
1.6366391
1.5831176
1.6854849
1.590596
1.6272702
1.5879742
1.5730243
1.5986418
1.6916273
1.5883898
1.5852683
1.5919782
1.6174285
1.565674
1.5956745
1.6288376
1.5726852
1.5477942
1.5669215
1.6364843
1.6229364
1.5526865
1.5730131
1.5581763
1.562739
1.6047223
1.6219982
1.5836242
1.5525782
1.6165324
1.5539091
1.5543697
1.5874143
1.6228278
1.5597802
1.5559407
1.583221
1.6525707
1.568295
1.6092074
1.6360507
1.6464735
1.579474
1.6443845
1.7705183
1.628832
1.6289365
1.5865258
1.6200732
1.6032351
1.5680094
1.5609437
1.62598
1.5411736
1.5459222
1.73358
1.5472052
1.5537491
1.6069005
1.6090423
1.5661502
1.6676147
1.635723
1.6074742
1.5683442
1.5401219
1.6238589
1.5433693
1.5813719
1.6659698
1.5784359
1.5718098
1.5701154
1.587389
1.6750414
1.5843167
1.6717331
1.5720142
1.5993595
1.623337
1.5470788
1.5548898
1.6476202
1.6127082
1.5737667
1.5778472
1.6375183
1.5780152
1.5664568
1.5716379
1.5641165
1.5485481
1.6120331
1.6046824
1.6552424
1.5639304
1.6266743
1.5895137
1.638908
1.6369253
1.5731336
1.5671605
1.7245548
1.56598
1.6085443
1.5415591
1.5690812
1.6315371
1.5615404
1.5952942
1.5593534
1.5635738
1.5792559
1.6123145
1.5590543
1.5593659
1.5912932
1.5562805
1.5512857
1.6080433
1.5993518
1.57284
1.5501534
1.5598505
1.5815866
1.5900366
1.5952636
1.6665802
1.5445552
1.6245887
1.693981
1.5538731
1.6055793
1.5524132
1.5935528
1.6663673
1.6069788
1.6022247
1.6573299
1.6036777
1.7512523
1.6802589
1.5767845
1.6136451
1.6261917
1.5777595
1.5875416
1.6240231
1.6219636
1.5744066
1.6126513
1.6117237
1.5925018
1.5747666
1.6117979
1.6168844
1.5750853
1.6406025
1.6549938
1.5714825
1.5991248
1.6406173
1.6824123
1.6502008
1.5444479
1.6385082
1.5578836
1.5647508
1.612836
1.576516
1.62046
1.5805054
1.6246495
1.6181773
1.5963181
1.6554306
1.6844847
1.586699
1.6253247
1.6034665
1.6183082
1.5605484
1.6874359
1.5867299
1.6071688
1.5894299
1.5514475
1.6064605
1.610818
1.59121
1.5812039
1.5787584
1.6857783
1.6165627
1.62914
1.6011382
1.5747952
1.5812339
1.5591482
1.6202174
1.5820578
1.6229483
1.5975115
1.5558584
1.6407237
1.5754505
1.5924835
1.5931104
1.6200268
1.6223216
1.577835
1.5969348
1.5683368
1.6101809
1.6999972
1.5553582
1.5661514
1.624254
1.6039373
1.5640084
1.6061859
1.6056745
1.608667
1.5624437
1.5393242
1.5582663
1.5461158
1.5672402
1.6819549
1.5581588
1.57421
1.625986
1.5354338
1.5963671
1.579422
1.6192226
1.6206198
1.5926906
1.6447704
1.6173975
1.6017742
1.6491228
1.6823543
1.5674744
1.6131648
1.5470808
1.6531217
1.6407392
1.5843399
1.5790093
1.6070822
1.6200821
1.6069489
1.6268963
1.6192445
1.6013273
1.5482825
1.62417
1.6602737
1.6467395
1.6091143
1.5499777
1.593506
1.5816785
1.6269323
1.6437606
1.5910453
1.5974042
1.5986555
1.6701899
1.7128848
1.6315495
1.5660583
1.6279866
1.7196124
1.6824647
1.6380534
1.6344877
1.7098995
1.5604597
1.618838
1.6240877
1.6465439
1.6248149
1.5790725
1.5893075
1.6196414
1.6235404
1.5403022
1.5509958
1.593489
1.5791183
1.546208
1.5621808
1.6304754
1.6014022
1.5695503
1.5628866
1.5445046
1.6155096
1.5769446
1.5529362
1.6467092
1.5521992
1.6613795
1.5586771
1.5730298
1.5786703
1.6147478
1.664507
1.6002963
1.6009847
1.5986857
1.5797672
1.6829748
1.6274796
1.5955508
1.6668128
1.6148387
1.6013832
1.563738
1.608196
1.627068
1.580718
1.555007
1.5554887
1.5458697
1.6052297
1.619111
1.6792364
1.6311272
1.5671097
1.5972165
1.572138
1.5627873
1.5688177
1.5762554
1.6209482
1.6101546
1.5997875
1.6436287
1.5848255
1.6100898
1.5758412
1.580202
1.5609609
1.6221027
1.5836443
1.589089
1.5761797
1.5739202
1.5772059
1.606739
1.6430824
1.6036965
1.5972149
1.6599346
1.6326342
1.6742055
1.5616107
1.6110927
1.5792793
1.5787376
1.8053696
1.7789434
1.6421597
1.593503
1.6053714
1.5996852
1.6401138
1.5995781
1.6398163
1.5512087
1.615141
1.6132993
1.569272
1.6022615
1.6844671
1.5483863
1.5784795
1.5662292
1.6657151
1.5846965
1.5572778
1.624915
1.5710622
1.6362816
1.5739409
1.5682452
1.569015
1.5456238
1.584013
1.5721595
1.5864933
1.6066893
1.6024288
1.5826445
1.6665055
1.5661461
1.6033455
1.543832
1.5428404
1.5426205
1.5828903
1.5923069
1.5343705
1.534958
1.5528822
1.5630002
1.558117
1.5409982
1.6193392
1.5537885
1.6038501
1.586107
1.5745063
1.5767894
1.5705438
1.5703627
1.5720025
1.647287
1.6182297
1.5982647
1.6348245
1.5989147
1.7104965
1.5993875
1.6031948
1.656476
1.5483403
1.6742517
1.6032408
1.5979025
1.5959305
1.5383868
1.5536402
1.5525827
1.642219
1.5864662
1.61965
1.5460944
1.6044263
1.5568155
1.6913044
1.6618795
1.6198597
1.5548657
1.5731963
1.6089807
1.6617378
1.6128781
1.6241516
1.6916587
1.6038501
1.6182567
1.623439
1.6735545
1.7066242
1.5942699
1.6131288
1.5774074
1.5817538
1.6204543
1.7027477
1.5785196
1.6381747
1.6391975
1.5942018
1.6269863
1.5768332
1.6046815
1.5589248
1.5765744
1.6783463
1.5862176
1.641082
1.6203889
1.6333492
1.5735269
1.5730048
1.5821092
1.6323895
1.6043279
1.6648645
1.6018357
1.5579735
1.608844
1.6170596
1.601067
1.5587275
1.6921483
1.5951376
1.7032305
1.6847095
1.592785
1.5870934
1.6158766
1.6414512
1.6591761
1.721582
1.658679
1.6089361
1.646306
1.5647777
1.5969768
1.5946198
1.6157938
1.5606657
1.6504595
1.6082042
1.5861973
1.6760857
1.6384426
1.5666636
1.6374085
1.5958586
1.5771595
1.7266111
1.6173643
1.5951334
1.6025088
1.6404008
1.7788101
1.6546843
1.5653597
1.5860364
1.574592
1.6022688
1.5950308
1.6146276
1.621228
1.6053712
1.5382508
1.5475883
1.6022115
1.606103
1.5852329
1.5583395
1.6039033
1.5637982
1.5784825
1.5728848
1.5789542
1.5868971
1.5820594
1.6052792
1.6491896
1.5762151
1.6560645
1.6080673
1.6463014
1.5565423
1.6001732
1.5596433
1.5433584
1.583088
1.559326
1.5510149
1.5809387
1.5968318
1.6144308
1.5424483
1.5473483
1.5897025
1.6634337
1.5613902
1.6105767
1.607211
1.6189741
1.5999192
1.575648
1.6977116
1.634448
1.6151711
1.5822444
1.5898439
1.6357715
1.6856309
1.7290428
1.5455894
1.7142518
1.6752597
1.5462648
1.5907929
1.6576713
1.5828044
1.743121
1.5620848
1.6232142
1.6376871
1.5868913
1.6353323
1.724119
1.5965767
1.5574622
1.5575244
1.5852108
1.5818582
1.5855387
1.7662506
1.61151
1.6374302
1.5816276
1.5963387
1.6527243
1.6556302
1.5679348
1.5568126
1.586473
1.5599597
1.5553286
1.6474335
1.5455993
1.5935967
1.648731
1.5726265
1.5783951
1.6203537
1.6038227
1.5858548
1.5979582
1.5906605
1.6127868
1.6787212
1.6025717
1.6095933
1.5543166
1.5558027
1.5501735
1.583201
1.6925915
1.6390533
1.6089387
1.571081
1.638943
1.5980135
1.6667961
1.6078244
1.6320747
1.6046324
1.6247166
1.6390061
1.640892
1.5864766
1.6000087
1.5811523
1.5820003
1.6119654
1.6014873
1.628727
1.6731337
1.6484449
1.6288488
1.5736837
1.655417
1.6288673
1.6648493
1.5763066
1.6130466
1.5742028
1.6063832
1.7054882
1.6443009
1.622646
1.566694
1.5376388
1.6094779
1.5829577
1.5516232
1.6651285
1.6275495
1.5666704
1.5396383
1.6312255
1.5506192
1.5860552
1.7475835
1.6525583
1.613686
1.6307895
1.6247522
1.6788234
1.6128778
1.5867699
1.5368414
1.5484308
1.6487952
1.5748997
1.7150038
1.7410346
1.6144675
1.6015719
1.6242608
1.657418
1.5445222
1.5860382
1.663418
1.6324785
1.7663422
1.5936718
1.5974115
1.5734906
1.6124144
1.7033395
1.618773
1.6527996
1.5465887
1.588187
1.6086385
1.6408103
1.559058
1.562568
1.574736
1.6700337
1.6074452
1.5739362
1.596622
1.603328
1.5650393
1.5739818
1.5631235
1.5867403
1.6074123
1.5689067
1.6010289
1.6119888
1.5671382
1.5617172
1.611567
1.549137
1.65649
1.6528815
1.617584
1.760005
1.6455573
1.5767562
1.5956624
1.544348
1.5990336
1.571707
1.6439154
1.7175744
1.5695478
1.536264
1.6150727
1.5894135
1.6927285
1.6389315
1.6038051
1.6745857
1.580284
1.6003971
1.6936705
1.6675874
1.6112553
1.7169442
1.6686238
1.6333932
1.6099995
1.7052057
1.7201905
1.6456318
1.58678
1.6457726
1.5980105
1.5611509
1.6074054
1.6567035
1.695789
1.5827715
1.5942165
1.5607117
1.6217096
1.5854509
1.6528716
1.6037487
1.5874276
1.6692731
1.671854
1.6252115
1.661693
1.6535368
1.5619115
1.559568
1.641714
1.6706862
1.6510288
1.545263
1.5582904
1.5920688
1.5848492
1.6012324
1.548762
1.5547748
1.5628105
1.549273
1.5653076
1.6281188
1.5936171
1.5864197
1.5889225
1.5811645
1.5756862
1.5487785
1.5432374
1.5735645
1.5839914
1.5607024
1.5650345
1.6139905
1.5352185
1.5814302
1.5413847
1.5942348
1.5755451
1.5554157
1.604027
1.5751573
1.5595026
1.5628122
1.5694687
1.57094
1.5452747
1.5323813
1.5460545
1.5413698
1.5454028
1.5628418
1.5494281
1.6246132
1.5541062
1.5602396
1.5811691
1.609968
1.5505718
1.5865735
1.6012408
1.6091933
1.5513146
1.601986
1.5575423
1.5722744
1.641464
1.6472164
1.579441
1.5990348
1.58391
1.5466348
1.6024886
1.6384542
1.6070422
1.5675683
1.5699468
1.5615901
1.6230518
1.5748494
1.5534557
1.6013646
1.5735338
1.5600522
1.5995477
1.5717317
1.551647
1.616611
1.5731266
1.5761118
1.5455574
1.6556934
1.588548
1.5767248
1.5982267
1.5972698
1.6246059
1.6151288
1.5859122
1.5491351
1.6496964
1.5560567
1.5652108
1.5532845
1.5827842
1.653522
1.553699
1.6016903
1.6449096
1.559702
1.5707071
1.5561807
1.5544275
1.609663
1.5431973
1.5675025
1.6301713
1.5984055
1.5678017
1.5657192
1.6234719
1.79316
1.5765511
1.5772096
1.5646601
1.6016614
1.6035784
1.563504
1.6524928
1.5854727
1.5472444
1.7343247
1.6685951
1.6588044
1.6085223
1.6242764
1.6060923
1.5739895
1.542794
1.5632625
1.5999805
1.6426315
1.5628248
1.5436152
1.5461162
1.5979478
1.5567974
1.5566943
1.5852606
1.5382571
1.5812795
1.6035018
1.550204
1.5715476
1.5957129
1.5809685
1.617838
1.6124324
1.5690683
1.5564456
1.673053
1.5693048
1.5545555
1.5543208
1.5576458
1.6084716
1.6147792
1.549556
1.5884715
1.5385269
1.570903
1.5676075
1.5558565
1.5700803
1.5339001
1.5459913
1.5485795
1.5675117
1.5849444
1.557241
1.5981942
1.5865313
1.5543821
1.6519758
1.532493
1.5508062
