25.845964
26.5395
25.535126
25.668272
25.707705
24.958832
25.321157
25.542479
25.61473
25.539972
25.868387
25.692385
25.56056
25.464067
25.704252
25.264656
25.953371
25.343828
25.464191
25.332748
25.008736
24.812553
25.419184
24.814291
24.66006
25.099396
24.777092
25.248903
24.605007
24.67928
25.531836
24.35176
24.11087
25.081938
24.85078
24.38822
25.118504
24.545656
24.476603
23.999384
24.833982
24.030724
23.154888
24.35662
24.396976
23.942436
23.262264
24.314856
23.718386
23.444607
22.569912
23.887115
22.446068
23.329805
22.503748
22.141989
21.90218
22.063902
21.874933
21.096008
21.12267
20.91594
20.090258
19.560656
19.294508
18.988892
18.20312
17.30765
16.181656
15.10131
13.280103
12.131697
11.115166
11.553127
11.019303
11.230418
10.93391
10.89379
10.36618
10.050992
10.644205
9.7848835
10.281654
10.461021
10.1798315
9.925011
9.640929
9.288012
9.406846
8.166527
8.247676
7.787035
7.594286
7.642355
7.5629654
8.296795
7.606883
7.519232
7.5422926
7.3342276
7.0814147
7.248799
6.963828
7.009734
7.043907
6.6460094
6.439177
6.498404
6.5340385
6.093618
6.0187607
6.465264
6.51009
6.400453
6.3370156
6.534842
6.087239
6.257165
6.5639806
6.422842
6.3862844
6.33988
6.513359
5.9145765
6.268415
6.033718
5.857528
5.807043
5.854041
5.772752
5.584649
5.934752
5.761621
5.689236
5.977346
5.9852715
6.1974683
5.829157
5.8475094
5.6808314
5.816839
5.895771
5.6932235
6.010017
5.438251
5.579126
5.741377
5.244342
5.4447503
5.648857
5.36791
5.471824
5.3321047
5.808344
5.683318
5.739332
5.692676
5.867877
5.6301584
5.579231
5.653145
5.678548
5.648868
5.445923
5.855719
5.464157
5.5198727
5.3235207
5.066288
5.0891385
5.087706
4.945771
5.155409
5.342792
5.5037255
5.3410826
5.377737
5.170262
5.27723
5.234102
5.576642
5.244908
5.270272
5.480145
5.523645
5.274981
5.6432395
5.597208
5.347724
5.1965036
5.004215
5.255904
5.092396
5.11217
5.029949
5.299029
5.123218
5.0240817
5.023036
5.17996
4.797565
5.1595035
5.395161
5.026548
5.57832
5.6068916
5.310576
5.265071
5.121984
5.105865
5.320539
4.9677544
5.030301
5.036224
4.9008865
4.9460816
4.9438295
4.9476614
4.8294578
4.9399805
5.0366235
5.012263
4.9229198
5.231391
5.047649
5.2750278
4.92134
4.905186
4.93456
4.965707
4.924841
4.755414
5.1232996
4.967716
4.797226
4.699583
4.858389
4.8464484
4.678243
4.539225
4.487367
4.8208146
4.6400814
4.489799
4.5461226
4.510593
4.75175
4.686659
4.516623
4.718616
4.647949
4.5460296
4.602579
4.7924724
4.742377
4.787275
4.782078
5.2085624
5.094571
4.8725986
4.828058
4.7463584
4.75034
4.550808
4.43775
4.1928716
4.478806
4.580453
4.479451
4.779157
4.660892
4.792206
4.8094697
4.6862783
4.923743
5.0419445
4.9742613
4.907985
4.879135
4.840173
4.701632
4.8772097
4.477327
4.535608
4.817351
4.556054
4.5513306
4.5763354
4.784435
4.819313
4.60283
4.875714
4.652343
4.1945925
4.493621
4.537683
4.4056473
4.309059
4.5226655
4.558357
4.784596
4.446609
4.635983
4.653752
4.660179
4.8419538
4.528123
4.5134745
4.528674
4.506597
4.6000595
4.505647
4.3505793
4.3783827
4.505739
4.592608
4.548813
4.640705
4.630044
4.592313
4.691809
4.2378
4.350609
4.1875744
4.492359
4.531862
4.559762
4.738901
4.543527
4.25545
4.486271
4.205838
4.132216
4.127561
4.397315
4.23811
4.165811
4.318754
4.464824
4.493462
4.643236
4.3230543
4.443761
4.556721
4.439223
4.445949
4.319618
4.4476023
4.136721
4.185715
4.3179474
4.344497
4.38241
4.842558
4.7309723
4.207499
4.396338
4.1300144
4.1287475
4.054402
4.121338
3.9506464
4.155126
4.2736216
4.320579
4.436926
4.429637
4.319233
4.2498837
4.25175
4.325477
4.5034366
4.564653
4.3815627
4.226411
3.909768
4.313141
4.012643
3.983649
4.140794
4.374438
4.289599
4.426656
4.139829
4.1537223
4.38731
4.368547
4.211117
4.415174
4.117136
4.500425
4.220324
4.355918
4.331391
4.0862966
4.135873
5.145733
4.954681
4.11217
4.4409494
4.4672294
4.3766108
4.73002
5.146899
4.909076
4.496004
4.596138
4.618433
4.512754
4.401569
4.567069
4.763171
4.5995526
4.481515
4.316352
4.23395
4.189538
4.050332
4.004576
4.31063
4.1558375
3.9657705
4.345274
4.140548
4.1685305
3.997431
4.1239996
4.0362124
4.0140944
3.8636434
3.7696042
3.7192092
3.7591853
3.756509
3.8654232
3.7425144
3.9108756
4.1241813
4.2667966
4.322516
4.30605
4.227593
4.7156935
4.822953
4.601863
4.412135
4.281848
4.112802
4.2601376
3.9625175
4.0123544
4.117483
3.9011424
3.9322217
3.957377
4.339653
4.095443
4.09917
4.271041
4.1463
4.0687227
4.305731
3.6844451
3.959131
3.8797956
3.7554653
3.8571515
4.382468
3.9652336
3.926948
4.2352457
4.1947865
4.400963
4.0189805
3.9144142
4.2599707
4.3811874
4.004468
4.2521434
4.070362
3.8842099
4.0954185
3.9892697
3.9361606
3.9722867
4.253035
3.9308205
3.8724163
4.0521154
4.1388874
3.9348774
3.8923397
3.9004328
3.939119
3.857992
3.7512414
3.8302057
3.9024637
3.9114172
3.8920794
3.902785
4.117661
3.7933
3.9558306
3.9355614
3.6900082
3.6479428
3.5732
3.6613212
3.5949855
3.69749
3.7600145
3.7399945
3.7959702
3.7961748
3.783186
3.693961
3.784753
3.783073
3.9445856
3.9549255
3.8510904
4.0917964
4.0196056
4.1738763
4.381877
3.8828304
3.9813626
4.0520425
3.7936907
3.932741
4.330053
4.178079
4.521391
4.2097774
4.0846605
4.234968
3.8853915
3.9913595
4.0068836
3.9161417
3.85133
4.0282946
3.858484
3.7708864
4.1016207
4.1700296
4.222074
4.0789237
3.9309995
3.8089113
3.6544204
3.6445334
3.7841234
4.170841
3.881891
4.1530995
4.297222
4.772001
4.4550705
3.877877
3.6999974
3.470916
3.55773
3.477411
3.6528144
3.7639718
3.7584283
4.0018578
4.274571
4.089337
4.0505056
3.8424914
3.8727405
3.566159
3.67636
3.545374
3.8190255
3.663968
3.864153
4.231774
4.381473
3.8074214
3.6742566
3.4587984
3.473856
3.484003
3.7430496
3.7787826
3.898952
4.000363
3.8337142
3.7261062
3.5732636
3.715044
3.5573864
3.873668
3.6125302
3.8132515
4.0870585
4.196153
4.119465
3.6952188
3.5619626
3.597267
3.534576
3.8244762
3.9684994
4.235155
4.2216763
3.969413
3.6563566
3.4722805
3.5993683
3.6182046
3.6841426
3.459868
3.6908257
3.9613905
3.9490006
4.094213
3.99072
3.6287456
3.6816647
3.4244468
3.6041102
3.652711
3.5987384
3.6847203
3.9326684
3.7473216
3.53104
3.6903355
3.7733395
3.6511295
4.3108044
3.9629533
4.2551994
3.8247635
3.928229
3.706416
3.608672
3.6361895
3.3075862
3.5065095
3.6194868
3.425235
3.6583276
4.16014
4.301244
4.012721
3.6148043
3.771547
3.494341
3.5734684
3.3918216
3.631886
3.6987605
3.74931
3.779175
3.8785071
3.8207355
3.5844746
3.8290308
3.678312
3.4831161
3.959899
3.4298964
3.515201
3.6445067
3.5443895
3.6454113
3.522841
3.412567
3.470725
3.4919956
3.619693
3.554203
3.845006
3.742599
3.4569418
3.4119215
3.5243416
3.3778594
3.4834003
3.5706916
3.6473265
3.678767
3.7813373
3.708627
3.9594765
3.8435085
3.6945415
3.7677135
3.581843
3.5437684
3.7937648
3.6789434
3.7986789
3.6358874
3.5433702
3.6234822
3.5496345
3.5524304
3.7852738
3.6508389
3.4679716
3.3632586
3.5057828
3.2492714
3.286421
3.8985062
4.1059356
3.9778762
3.8024495
3.694556
3.3427844
3.9186444
4.00518
3.9053483
4.43385
4.685277
3.818743
3.389672
3.8115735
3.5875854
3.4915404
3.534258
3.8347576
4.3784156
3.77153
3.779861
3.3861473
3.7803383
3.5514288
4.011577
3.4037344
3.6920469
3.6610706
3.9352608
3.542508
3.517055
3.4485302
3.274973
3.3392453
3.3623865
3.246139
3.4968245
3.4412827
3.4935238
3.6236975
3.5683644
3.6461637
3.7104475
3.4094868
3.4177215
3.604804
3.471753
3.7587655
3.7013743
3.5369666
3.3420424
3.4030714
3.210767
3.402698
3.4563396
3.7570589
4.0868826
4.139576
3.8660574
3.433732
3.5698583
3.50294
3.8343184
3.6606605
3.941845
3.8815162
3.5631166
3.6658425
3.529758
3.32885
4.0288444
3.5815294
3.7567976
3.5293894
3.127392
3.581608
3.31019
3.504015
3.5228114
3.6816428
3.7883415
3.5997155
3.4678867
3.926344
4.0798454
3.3364663
3.8361475
3.716456
3.453664
4.038596
3.4581332
3.3286545
3.6436813
3.5294075
3.5012815
3.871628
3.715553
3.5992744
3.4518833
3.6266785
3.4987276
3.769697
3.3626685
3.260372
3.3927145
3.2988927
3.2520735
3.3923745
3.4377348
3.696228
3.2504373
3.3015895
3.4092276
3.3822665
3.6775827
3.4168434
3.6215627
3.6523888
3.637765
3.3841865
3.2731266
3.598732
3.537475
3.586526
3.6342242
3.8811553
3.4265642
3.966379
3.3835645
3.685482
3.4205585
3.8422701
3.4995513
4.082828
3.5027814
3.5878024
3.7368865
3.3093297
3.2879024
3.591243
3.1757555
3.7077715
3.7032762
3.5250728
3.3303034
3.99914
3.3421836
3.449165
3.576031
3.3945794
3.2618425
3.389496
3.2783368
3.3706138
3.256844
3.3132856
3.575891
3.5864425
3.4174144
3.3735187
3.4979694
3.454825
3.3413758
3.5155306
3.6748896
3.5203068
3.659039
3.3152714
3.2030542
3.2269459
3.3245609
3.2317605
3.0658321
3.223482
3.3943415
3.5230832
3.55209
3.4016469
3.3170035
3.2283537
3.1104045
3.1321445
3.33441
3.2666628
3.3623497
3.3841653
3.3856544
3.3507288
3.2159097
3.497905
3.2409458
3.5717473
3.311234
3.5472496
3.324092
3.295374
3.2218673
3.212814
3.347424
3.242235
3.4577866
3.2247465
3.5020869
3.489811
3.3553555
3.2507632
3.018955
3.319745
3.2004106
3.2265744
3.2480466
3.4006405
3.0992591
3.4050584
3.057611
3.2843456
3.2281084
3.322253
3.3873048
3.1144023
3.1604722
3.2237065
3.2153597
3.1958864
3.683681
3.7662914
3.4026096
3.0962605
3.218453
3.2076867
3.4728837
3.447465
4.304644
3.8837104
3.798499
3.3573842
3.440885
4.0914164
4.154047
3.3875813
3.3292134
3.4443338
3.4630678
3.599755
3.3621051
3.524231
3.1209536
3.0456657
3.4355438
3.5892415
3.5158298
3.9330323
3.3747625
3.292933
3.5654075
3.480797
3.306755
4.0850906
3.5654843
3.5420585
3.835231
3.205071
3.2897224
3.2572527
3.2842684
3.379485
3.3010561
3.149788
3.1409686
3.250851
3.0378175
3.1203752
3.1251054
3.1601045
3.2613337
3.4862976
3.4771647
3.6659565
3.208815
3.5698905
3.1177444
3.2361178
3.2186594
3.3564272
3.6117694
3.4446049
3.3026462
3.343059
3.2630384
3.3070018
3.4037383
3.4522226
3.395632
3.36176
3.1726944
3.2938015
3.3754926
3.434757
3.8309546
3.0977442
3.4113445
3.287423
3.2097335
3.3872478
4.095117
3.64163
3.565384
3.2555125
3.4166818
3.1539395
3.3157215
3.3640716
3.571871
3.614721
3.171624
3.123742
3.3731534
3.214972
3.446424
3.33216
3.1086805
3.1507971
3.293471
3.271468
3.633498
3.7840927
3.4484894
3.1557834
3.5029507
3.2919755
3.3550706
4.014043
3.4401684
3.2134316
3.6330345
3.3715458
3.2610314
3.5247974
3.4778576
3.2532158
3.3687966
3.2058747
3.261329
3.543922
3.5809057
3.8328407
3.1727946
3.2535415
3.326434
3.28456
3.7552855
3.2502933
3.2315114
3.0435796
3.161828
3.2935007
3.460765
3.960002
3.4871073
3.337573
3.034629
3.433484
3.7950523
3.7037592
3.5828881
3.37849
3.2304
3.46047
3.282041
3.3830297
3.3253994
3.4002645
3.366047
3.1670926
3.1442294
3.0502465
3.0225084
3.121783
3.2024956
3.285424
3.413281
3.575846
3.3795948
3.3555772
3.247117
3.2794442
3.192416
3.0909867
3.0648193
3.198656
3.0623126
3.1624331
3.191166
3.2931886
3.5491545
3.379028
3.1738818
3.0037982
3.4827764
3.1469877
3.3710752
3.3646383
3.0369127
3.5332234
3.3280857
3.5528452
3.2496266
3.0827045
3.2333696
2.9943132
3.2865782
3.204876
3.5063865
3.3613265
3.0687935
3.0582697
3.1009185
3.054887
3.0301533
3.3403962
3.6466255
2.973085
2.986995
3.134055
3.3306036
3.248177
3.2709014
3.9022572
3.748414
3.0367913
3.0730884
3.6763372
3.151103
3.236334
3.7748175
3.4959044
3.902495
3.1874254
3.5241706
3.525105
3.140235
4.0248494
3.2287295
3.9362476
3.2508125
3.6271834
3.302037
3.2906096
3.509146
3.237503
3.525288
3.1749022
3.2007608
3.146132
3.0009804
3.1187074
2.993617
3.1384876
3.1230955
3.3787677
3.349751
3.34985
3.0536115
3.096304
3.364519
3.0787835
3.2543635
3.4234025
3.4991438
3.3129082
3.3038764
3.1871693
3.597905
2.988865
3.6082606
3.15593
3.0680857
3.277391
3.1933012
3.3927135
3.543512
3.5455225
3.1919425
3.0846117
3.2096786
3.0851686
3.1423922
3.098681
3.2407706
3.3082092
3.1520293
2.927824
3.098319
3.0833173
3.104722
3.1132717
3.1400735
3.0886004
3.0620692
3.154217
3.118161
3.2519145
3.366071
3.026522
3.1241841
3.110112
3.2259896
3.107372
3.0575535
3.025955
3.0883453
3.0972567
3.0966284
3.0552955
3.124592
2.979963
3.046948
3.128386
3.108768
3.2570746
3.373584
3.3601635
3.1890578
3.1945684
3.1715534
3.3447268
3.0821302
3.0587966
3.2340531
3.30186
3.071206
3.366768
3.2528574
3.1342304
3.2603033
3.1242986
3.310565
3.1336539
3.2338724
3.056611
3.4577663
3.3130858
3.2067719
3.274805
3.1336935
3.4114056
3.442823
3.191316
3.026069
3.3442116
3.2997878
3.432966
3.196409
3.0462263
3.2804966
2.9289482
3.2706747
3.344726
3.5562716
3.0006845
2.8978324
3.3769095
3.333823
3.141136
3.2747025
3.885653
3.11052
3.08542
2.9782948
3.303065
3.0100324
3.7775445
3.0417206
3.0623708
3.3430145
3.1927938
3.075766
3.605838
3.0835505
2.991989
3.160146
3.1512332
3.1753285
3.343053
3.136542
3.0199025
2.9242072
3.124513
3.0400286
3.1833947
3.0562596
3.0213552
3.1376595
3.082078
3.09443
3.3154745
3.175134
3.2122962
2.97226
3.0847151
3.151519
3.144448
3.0877836
2.9825845
3.0044506
3.0386624
3.017714
3.0763402
3.329592
3.0476198
3.245486
2.988306
3.476772
2.965103
3.1901593
3.0804303
3.4690225
3.593866
3.0089626
3.1391006
3.0955281
3.1444345
3.1458302
3.158111
3.149929
3.017743
3.264427
3.005864
3.073061
3.11502
2.9428513
2.867014
3.0816948
2.9853444
3.0122342
3.195714
3.155681
3.0812993
3.0433185
3.098552
2.958584
3.0293224
3.0333693
3.034218
3.0011044
3.382522
2.847657
3.0851748
3.0780594
3.2590046
3.6679041
3.2362056
2.9877305
2.9216728
3.0744324
3.005628
3.0392845
3.4051049
3.029459
3.0808086
2.9569266
3.0544095
3.0167937
3.0214014
3.3101666
3.214746
3.1255527
2.9265027
3.165935
3.0497365
2.9605675
3.1481094
3.5255215
3.4359617
3.1814458
3.0371537
3.181836
3.235463
3.4320917
3.2635307
2.9604964
3.180205
2.968408
3.058919
3.1385894
3.1814084
3.1297348
2.9884267
2.9645536
3.1009574
3.1729538
3.1613505
3.1496716
3.081836
2.9161253
2.945277
3.085839
2.9688134
3.1691568
3.2326722
3.0045147
2.9061236
2.9071052
2.9982932
3.03123
3.2259355
3.2648113
3.247307
3.060049
3.211813
3.1278348
3.2194598
2.9976914
3.1030622
3.2507997
3.345752
3.1745825
3.154941
3.2507763
3.2210834
3.2502177
3.7690964
3.00673
3.4676423
3.3447275
3.2756088
3.4295824
3.149476
2.9922526
3.387293
3.2273028
3.1066535
3.3438172
3.1786876
3.0442636
3.099856
3.124733
2.9189577
3.2400155
3.2234535
3.1939895
2.9783144
3.1834054
3.20235
3.068801
3.232809
3.192987
3.1322331
2.983972
3.409449
3.2388694
3.1763716
2.9487045
3.101785
2.9491298
3.0013373
3.0481155
3.0084677
3.02597
3.027606
3.3033314
3.1196399
3.0832634
3.1533685
3.2116935
2.964791
2.896507
2.9668665
3.07907
3.0223324
3.1887674
3.1594799
2.9032483
3.1167924
2.9664168
2.9407089
3.1235614
3.0987096
2.933676
3.0587492
2.901206
2.8854651
2.9995167
3.1497695
3.447452
3.0097601
3.2530606
3.1946836
3.062769
3.1121895
3.6224816
2.993178
3.5211096
3.1249342
3.0224326
3.3448052
3.636737
3.1622255
3.1702006
3.256497
2.951535
2.9644697
3.241956
3.9889853
3.0304048
3.3683794
3.268193
2.9404082
3.357765
3.6530814
3.2640715
2.865718
3.3961985
3.0357976
3.2858806
3.9965024
3.04971
3.1120188
3.1028273
2.8652925
2.9948957
3.262195
3.2296696
2.9014423
2.9183533
3.0533314
2.9215488
2.954136
3.0649529
3.0247974
3.0413158
3.038356
3.1571155
2.9806423
2.925815
3.0077555
3.2483556
3.309132
3.0151742
3.1879785
3.059587
2.8526874
3.278234
3.160239
3.1571944
2.937645
3.0257587
2.9895134
3.2724457
3.0001009
2.9450924
3.1796567
2.9643064
2.9947314
3.3263495
2.864963
3.1024063
3.1115243
3.2492955
3.0029476
3.263966
3.267017
2.935637
3.358705
3.0429084
3.181241
2.8594463
3.1752646
3.2136786
2.9359534
3.081551
3.3328693
3.1670506
3.650319
2.9274526
3.1213396
3.499937
3.190016
3.5096614
3.084071
3.186315
2.8601437
3.0864995
3.0626304
3.0101023
3.1353905
2.9929485
3.0811892
3.0216787
3.0456803
3.0943449
3.0083308
3.2514086
3.1196384
3.1098387
3.088555
3.2746744
3.005514
3.276857
2.9618628
3.272879
3.201122
3.272801
3.085458
3.0145159
3.319317
3.0196176
3.3514304
3.0217645
2.940667
3.0821245
2.916426
2.8805504
3.0712023
3.048813
3.0510545
2.909582
2.9942112
3.241222
2.9726858
3.2583802
3.1589007
3.2882888
3.2421343
3.1042562
3.0425894
3.4027953
3.2097044
3.8665357
16.549519
24.94762
26.63012
26.634289
26.00486
26.175539
26.193243
25.350632
26.412807
25.60513
26.040321
25.797337
26.168867
25.235731
25.677616
25.814177
25.37802
25.680307
25.403284
26.244764
25.8423
25.677269
26.214989
25.447868
25.224241
25.536932
25.933496
25.986368
25.673056
26.163233
25.33682
26.04665
26.343863
26.229021
25.14249
25.845388
25.734396
25.92354
26.329584
26.04033
26.255102
26.115124
26.091743
25.506496
25.652868
25.352976
25.733809
25.969088
26.139143
26.071531
25.595812
25.970793
26.187683
26.689816
26.119684
25.542063
26.406376
25.942816
25.626732
25.586746
26.038727
25.912975
25.509706
26.229599
25.190897
25.744883
25.364616
25.333698
25.842876
25.95704
24.630585
25.52874
25.900167
25.7959
25.457058
26.047607
25.689327
25.70184
25.850843
26.52866
25.406717
26.132256
25.750568
25.051048
25.819435
26.094944
25.429388
25.890787
25.890095
25.905107
25.34786
25.198053
25.42298
25.74678
25.910267
26.378693
25.562017
25.691755
25.532349
25.74869
26.515411
25.767931
25.181597
25.898293
26.4045
26.037533
26.371176
24.928616
25.05582
25.71587
25.999235
25.244392
26.312963
25.502853
25.870584
25.806303
25.677773
25.756763
25.604813
25.242823
25.795614
25.346792
25.97537
25.896915
25.121183
25.601126
26.278334
26.342733
25.718891
25.569777
24.962137
26.166704
25.529196
25.58007
25.815441
25.379503
25.901436
26.22105
25.439886
25.240412
25.68348
25.5129
25.197231
26.014883
25.43839
25.63108
25.274052
25.576303
25.167027
26.795732
26.359219
25.134113
25.787516
25.9939
25.718071
25.303574
26.07351
25.876211
25.42938
25.947647
26.375233
25.103197
25.319317
25.888906
24.97856
25.521305
26.010855
25.857758
25.897657
25.827929
25.645988
25.867203
24.737114
25.115536
25.12204
25.90247
25.643736
25.088848
25.925514
24.930052
25.50084
26.392511
26.006319
26.706184
25.485786
25.305307
25.624702
25.021564
26.24119
25.352957
25.316603
25.025215
24.824345
24.752403
25.786297
25.29427
26.412884
25.450819
25.540497
25.447952
25.720716
25.459785
26.006405
25.058271
25.635103
25.583172
25.258072
25.213354
25.819107
25.524128
25.279316
25.257124
26.342176
25.048872
25.122507
25.431534
25.56833
25.860674
25.854805
25.636805
25.536829
24.724443
25.90416
25.668903
25.261913
25.945269
25.755217
25.069286
24.899864
25.230675
25.045244
25.783163
25.404398
25.431292
25.638992
25.37434
24.966043
24.974377
25.51524
25.238888
25.49139
25.901735
24.846169
26.029703
25.188929
25.628891
25.34787
25.304728
25.07249
25.32968
25.701841
25.428919
25.186789
25.557228
25.616009
25.957682
25.576143
26.059137
25.756588
25.390093
25.419485
24.530945
25.515488
25.144735
25.014832
24.873295
25.19508
25.383375
25.43306
24.69822
24.81626
25.027103
25.468767
25.550867
25.36185
25.820892
25.28798
25.353706
25.509716
25.727095
25.181463
25.133945
25.00626
25.799831
25.196783
25.277893
25.165104
25.433218
25.948975
25.229626
24.462944
24.841228
25.378689
25.47299
25.449938
24.913984
25.812765
25.36402
24.860588
25.029257
25.204
25.30998
25.50773
25.247969
25.800198
25.904272
25.514982
25.259956
25.775557
25.551943
25.821047
25.144495
25.187565
25.882923
25.830156
25.79531
25.7053
25.299438
25.659756
25.188372
25.22845
25.335505
25.467913
25.500153
25.454744
25.754562
25.81687
25.533396
25.211384
25.931051
25.309933
25.425873
25.555067
26.247702
25.158852
25.556087
24.67842
25.678991
25.553648
25.425951
25.236916
25.850311
25.708504
24.95515
25.828686
25.21233
25.075687
24.572868
25.09335
24.599009
24.957392
24.676779
25.232405
25.51327
25.307947
25.341116
25.369339
25.033972
24.747984
25.391829
24.733988
24.931892
24.830118
25.02398
25.438225
25.52238
25.934164
25.086128
25.777992
24.843945
24.368965
25.306671
25.169395
25.314808
25.287048
24.65992
25.185503
24.96958
25.035597
25.054972
25.802248
25.294865
24.78361
25.54834
25.434185
25.047203
25.222393
25.660448
24.672882
25.789907
24.813128
25.214636
25.244867
25.09404
24.936424
25.390799
24.96545
25.335258
24.623816
25.581877
25.189873
24.620457
24.929615
25.476295
25.24828
25.218231
25.854515
25.23868
25.126228
26.035032
24.816477
25.160198
24.564175
24.761572
24.715406
24.393396
24.700737
24.752676
25.100117
25.25264
25.008183
25.02142
26.172615
24.752155
24.542418
25.694063
25.270464
24.9641
25.641981
24.386925
25.065176
25.2528
25.561049
25.646397
25.00349
25.955238
24.722769
25.556389
25.435013
25.351023
25.082647
24.767303
25.308702
24.897053
25.58156
24.920715
25.0535
25.144588
25.03791
24.837677
24.444689
24.945856
24.80499
25.810652
24.992376
25.033073
25.0128
24.842447
24.988514
25.053196
25.206425
25.035137
24.689566
24.731705
24.999773
25.051632
25.206448
25.47748
24.696625
25.552795
24.58476
24.74464
25.047768
24.685247
25.051563
24.944656
25.106527
24.839916
25.325968
25.739075
24.322052
25.56467
24.675756
25.169815
25.19229
24.5744
25.083529
25.013319
24.75766
25.063717
24.075552
25.268728
24.424831
24.86593
24.56436
25.622494
24.432245
25.443916
25.231632
24.801205
24.319948
25.716
25.32941
24.3186
24.772448
24.302979
24.942404
25.087755
25.192327
24.172264
24.650513
25.471537
24.514172
24.854187
24.73616
24.369488
24.788471
25.037676
25.210691
25.201345
24.239637
25.124731
24.738434
24.438517
25.474747
24.888071
25.2883
24.608683
24.9013
24.7798
24.803123
24.786654
25.1465
25.397734
24.95967
24.840857
25.12398
25.50767
25.058977
24.968563
24.814123
25.3055
24.70513
24.964334
25.660362
24.987566
24.257849
24.707373
26.039492
24.809612
25.000349
24.583084
24.752705
24.41228
24.607334
25.069262
25.690685
25.435188
25.045341
25.194164
25.124746
25.051195
24.366217
24.565292
25.495064
25.129002
24.948355
24.28315
24.454254
24.735249
24.99903
24.570862
24.80926
24.898027
24.68892
24.656372
24.620537
25.479416
24.777369
24.098793
24.656853
25.243189
24.601357
24.692894
24.823322
25.414524
25.460966
25.280264
24.814589
24.469612
24.504473
24.296577
24.005323
24.903793
24.509727
25.519508
24.826452
24.674864
24.420357
24.629332
25.462004
24.66499
24.371365
24.653236
24.495184
24.928429
25.403324
25.01975
24.64931
24.927126
25.348248
23.920835
24.423103
24.993788
24.618109
24.320553
24.487673
24.586086
24.162916
24.647778
24.400045
24.42645
25.569664
24.290396
24.340729
25.419266
24.85434
24.899817
24.40298
25.145784
24.667671
25.779303
24.425556
24.914791
24.470127
24.007973
24.046333
25.203615
24.56778
24.507086
24.296782
24.26956
24.395056
24.562578
25.084904
24.849031
25.221403
24.908195
24.70742
24.49606
24.864542
24.376774
23.628736
24.828588
25.046696
24.750673
24.164925
24.9369
24.36884
24.873323
24.707344
24.488022
24.921682
24.31368
24.726477
24.48105
24.827108
24.295708
24.48808
24.678732
24.573765
25.28795
24.814026
24.60523
24.51522
25.043251
24.880552
24.4832
24.228788
24.28299
23.915895
24.676449
24.03622
24.372456
25.23666
24.68787
24.492765
23.935837
23.833872
24.355255
24.220676
24.763624
24.014576
24.861511
24.131233
24.302193
25.209637
24.978148
24.720423
24.592031
24.163963
24.175056
24.323116
25.202812
24.527044
24.0434
24.771233
24.734085
24.059086
23.776552
24.560778
24.977709
24.683558
24.492111
24.303703
24.699064
24.008158
24.3724
24.797583
24.886889
24.417019
24.255924
24.338684
24.648106
24.02101
24.166292
24.66762
24.491106
24.153696
23.809158
24.596363
24.357891
24.692322
24.645992
23.705357
24.654541
23.968307
24.2953
24.44684
24.7595
24.384315
24.405344
24.733793
24.850796
24.263605
24.085548
24.35248
24.671574
24.267923
23.798471
24.420332
23.726341
23.97526
25.160336
24.19147
24.820951
24.408485
24.348692
24.055822
24.006155
24.316538
23.520416
24.248861
24.294334
24.848587
24.203188
24.257624
23.637495
24.38166
24.074844
24.422564
24.88437
23.775557
24.180096
23.654459
24.245197
24.650204
24.720917
24.080013
23.437475
23.967134
24.439034
25.177021
23.258482
23.669153
24.440924
24.459278
23.94354
24.49884
23.898926
24.444557
24.45664
23.637663
23.26242
23.555813
24.20952
24.129229
23.843708
23.927591
24.686777
24.31657
24.6397
24.164097
24.80641
23.680103
23.387833
24.187458
23.523424
24.66943
24.21027
24.0136
24.287249
23.202986
23.622028
24.084198
23.851696
23.926355
23.840828
24.400017
24.20908
23.951612
24.132856
24.143782
24.76354
24.695572
24.114508
23.954111
23.32844
23.631538
23.548489
24.657259
23.621002
23.53636
24.315603
23.703398
23.695482
23.719194
23.940096
24.252192
24.188017
23.78032
23.93312
24.2748
24.13726
23.897516
23.334734
23.8434
24.482874
24.492884
24.107138
23.795496
23.731873
23.633268
24.03504
24.130861
23.91158
24.247215
24.198404
24.056808
23.119833
23.42453
23.951628
23.696066
24.397156
23.783253
23.66575
23.77634
23.170364
23.606314
24.221363
23.490028
23.539707
23.42931
23.526548
23.6899
23.535223
24.160336
23.173107
24.289957
24.58573
23.464645
23.671581
23.827328
23.834803
23.066769
23.915031
23.97528
24.09828
23.245922
23.862705
23.636223
23.686804
23.513792
23.776136
24.366621
24.350742
23.583353
23.55734
23.6889
23.323284
23.675999
23.787231
23.23085
23.775877
23.536781
23.353996
23.743298
23.212406
23.267744
23.045572
23.6307
24.160875
23.003937
23.49728
23.517334
23.852604
23.281746
23.659672
23.918268
23.635744
23.6169
23.376352
23.291855
23.415028
23.341864
23.342714
23.886208
23.580904
23.461868
23.051502
23.473036
23.309729
23.762589
23.927153
23.689384
23.135092
23.042206
23.344646
23.733274
23.313343
23.59938
23.255531
23.756777
23.123617
23.35198
23.212105
23.2822
23.237988
23.988045
23.718267
23.357447
23.213953
23.183836
23.285
23.420736
23.55426
23.380531
23.329296
22.89556
23.626366
22.996916
23.877813
23.769756
22.691029
23.262512
22.927177
23.780972
23.323305
22.953777
22.961708
22.734
22.69994
22.785303
23.328308
23.527203
23.351685
22.934284
23.648607
23.635286
23.681374
24.067425
23.357698
23.31412
22.361076
23.3016
22.803633
23.832756
23.23972
23.408697
23.566084
23.30283
23.161644
23.67092
23.322746
23.108412
22.740774
22.846497
23.071377
23.350027
23.21936
22.767708
23.563145
23.036669
23.182152
22.832216
23.224815
23.415031
22.871939
23.030132
23.247911
23.324947
23.180948
23.223907
22.726107
22.930843
22.928535
23.316044
22.468897
23.060629
23.773087
22.588123
22.702667
22.858604
23.657581
22.933443
22.587116
23.075829
22.882353
22.36041
23.095072
22.727629
23.330265
23.093906
23.494984
22.970924
23.328873
22.508478
23.262953
22.422325
22.259512
23.422157
23.050028
22.996094
23.027992
22.546984
23.193764
23.589283
22.998041
23.059076
23.287838
23.061325
22.424498
22.034256
22.811752
22.821218
23.091724
22.876598
22.934685
22.731647
22.860909
22.663208
22.586643
22.555597
22.881254
22.836851
23.372435
23.820854
23.123533
22.672949
23.033117
23.318527
22.494703
22.77728
22.065638
23.147882
22.839577
22.798836
22.525127
22.33968
22.547743
22.630474
22.599493
22.780224
22.320135
21.901976
22.31821
22.7362
23.33238
22.84376
23.04832
22.44069
23.241425
22.52989
22.640232
22.045084
22.176785
22.617329
23.085741
21.963968
22.584972
22.0572
22.66478
22.52709
21.477247
23.034945
22.342764
22.399044
22.303156
21.99706
22.48081
22.379463
22.238447
22.3385
22.46674
23.20556
22.283794
22.294268
21.85374
22.320402
21.694365
21.65534
21.704838
22.135532
22.42057
21.28997
22.56722
21.927916
22.580528
22.443174
22.094538
23.046352
22.866873
22.408451
22.328907
22.337753
22.253424
23.189297
22.999245
22.639654
22.315691
22.220308
22.482939
22.533764
22.304953
21.99424
22.519728
22.322628
21.837368
21.882666
22.304892
21.999392
22.434084
22.362583
21.869473
21.775415
21.671728
22.603798
21.428047
22.726559
21.859297
22.078665
22.29598
21.828896
22.634611
22.228493
21.68646
21.884644
22.356655
22.625406
22.18418
21.55877
22.281916
22.208103
22.295004
22.174316
21.83207
22.383732
21.457518
22.152208
21.467546
21.842308
21.442461
21.841633
21.635092
22.317518
21.420958
21.583275
21.31604
21.95691
21.402344
21.84005
20.934835
21.33602
22.026253
22.090431
21.745598
22.067179
22.333042
22.373407
21.57042
21.925343
21.80012
21.373014
21.378468
21.410885
21.567337
22.2681
21.75083
21.692623
21.654406
21.599443
21.430468
21.642263
21.450605
21.303425
22.279865
22.43542
21.474457
21.782032
21.346567
22.409035
20.926807
21.602205
21.38608
20.932024
21.304588
21.48736
21.61128
21.101496
21.092169
21.29574
21.11336
21.765118
21.223225
20.307726
21.332369
21.199507
21.451488
21.244633
20.77646
20.418299
21.35364
21.48892
20.825932
21.2996
21.76525
21.369963
20.51769
21.260193
20.786524
21.004574
21.092625
20.40796
20.451128
21.271292
20.348528
21.18082
21.116018
20.926497
21.221552
21.014923
21.089363
20.900433
20.358332
20.719051
20.648874
20.943089
20.622276
21.132536
21.010887
20.78662
20.505804
20.757744
20.351948
20.865004
20.690744
20.5528
20.86864
21.242786
20.266716
20.376053
20.55385
20.382423
20.182812
20.502625
20.460175
20.499573
20.681662
20.055033
20.357742
20.328371
20.251968
20.762877
20.327003
20.517921
20.553091
20.195343
19.980188
20.305984
20.13592
20.85456
20.18836
19.665327
20.14505
20.6863
20.186563
20.464085
20.020683
20.108852
20.343636
19.941944
19.694042
20.238976
19.485794
19.856598
19.767328
20.80702
19.923304
19.725988
19.508512
19.937897
19.33732
20.50017
19.03964
20.019836
19.775707
19.908539
19.381727
19.989372
19.649376
19.81235
19.437187
19.15286
19.891043
19.503128
19.59591
19.51478
19.521751
19.51689
19.110935
19.34665
19.460894
19.197218
19.292208
19.88198
19.346443
19.244232
19.499016
18.629547
19.541819
18.458006
18.418726
18.92248
18.581596
18.858324
18.40381
18.805202
19.446253
18.351992
18.740543
19.10716
18.242552
19.128813
19.206259
18.3752
18.320984
18.376167
18.6724
18.792208
17.775517
17.900143
18.774542
18.384636
18.42846
17.815891
18.954987
17.782267
17.695593
19.052233
18.455484
17.690704
18.13937
18.04926
18.418102
17.637957
17.706772
17.704292
17.677977
18.080286
17.166716
17.827116
17.846966
17.83186
17.97462
17.836603
16.739822
16.6721
17.743488
17.334362
17.03372
18.268047
17.028269
17.094929
16.692036
16.721264
16.64721
16.765572
16.447144
16.702272
17.299885
16.671404
16.449738
16.402782
16.747646
15.994198
17.096869
16.65778
16.30859
16.40573
16.287945
16.358267
16.343533
16.094622
16.469997
15.891476
15.720444
16.258488
16.86344
15.797369
15.768762
16.486923
15.343848
16.70136
15.6358595
16.074907
16.10654
15.81028
15.663144
15.4591
15.826132
15.13006
15.03599
15.591646
15.563266
15.421194
15.217166
15.369754
14.788193
15.446686
14.662624
14.990977
14.465268
15.055868
14.654862
15.177684
14.88595
14.656031
14.704126
14.862503
14.912548
14.936658
14.579258
14.14041
14.550268
14.93592
14.44609
13.873534
14.669503
14.404578
14.30036
14.15665
13.6267185
15.01307
14.257479
14.351886
14.185058
14.561242
14.08084
14.288162
14.103472
13.955615
13.516805
13.849638
13.803981
13.81927
13.499911
13.79553
13.563353
13.743394
13.938982
13.870983
13.442188
13.48436
13.514346
13.745153
14.072048
13.230946
13.580797
13.811133
13.475865
13.37396
13.43665
14.040375
12.988888
14.158069
13.073678
13.15928
13.348314
13.028137
13.377708
13.67797
12.657506
13.563962
13.509484
12.86398
12.939863
12.927566
13.141668
12.809504
13.216198
13.110018
12.75002
13.038274
13.091698
12.758158
12.84925
13.376389
12.681061
12.896284
12.87454
12.867399
12.395128
12.83051
12.652376
12.680828
12.936328
12.917502
12.203373
12.342675
12.228568
12.98729
12.708024
12.798187
12.574398
12.845643
12.447736
13.144692
12.550671
12.547187
12.696222
12.182454
13.331824
12.869519
12.211588
12.167944
12.028696
12.1940975
13.235875
12.25229
12.071218
12.526392
12.403716
12.506704
12.492634
12.342122
12.605415
12.708793
12.08609
12.042923
12.391367
11.967976
12.361336
11.953076
11.786608
12.190869
12.052228
11.796384
12.01311
12.045014
12.221093
12.115596
12.420088
11.871096
11.751887
12.110966
11.861666
11.984207
11.767014
11.767335
11.27603
11.756706
11.285908
11.751142
11.801228
12.056979
12.468885
11.826456
11.726321
11.42141
11.808052
11.746254
11.9523115
11.138741
11.637373
10.986026
12.109548
11.837017
11.849776
11.723526
11.575669
11.644774
11.419455
11.32791
10.9808235
11.371018
11.367155
11.519336
11.77779
11.040979
11.104505
11.351718
11.6072645
11.221254
11.14319
11.035894
11.110228
11.520096
11.405174
10.72073
10.258522
11.279641
10.891688
10.984742
11.529778
11.380747
11.0063095
11.928917
11.310329
10.847714
11.166523
10.684086
11.191228
10.79734
10.77606
10.66202
10.600314
11.199468
10.834209
11.285191
10.560779
10.877167
11.382192
10.638048
10.637328
10.84044
10.944074
10.99178
10.812308
10.814554
10.792094
10.475706
11.234073
10.5216255
10.971118
10.760067
10.391368
10.2677
10.70929
10.900228
10.15353
10.570808
10.339098
10.646768
10.240808
10.489146
11.052805
10.265108
10.753996
10.293814
10.26715
10.09858
10.138768
9.656562
10.140682
10.338281
10.679594
10.7081375
10.536459
10.785383
9.7752695
10.264154
9.875914
10.211935
10.451238
10.047448
9.824732
10.13428
10.288804
9.839454
9.496336
10.192935
9.40984
9.628504
10.409132
9.941565
10.128025
9.941042
9.656102
9.864436
9.954647
9.8271265
9.966468
9.447552
9.621951
9.472825
9.510876
9.393619
9.694572
9.289378
9.936354
9.84664
9.74714
9.474568
9.964656
9.238188
9.758146
9.290305
8.913315
9.097312
9.595993
9.549
9.385896
9.236002
9.078134
9.096602
9.343487
9.118559
9.67048
8.969216
9.023948
8.577604
9.052702
9.416135
8.737657
9.12685
9.542392
9.101219
8.786098
9.120724
9.122616
8.738634
8.73393
8.998748
8.692648
8.488766
8.83302
8.636656
8.973871
8.750225
8.596626
8.547996
8.736795
8.938648
8.750298
8.22493
8.223364
8.770256
8.823312
8.624163
8.409134
8.3913
8.489684
8.664006
8.500854
8.023231
8.746683
8.605816
8.364724
8.086379
7.9895506
7.9726777
8.027527
7.7148814
8.528468
8.267421
8.224763
7.796558
8.470958
7.8368125
8.1365385
7.388048
8.04534
7.859636
7.829142
7.8668857
8.119557
7.53186
8.272737
7.832142
7.6709156
7.9677963
7.569409
7.8706107
7.4096584
7.4898148
8.331641
7.599451
7.1898847
8.00833
7.577921
6.962664
7.5525146
7.6994348
7.7138968
7.3952518
7.4169464
7.048571
7.1372123
7.224362
7.1589065
7.344881
7.361316
7.4512286
7.3513794
7.3815804
7.336362
7.0217485
7.1176147
7.026717
7.076879
7.095406
7.0360336
7.196931
6.769324
7.1461096
6.9645605
7.1126957
6.681854
7.040226
6.901703
6.908071
6.806596
6.492307
6.707392
6.511665
6.5409365
6.436465
6.489366
6.685453
6.5445037
6.616739
6.422362
6.4838176
6.649475
6.604655
6.058441
6.203854
6.462884
6.566903
6.3117704
6.3874464
6.1351795
6.5301185
6.223987
6.0939574
6.07001
6.1549106
6.032388
5.735026
6.09003
5.9856305
5.924771
5.971116
6.120747
6.03166
5.978963
5.922181
5.570492
5.8252354
5.87008
5.892114
5.7922883
5.566856
5.6244264
5.682538
5.255315
5.75034
5.428197
5.5424047
5.170609
5.46815
5.356157
5.416013
5.5115924
5.5066195
5.2398868
5.2218375
5.465613
5.28437
5.353526
5.4165435
4.9541507
5.3646955
5.120123
4.965943
5.4431844
5.018612
5.319501
5.143928
5.2677436
5.0795255
4.725716
5.030422
5.037311
4.7604585
4.959986
4.7557135
4.814519
5.034637
4.980421
4.7466674
4.6463866
4.752699
4.400644
4.7640605
4.8664193
4.808643
4.788389
4.501574
4.608142
4.5712786
4.662564
4.285055
4.5131507
4.6037593
4.657077
4.501728
4.6892
4.305511
4.4080615
4.631027
4.472662
4.5478144
4.243075
4.0868936
4.394278
4.103859
4.498435
4.169217
4.37537
4.218452
4.1808887
4.0614223
4.1511464
4.1112733
4.1553817
4.3136
4.233653
4.026692
4.0148625
3.821223
3.9278996
4.0382333
3.9905884
4.0667024
3.6459532
3.8506572
3.9974556
4.1614485
4.027111
3.5696554
3.9817054
3.956899
3.72549
3.6083496
3.656637
3.7910786
3.8811626
3.9282305
3.9061637
3.6852255
3.6144936
3.989559
3.4993317
3.4619968
3.5712504
3.5225964
3.473038
3.4994986
3.5350413
3.8226855
3.458924
3.643719
3.557771
3.505266
3.8558016
3.5680609
3.4543865
3.2806993
3.5014582
3.4280756
3.4272792
3.479219
3.5860758
3.4493325
3.48194
3.443561
3.3277664
3.4592166
3.3667958
3.3090522
3.3359528
3.506751
3.3252637
3.2699802
3.382903
3.2047834
3.1455293
3.3696826
3.3044198
3.2258155
3.287413
3.2857955
3.2095048
3.1843328
3.2766864
3.296532
3.0130215
3.096812
3.2759366
3.160402
3.1444461
3.1463177
3.264762
3.152562
3.067103
3.0286076
2.948606
3.1098726
3.0322516
3.3602076
3.032903
2.8870716
3.0286322
2.986119
3.0609202
2.9677896
3.2562265
3.0140493
3.0434222
2.9905446
2.984288
2.9871736
3.066411
3.2421815
2.7781
3.0462425
3.1333666
2.8717594
3.10577
2.8598638
2.9323385
2.950143
2.9697833
2.9783235
2.925427
2.9568167
2.946691
2.724994
2.8544784
2.968846
3.1234813
2.8736465
2.8655813
2.7163403
2.7735171
2.8992016
2.9179554
2.929458
3.0028088
2.8868284
2.8780124
2.8542554
2.929841
2.9020922
2.9082475
2.9832034
2.757405
2.772186
2.954957
2.6416059
2.7432594
2.681204
2.8267725
2.9213316
2.892201
2.8117843
2.9256716
2.6858783
2.7013295
2.84012
2.7551365
2.767989
2.863455
2.6735423
2.787495
2.7309425
2.9723666
2.8655617
2.7095034
2.6830125
2.8005526
2.7832782
2.789712
2.755067
2.8160315
2.745607
2.7450576
2.727
2.6750724
2.590412
2.6396441
2.629851
2.753898
2.590489
2.779118
2.707279
2.6818511
2.7280674
2.594265
2.835451
2.5941315
2.717251
2.7648695
2.6244497
2.6366825
2.838725
2.7842026
2.553366
2.629169
2.7089534
2.5902934
2.6732125
2.6152334
2.746623
2.6728253
2.7896824
2.642511
2.4760735
2.7002866
2.603183
2.6040456
2.6052616
2.5964572
2.4848175
2.6840456
2.5321498
2.7389705
2.7695715
2.546599
2.591153
2.5532465
2.5163994
2.626995
2.6748075
2.5258763
2.5439205
2.5639524
2.7707522
2.4611506
2.549254
2.5955858
2.636299
2.7494965
2.455648
2.520618
2.5633953
2.5434844
2.5100136
2.5851502
2.5158565
2.4398336
2.615881
2.820581
2.4533803
2.491215
2.4831595
2.6706512
2.7184756
2.5049775
2.5012655
2.472292
2.522321
2.5780256
2.4516315
2.3881016
2.658543
2.6345668
2.4264295
2.5579624
2.600835
2.4088898
2.644703
2.5370562
2.5408509
2.4218524
2.2911232
2.5004535
2.3949056
2.5902145
2.4737334
2.6517112
2.4941366
2.5246232
2.5373988
2.542525
2.523563
2.4049954
2.3386598
2.4698246
2.557298
2.579835
2.5612605
2.40933
2.4323456
2.4677289
2.485259
2.468934
2.515935
2.4478521
2.5334425
2.5236168
2.4393442
2.474814
2.5392225
2.580127
2.466998
2.3387167
2.5912778
2.3550622
2.5872002
2.5582442
2.6583085
2.5395195
2.538148
2.450442
2.306743
2.489964
2.4056604
2.6094227
2.569009
2.47571
2.460937
2.4263275
2.7058756
2.4100764
2.4986575
2.496778
2.5837946
2.5009887
2.4404254
2.3013215
2.4261644
2.319474
2.594159
2.6414387
2.522393
2.4618344
2.3748536
2.3616
2.604663
2.5713048
2.4470105
2.4749973
2.538816
2.3623173
2.424241
2.526832
2.2397904
2.4925222
2.4044006
2.425713
2.481909
2.59306
2.357635
2.438842
2.366908
2.374819
2.5174108
2.5511796
2.449008
2.568032
2.465646
2.440869
2.3738015
2.556091
2.4322402
2.4315581
2.349485
2.3488379
2.508632
2.663073
2.4578104
2.4037473
2.540826
2.414541
2.3548875
2.4492805
2.5021625
2.540065
2.438246
2.4290357
2.3850415
2.358771
2.4029336
2.2667935
2.4917421
2.474987
2.284191
2.3726583
2.447953
2.3033323
2.3481936
2.424263
2.3525143
2.3611474
2.3718724
2.485203
2.3368232
2.4151363
2.3752759
2.355583
2.3806252
2.3681896
2.3444245
2.391602
2.3521528
2.3032236
2.456172
2.2863
2.3251579
2.4128163
2.2385595
2.36962
2.2460976
2.4227407
2.3042548
2.2369964
2.2914155
2.254199
2.3516302
2.191439
2.3668756
2.336529
2.2593584
2.4386847
2.4152431
2.4453735
2.282906
2.3533354
2.3322525
2.2175112
2.2279904
2.3072004
2.2601087
2.3033614
2.372316
2.423553
2.329721
2.3671434
2.4150016
2.3575034
2.487427
2.4145436
2.284668
2.2502525
2.265595
2.5177045
2.569934
2.327951
2.2325366
2.405685
2.1642315
2.4895685
2.351854
2.1837583
2.424839
2.322744
2.241852
2.2344875
2.4850266
2.3460603
2.2187436
2.4979115
2.281315
2.424871
2.4379435
2.2768672
2.277428
2.3105364
2.325586
2.247595
2.4521804
2.2932434
2.3474734
2.3819375
2.3895924
2.3683724
2.2801964
2.402392
2.2092762
2.486186
2.281069
2.1995492
2.321856
2.2573705
2.5477915
2.1900322
2.2706194
2.3602796
2.3063023
2.2736845
2.401181
2.3641455
2.4615188
2.3014536
2.276591
2.3226995
2.1681097
2.275905
2.2103097
2.4125087
2.3192537
2.4500923
2.229448
2.2943885
2.2467232
2.4714541
2.3173108
2.410394
2.4195042
2.1364732
2.3897493
2.1652794
2.2896514
2.353976
2.3851686
2.1804583
2.3018007
2.173667
2.2393851
2.1732588
2.322452
2.1553135
2.2868345
2.3119552
2.1400952
2.20593
2.180987
2.1719112
2.5042336
2.4805684
2.166402
2.3115785
2.3055525
2.2243776
2.391656
2.534892
2.155972
2.2163706
2.2450154
2.2448635
2.2496495
2.219809
2.2476542
2.195371
2.307435
2.2902744
2.282911
2.1977954
2.1411214
2.1215985
2.2120082
2.2181365
2.2377775
2.2255766
2.1196294
2.1775906
2.1929595
2.3308222
2.4489264
2.2710824
2.3903327
2.330288
2.1899254
2.2240727
2.2799606
2.2406385
2.1541033
2.1563187
2.4019768
2.1842494
2.101918
2.206213
2.2147222
2.414466
2.3028903
2.2294018
2.207617
2.185078
2.160109
2.2732604
2.2374766
2.193463
2.1684406
2.2009284
2.181055
2.1656666
2.378326
2.155206
2.048094
2.2410414
2.0708797
2.0940945
2.2803788
2.401438
2.5218155
2.2790656
2.152204
2.3190596
2.1061254
2.161287
2.1328292
2.2695203
2.2776406
2.2515097
2.1676295
2.223348
2.1193979
2.244499
2.1088696
2.1468048
2.4754899
2.369953
2.236018
2.288505
2.1686358
2.3239388
2.2638552
2.2644722
2.271525
2.3227892
2.270376
2.4333105
2.1088994
2.114248
2.267055
2.1384158
2.2277045
2.1155925
2.0960114
2.3347583
2.1281335
2.3121402
2.0770857
2.3258026
2.1764355
2.2090316
2.061229
2.2344284
2.1663418
2.195156
2.237912
2.3151755
2.1194537
2.2100484
2.1508448
2.1538074
2.2207422
2.232637
2.0922244
2.1682756
2.019023
2.170478
2.137895
2.1937754
2.033398
2.1155174
2.0625935
2.1874194
2.3539255
2.3449779
2.1964428
2.0695665
2.248131
2.2136302
2.190229
2.0848544
2.296033
2.2782454
2.2384288
2.1830876
2.3005755
2.0620399
2.005816
2.1930475
2.194498
2.280487
2.1538844
2.194108
2.220947
2.096396
2.2177274
2.2236195
2.128782
2.0809348
2.1601815
2.1170447
2.1944742
2.1527498
2.227123
2.1312006
2.0286617
2.0228243
2.4392824
2.2200305
2.0917811
2.1475015
2.1611066
2.0739717
2.2565324
2.2177265
2.1418006
2.2550304
2.2340221
2.1330764
2.11572
2.0766854
2.087145
2.127294
2.1695685
1.9996186
2.1291955
2.0606008
2.310525
2.293298
2.1557138
2.0206397
2.2329032
2.160774
2.1451175
1.984607
2.2457144
2.3022926
2.193573
2.0490968
2.1787221
2.3207824
2.117014
2.176592
2.1601224
2.0590992
2.0552876
2.154442
2.199661
2.2017477
2.1399996
2.101478
2.1429873
2.2139056
2.0952883
2.091533
2.2337978
2.1457782
2.0784912
2.0451388
2.1528845
2.0431705
2.130991
2.0631113
2.2333026
2.0832157
2.172393
2.2063565
2.1720316
2.10378
2.086855
2.228357
2.1499214
2.226214
2.0989223
2.294247
2.2940776
2.2707205
2.154287
2.1043465
2.131792
2.0954022
2.1334221
2.0596266
2.1342475
2.1407118
2.0639894
2.103119
2.0794153
2.2977276
2.1656919
2.2200704
2.0679958
2.096493
2.095981
2.146256
2.1807647
2.2238035
2.2590797
2.1976762
2.1297932
2.227059
2.175923
2.0656285
2.038161
2.2419715
2.0612273
2.004725
2.1644373
2.183466
2.136684
2.1436005
2.14046
2.0863178
2.145723
2.236333
2.1491895
2.0418286
2.1043255
2.1526933
1.9928746
2.2376983
2.130766
2.1185884
2.1566076
2.1478722
2.1961524
2.1498013
2.1462595
1.9462839
2.263157
2.1874084
2.2418625
2.0730546
2.0021863
2.030521
2.0281494
2.1809604
2.0037856
2.136712
2.107297
2.00606
2.1059544
2.0865998
2.066624
2.142439
2.1770384
2.0479836
2.035625
1.9758798
2.048225
2.1567905
2.061158
2.122382
2.1020966
2.1817753
2.099511
2.2341626
2.1848755
2.1871874
2.061824
2.057683
2.0355928
2.1685474
2.093313
1.9477845
2.0408137
2.1656241
2.119772
2.0297375
2.0743117
2.147385
2.0670252
2.017507
2.1505733
2.1023536
2.3350785
2.2811284
2.1752088
2.2802708
2.0730927
1.9725295
2.273885
2.1612794
2.0100243
1.9983735
2.120921
2.2792876
2.1330636
2.0586457
2.0843441
2.217194
2.267282
2.112187
2.2187703
2.0677035
2.103648
2.129438
2.0742648
2.0776708
2.0396068
2.2146266
2.1446145
2.1484642
2.1542442
2.090834
1.9646279
2.103632
2.0608194
2.100934
2.1333005
2.0981755
2.039888
2.0526547
2.1439579
2.202318
2.0119052
1.9697154
2.014769
2.045542
2.056237
1.9650924
2.0165763
2.0412924
2.1223342
2.0872684
2.0561066
1.9866117
1.9842178
2.240054
1.9607072
2.0495682
2.039433
2.1328375
2.2509756
1.9657178
2.20547
1.9802306
2.0923276
1.9754009
2.1226494
2.1407576
1.9955034
2.032771
2.0595822
1.9272664
1.9280074
1.9074397
2.116185
2.0149977
2.0059407
2.0338223
1.9489162
2.2178276
1.9740603
2.176758
2.2562604
1.9157058
2.0960321
2.259677
1.8855108
2.083312
2.196167
1.9696336
2.0811162
1.9832293
2.0762794
2.0025246
2.0959728
2.0722623
2.114282
2.1453285
2.0490491
2.1253982
2.0319853
2.0363612
2.0096662
1.9043121
2.033735
2.0221274
2.093018
2.0426297
2.0984037
2.0963242
2.1278434
2.0595903
2.2129893
2.008896
2.02857
1.9497025
1.9373385
1.9188
2.1274185
2.0552187
2.0286803
1.9430432
2.0035942
1.9931548
2.1790936
2.0661404
1.9899718
2.015077
2.1731482
1.985608
2.121596
2.0844996
2.0321364
2.09211
2.058009
2.0718024
1.9730835
2.1074045
2.047458
1.9981202
1.9953403
2.0198627
2.0922432
1.9715627
1.968594
1.9586742
2.116915
2.1382806
2.0781958
2.0411794
2.1656065
2.1183915
2.0513694
2.0189795
2.016938
1.9699264
2.2093923
1.9760239
1.9823909
2.170671
2.0992568
2.040197
2.0897455
2.0334494
2.0710719
2.0625114
2.0424018
2.1855414
1.9765605
2.0129538
2.058186
2.1172514
2.0641813
2.0409844
2.035805
1.9717091
2.0437353
2.1614094
2.1208
2.0690908
2.1597338
2.0181623
2.048449
1.9190732
2.1013215
1.9583088
2.0838332
2.0691342
2.311762
2.2696218
1.9886037
1.962707
2.0641418
2.061452
2.0335007
2.0887077
1.9972903
2.0600743
1.9664848
1.9331234
2.1102507
2.0213645
2.1028862
2.0707674
2.265313
1.9230613
1.9378765
2.2047079
2.0210114
2.1131084
1.95301
2.015742
2.114818
1.9095253
1.9199475
1.9949535
1.9731792
2.1219552
2.1088977
2.1342103
2.166044
1.9647152
1.9738656
2.031953
2.004727
2.0132694
2.010327
2.1378927
2.0220354
1.9874281
2.0115302
2.1367688
2.139356
2.1141515
2.0666502
1.9571277
1.892916
1.9744188
1.9495342
2.1906304
1.9528912
2.057416
2.0457811
1.9800258
2.1592813
1.9491982
2.052776
2.0283692
2.1842084
1.9223325
1.990154
2.1342835
1.8620082
2.0513642
2.066866
2.0450726
2.0973954
2.0795307
1.9922668
2.0176334
2.0400295
1.9836278
2.1165633
1.9725772
2.0210733
2.0453246
1.9693305
2.053712
1.9767972
1.9960477
2.135919
2.0148866
2.006271
1.9563657
1.9999617
2.0911045
2.2834985
2.1105235
2.060028
2.0032952
1.966771
2.290716
1.9722189
2.0458226
2.1062224
2.0913463
2.0623763
2.033778
2.0135922
2.0847378
2.014682
2.0501664
2.0315206
1.9403808
2.0537457
2.0434043
2.2436852
2.1523528
1.9099925
2.0100124
2.0258307
2.0540833
1.9765422
1.9661562
2.0571165
1.9534549
2.045761
2.100126
1.956242
1.9775033
1.9353119
1.9177992
2.0407178
1.9567904
1.8600479
2.0591667
2.101294
1.8938901
1.8922069
1.8935977
1.9096775
2.0591862
2.049326
1.9540757
1.8850845
1.9727105
2.001298
2.0725029
1.9788842
2.0387776
1.9546906
2.0970492
2.0181205
2.0493548
2.0322552
1.9434546
2.1500635
1.9649777
1.9506245
2.0093691
1.8499249
2.0622542
1.9352592
1.9801652
2.0325124
1.963791
1.9233948
2.039474
1.9915745
2.1514595
2.0233643
1.9497488
1.997734
2.044286
2.025766
1.9944069
1.9569478
2.0020173
1.8549086
1.9911327
2.0236912
1.9011862
1.9547175
1.95864
1.9905872
2.135589
1.9735222
2.02102
2.0781858
2.0506773
1.9211098
1.9845053
2.0032213
1.8517424
1.942679
1.911137
2.0125024
1.9516473
1.9452811
1.9779491
2.1270595
2.0022743
1.9804476
2.0908482
1.9617207
2.027774
1.9959823
1.9054414
2.036143
2.0343106
1.9412796
1.9949584
2.076526
1.8840153
1.9984305
2.0560038
1.9068803
1.8662065
2.097877
1.987276
2.0634544
1.9579234
2.0185955
1.9552965
1.8544912
1.9611186
1.9746006
1.9899743
1.966218
1.9787416
1.9732133
2.0787961
2.0013685
2.011911
1.948351
1.9849765
1.9681203
2.0260134
1.9473444
2.008451
2.0185528
1.9507604
1.992961
1.9044186
1.8580401
2.0944085
1.99859
2.082223
2.0928667
2.003473
2.0032265
2.0327938
1.9135393
1.9149122
1.9788318
1.9881085
2.0115771
2.18303
2.0799446
1.9501027
2.0448577
1.995706
1.9438207
1.9506654
1.8852683
1.9898328
2.0480392
2.0335228
1.8776913
1.8265357
2.0404196
2.008562
2.0174327
2.1143966
1.8613466
1.8673317
1.9609056
1.9736277
1.9734272
2.023213
1.9368587
1.9675927
1.9939973
1.9523283
1.9032881
1.919463
1.9011087
2.0059185
1.8334913
1.9785354
2.0215971
1.877017
1.9924245
2.0735688
1.8089273
1.8813869
1.9432043
1.9211402
1.8593326
2.088728
1.8842328
2.011388
1.9904695
1.8733971
1.956836
1.9379371
1.9589815
1.858564
1.9593321
2.0164945
1.856278
1.8541563
1.917066
2.005675
1.9449157
2.0977714
1.8839566
2.045178
1.8491026
1.9766523
1.8003615
1.9938773
1.9938895
1.9792237
1.9713753
2.034709
1.9160577
2.006222
1.887974
1.9961853
1.8006107
1.9521793
1.9897717
1.8419068
1.8537005
2.098075
2.1136947
2.0898764
2.0005448
1.8217725
1.8914934
1.8590287
1.8516762
1.9341267
2.0190635
1.9509503
2.0126154
1.9122269
1.8725108
2.044162
1.9351492
1.8547697
1.9178948
1.912372
1.9013407
1.9519873
1.8942225
1.93064
1.8582752
1.9577975
1.8746111
1.9395282
1.9101989
1.8715485
1.8780825
1.8349586
1.9584923
2.0558176
1.9795705
1.9433409
1.8280448
1.9663585
1.8630505
1.8980508
1.9755524
1.9739511
1.8897055
2.1033096
1.8997035
1.9169904
1.8752041
1.9477006
1.9273257
1.9310763
1.9044672
2.0115407
1.8826329
1.8892696
1.8322527
1.9619595
