29.465385
30.44286
29.671291
30.28122
30.26565
29.803911
29.874847
29.574419
30.317804
29.644081
29.48381
30.002832
29.896769
30.13434
30.022884
29.202135
30.315353
29.548107
29.38872
29.3916
29.756727
29.441832
29.49594
28.999928
29.761808
29.677288
28.793669
29.738407
29.610952
29.70169
29.387417
29.922268
29.098211
30.16091
28.9155
29.60216
29.838999
29.485836
30.034883
29.158436
29.357965
29.007717
29.223185
29.45473
29.207767
29.283493
28.949541
29.825344
30.028559
29.403511
29.36512
29.608976
29.340588
29.714603
29.936563
29.256859
29.15972
29.38625
30.160162
29.085728
28.57255
28.586536
29.038057
29.631287
28.856676
29.31582
29.388937
29.567781
29.64008
29.790472
29.187456
29.431835
28.778923
29.718523
29.902254
29.631271
29.09638
29.303553
29.290735
28.631025
29.829367
29.09396
29.40923
28.773115
29.097754
28.488335
28.970072
29.4124
29.877348
28.876694
28.96952
29.471956
29.43168
29.529852
28.998987
29.153439
28.826405
29.51997
29.387163
28.93596
29.09466
29.724995
29.403954
28.996166
29.611341
28.746296
28.039402
29.184296
29.523256
29.184843
29.815311
29.002613
29.630545
29.188822
28.72123
28.429554
29.159405
28.659807
29.39702
29.714705
29.201448
29.167753
28.760592
28.597555
29.676119
28.974585
29.4788
29.233614
30.070156
29.390635
29.676588
27.989445
28.828287
28.879536
28.688189
28.730946
29.713125
29.169508
29.160694
28.962835
29.469954
29.121716
28.412
29.945875
29.096878
28.966816
28.701847
29.299068
28.636005
28.91604
29.0742
28.888405
29.355017
29.550913
28.828463
29.060068
28.431957
28.956705
28.895615
28.976288
29.225891
28.754837
29.453314
28.76826
29.675869
29.225048
28.946009
29.124401
28.747116
29.16205
29.005812
28.904228
28.342505
28.64196
28.816904
29.606632
28.664652
29.507488
29.282581
29.365808
28.934795
28.761503
29.017277
28.96222
28.61104
28.961374
29.341232
29.063951
29.508112
29.118803
28.829544
29.280493
29.7377
29.042011
28.508839
28.50272
29.068127
28.841547
28.769709
28.745508
28.923271
28.749338
28.951387
28.350832
29.1127
28.981844
29.455055
28.333063
29.221144
29.066732
28.852621
28.627691
29.418264
28.784956
28.347168
28.271317
28.785763
29.338104
28.812176
29.571987
28.701931
28.716516
28.99713
28.89122
28.537626
29.252665
28.626324
29.268446
28.0667
28.761473
29.329836
28.948183
28.498035
28.04998
28.33497
28.511362
28.75047
28.920464
28.522348
29.367628
28.282139
28.896946
28.357449
29.254128
28.45678
28.89088
28.644234
28.519655
28.524004
28.311758
28.640455
28.616291
28.910324
28.780743
29.027245
28.999105
29.118206
28.986347
28.535627
28.518131
28.095804
29.116632
29.338951
28.195055
28.961008
28.26021
29.131187
29.965857
28.43668
28.284508
28.51622
28.976807
28.192312
28.714882
28.831692
28.52048
28.65128
28.099356
28.255907
28.917034
29.107912
28.281715
27.89039
29.226152
27.749475
28.532925
28.661795
29.247192
29.148392
28.924538
28.997646
28.277966
28.74944
29.080091
28.805704
28.669008
27.898798
28.24124
28.98191
28.830212
28.639801
28.656118
29.092236
28.38404
28.24276
29.329235
28.00459
28.274784
28.199512
28.21809
28.893473
29.143852
28.411114
28.172935
28.803625
28.613264
28.588911
28.084597
28.960564
29.140871
27.950855
28.755548
29.652733
29.060314
28.698713
29.189285
28.784153
29.118591
28.335014
28.96216
28.623966
29.426739
28.35332
28.679144
28.687832
28.240341
28.530697
28.21299
27.85483
28.300549
28.807404
28.28682
28.0648
28.008831
28.072208
27.95193
27.830723
28.498753
28.405428
28.832424
28.190214
28.645935
28.402164
28.770397
28.803991
28.314568
28.502947
27.804
28.274616
28.035168
27.829456
28.275528
28.838072
27.837519
28.373775
28.107908
28.357296
28.15914
28.061195
28.561712
28.315472
28.832888
28.314548
28.061283
28.597181
28.018864
29.023115
28.283648
28.830791
27.84094
28.442688
27.937914
28.376225
27.98387
28.245647
28.117489
28.105036
27.644423
27.703121
28.550774
27.954992
28.91952
28.459682
28.19827
28.690676
28.806087
28.75368
28.370993
28.374592
28.983591
28.3296
28.176239
28.075056
28.544899
28.489166
27.596706
28.558077
28.585032
28.550043
28.797731
28.103575
27.825758
28.545132
28.163176
28.40458
28.142113
28.038008
28.317984
27.974833
28.43488
28.045164
28.156948
28.31902
28.05339
27.328772
27.668308
27.318136
27.999392
28.547554
28.838692
27.51834
27.90798
28.286747
28.065948
28.371696
27.879444
27.9799
28.165499
28.835052
27.73662
28.504332
28.722763
28.213783
28.638506
28.31403
28.070808
27.771357
28.423254
28.295164
28.093086
28.292187
28.623768
27.701769
27.537855
27.728392
28.093344
27.522884
28.01501
28.396336
28.753643
28.43016
28.465086
28.576977
28.451044
27.65496
28.227997
28.065344
28.291466
28.788212
27.568604
28.990997
28.71273
27.745268
28.719059
27.312908
28.660383
28.17458
28.363173
28.793793
27.962814
28.497734
28.460804
28.156109
28.054808
28.343176
28.23422
28.521856
27.958172
28.830074
27.890759
27.312004
27.580105
28.165075
28.344204
27.893436
28.594437
27.979126
27.030834
27.29477
27.73982
27.872568
28.345045
27.872719
27.945827
27.861057
27.513557
28.507025
27.828224
27.2076
27.944582
27.124493
27.72298
28.153318
28.09942
28.06984
28.027304
27.491592
27.497437
27.424274
28.132946
27.904903
27.180096
27.627903
27.403948
28.112152
27.97265
27.747173
28.264584
29.032099
27.749784
27.836931
28.100449
27.910387
28.191296
27.633072
27.692219
27.877216
27.904863
26.807978
27.975452
27.06454
26.546625
28.177813
28.405067
28.105156
28.100687
27.816357
28.386528
28.14328
27.216965
28.120779
28.028635
28.52676
27.479383
28.185837
27.36195
27.289072
27.357525
27.584328
28.139238
27.2713
28.050997
27.552496
27.66947
27.929773
27.558184
27.105116
27.570204
27.719751
27.93883
27.828577
27.636667
27.195368
27.26977
27.712568
27.864397
27.239521
27.43701
27.42154
27.170301
27.679403
27.699907
26.806648
27.790192
27.381481
27.7114
27.033524
27.999851
27.500868
27.846342
27.775423
27.451324
27.2632
28.099146
28.211554
28.27502
27.774733
27.662285
27.005535
27.572212
27.583794
27.375492
26.351107
27.000607
27.620737
27.913452
27.802414
27.022316
27.423384
26.965208
27.550243
28.207727
26.746258
27.991735
27.346003
28.143513
27.16481
27.735113
27.16485
26.872137
27.591717
27.537241
27.608688
27.328264
26.931208
27.015358
27.092836
27.356792
26.800768
27.527796
27.340723
27.99938
26.585716
27.677568
26.886526
27.305628
27.623873
27.121132
26.984213
27.001892
27.841127
27.30391
27.538275
26.941553
26.93597
27.25216
27.226013
27.602411
27.68554
27.619188
26.558214
27.220987
27.225803
26.931175
27.588768
25.82138
27.19253
27.24553
27.135212
26.918917
27.511786
27.13207
27.256624
27.394253
26.813772
26.459665
27.28932
26.667522
27.052504
27.14108
27.549715
27.567835
27.096682
26.914888
26.821487
27.362017
27.618027
26.310818
26.817656
27.105282
26.789288
27.008932
26.602512
26.28506
26.484505
27.26909
26.205917
27.155071
26.452284
26.704025
26.592424
26.724352
26.887215
26.923786
26.110098
26.923264
27.281971
26.735811
26.893871
26.676878
26.99606
26.951921
26.910313
26.744364
26.785416
26.503567
26.557924
26.62596
27.093744
26.664839
25.75733
26.22835
27.151917
26.95883
26.013964
26.951544
26.423716
27.014912
26.466639
27.091173
26.763086
26.904554
27.098053
26.266052
27.97184
26.021755
26.824543
26.935652
27.153097
27.401865
26.99322
26.581419
26.32397
26.704142
25.839027
26.364283
26.457312
26.618488
26.617704
26.66386
26.300032
26.852348
26.366817
26.620014
27.521996
27.062609
26.24092
26.2447
27.04243
26.112555
26.30565
26.861115
26.232477
26.839626
26.375265
26.391777
26.782484
26.953264
26.14468
25.891727
26.070736
25.94105
26.44708
26.579508
26.185717
26.195248
26.931974
26.53548
26.335316
26.77307
26.881147
26.314707
25.920073
26.360546
26.444471
26.118208
26.708084
26.207767
25.5974
26.404905
26.216188
26.442001
26.507343
26.560484
26.417238
27.174149
26.54032
26.660631
26.467876
26.438654
26.917637
26.390324
26.400496
25.448992
26.444124
26.180864
26.35711
26.207556
26.464865
25.992723
26.52202
25.947533
25.421785
26.556902
26.167248
26.13851
25.728619
26.462587
25.019175
25.873674
26.709112
26.366331
25.782969
26.215023
25.794195
25.63523
25.56124
25.197872
25.871254
25.86344
25.618784
25.679075
26.041504
25.930471
26.147928
25.895794
26.59864
25.65104
25.8495
26.392832
25.792252
25.795263
25.735647
25.706736
26.582777
25.989706
26.035912
25.803152
25.859877
25.344341
26.029984
26.577734
25.303324
26.619747
26.20954
25.94824
25.995695
25.872826
26.314342
25.294556
25.094538
25.562883
25.731438
25.432772
25.612831
25.760927
25.592997
26.07928
25.59743
25.082886
25.523342
25.729908
25.481953
26.229206
26.167826
25.540611
25.734898
26.580345
25.70322
25.3326
24.625893
25.478767
24.861671
25.994473
25.346447
25.409847
25.027395
25.221796
26.352531
25.09428
25.1915
25.434656
25.648863
25.797976
25.70333
26.273869
25.835007
25.240393
26.094894
25.306654
25.94397
25.732311
25.143845
26.189672
25.531273
25.117926
25.854464
25.334482
25.409883
25.340454
26.126701
25.603176
25.261087
25.450148
25.891838
26.333632
25.55442
25.748192
25.424036
25.161444
25.119757
25.991922
25.538336
25.769386
26.004467
25.424643
24.746853
25.301847
25.7722
25.337635
25.641443
25.029978
25.378904
24.393444
24.5588
24.809677
25.342882
25.427792
25.032335
25.463333
25.290436
26.014784
25.560616
25.806725
24.923927
25.153685
24.447077
24.540585
25.35666
25.433672
25.729963
25.157578
25.465761
25.066046
25.480764
25.1993
24.434196
25.915035
25.064524
24.961552
25.314611
25.591656
25.276302
25.532518
25.104317
26.170158
25.280825
25.33864
25.214514
25.555452
25.623596
24.655981
25.20246
25.322931
25.070812
25.39789
25.187721
25.395483
25.253817
24.610023
25.209019
25.352571
25.48144
25.154531
24.596056
25.604681
24.870356
24.408106
25.58222
24.468088
25.204048
25.441898
24.685955
24.72336
25.928574
24.506435
25.204756
25.48638
25.231407
24.747252
25.732603
25.454458
24.737843
24.910416
25.381853
24.5959
25.04056
24.841566
25.335772
25.151506
25.064144
24.829088
24.8302
24.879572
25.10654
24.886992
25.060366
24.89831
24.75598
24.90894
24.970251
24.338549
24.985424
25.942476
25.199354
24.39178
25.200407
26.152111
25.137213
24.140469
25.38442
24.312304
24.663404
24.584558
24.890717
25.49671
24.999264
24.992352
24.803791
24.952478
25.05284
25.493814
25.433975
25.504356
24.869753
25.075567
25.26531
24.670843
24.921907
24.315416
24.961767
25.119535
24.945652
24.947838
24.561203
25.36358
24.830704
24.4669
25.239285
24.43232
25.48264
24.188862
24.824387
25.121145
24.303345
24.862091
24.741571
24.913204
24.41584
24.774237
24.37131
24.958292
24.903255
24.319632
24.673265
24.529688
24.543787
24.29234
23.82884
24.92041
25.081097
24.813448
25.004314
24.690628
25.081171
24.822817
24.766829
24.459988
25.249989
24.67186
24.84416
24.599174
24.971567
23.880892
24.609278
24.82059
24.620571
24.639875
24.84324
24.151691
24.873154
24.343948
24.524666
24.133991
24.756884
24.351357
24.334724
24.518383
24.67786
23.769684
24.622828
24.917704
24.945702
24.40484
24.577162
25.352676
23.714636
24.88061
24.431677
24.128319
24.278736
24.23676
24.055656
24.284557
24.96139
24.394012
24.36954
24.951454
25.109571
24.393036
25.025677
23.893223
24.122902
24.56139
23.804403
24.490696
25.157436
24.61587
24.544525
24.689863
24.611528
24.482214
24.36848
25.036804
24.127697
24.550371
24.663616
23.83562
24.623304
24.159912
24.044928
25.113537
24.003664
24.535276
24.77454
24.540655
24.449907
24.183495
24.642284
24.965307
25.08656
23.967304
24.735376
24.863071
24.337784
24.134558
24.228592
24.19578
24.881222
24.101236
24.64408
24.808744
24.396614
24.487312
25.221836
24.277744
24.099758
23.670052
24.385496
24.260576
24.648636
23.333569
24.35254
25.106625
24.863651
24.35109
23.514746
24.753525
24.669716
24.898695
23.951576
24.493294
24.455301
25.16292
24.115025
24.63478
24.019264
24.837652
24.015928
24.346752
24.084024
23.637716
24.286448
24.72931
24.119776
24.375044
24.729685
24.357304
24.079208
23.214577
25.18481
24.073048
24.439241
23.998652
24.311857
24.058264
23.929743
24.284122
24.035185
23.802937
24.549826
23.8541
23.81511
24.350836
24.424849
24.417511
24.885412
24.315826
23.847109
23.907366
24.612001
23.910696
24.102867
23.462524
24.474264
23.642248
24.139269
23.930391
24.226028
23.49392
23.523138
24.394276
24.640863
24.387293
23.772022
24.023909
24.152197
23.807367
24.3427
24.369814
24.059904
23.491343
24.345907
24.572807
23.891916
24.460516
23.856133
24.27922
23.91538
23.7211
24.555033
23.873997
24.695734
24.72007
24.142395
24.257292
23.88349
23.227436
23.969088
23.768314
23.627525
24.518684
24.561264
23.699972
24.591557
23.809988
23.398176
24.717726
24.623198
23.96799
23.366806
24.463087
24.836767
24.556208
24.552202
24.423319
24.02508
24.186972
24.19447
23.697878
24.385155
23.275126
24.599804
24.069153
23.987072
24.297796
23.479673
23.240612
23.021086
24.213835
24.535393
24.422739
23.687145
24.63951
24.0843
23.526428
23.802605
23.259922
23.613235
23.995808
24.207087
23.619549
23.751873
23.560806
23.483818
23.306578
23.7697
23.199593
24.086037
24.059973
23.650963
23.892963
24.173937
24.031092
23.97744
24.451363
23.838709
23.733929
23.086884
24.182438
23.140108
24.796778
23.729404
23.428549
23.443007
23.92702
23.799873
23.81346
24.025816
23.61931
24.06246
23.762125
23.073948
23.997952
23.673832
24.050743
23.947155
23.959372
23.40937
22.89102
23.92516
23.482716
23.4711
23.884407
23.547968
23.783491
24.02408
23.536167
23.927427
23.49586
24.099447
23.812492
23.255264
23.827871
23.909248
24.282576
23.867174
23.811464
23.785671
23.760971
23.395407
23.936512
23.697464
23.658737
23.92264
23.834345
24.108995
23.41746
23.806631
23.758877
23.507893
23.46609
24.089352
23.448751
23.218304
23.710775
24.37273
23.67573
24.31636
23.112444
23.273129
23.702131
23.394434
24.501831
24.004019
24.391428
24.314098
23.815523
23.567732
23.39652
22.9881
23.08218
23.202051
23.601336
24.770748
23.462433
23.094269
23.582014
23.485031
23.074656
23.867506
23.53176
23.351978
22.769907
23.595047
23.895664
23.211704
24.008799
23.518805
23.110605
23.017244
23.983885
23.216944
23.205
23.15518
23.48412
23.913734
24.618376
23.2352
23.570547
23.776812
23.958723
23.981192
23.937927
23.446556
23.555239
22.983116
22.997955
24.176872
22.805525
23.205229
23.74643
23.495436
23.952301
23.31921
23.490505
23.182854
23.400543
23.27364
23.768728
23.293743
22.756657
23.531868
23.665983
22.883663
23.477386
23.171207
23.044907
24.036028
22.874123
23.476849
22.89158
23.399029
23.338366
22.766853
23.262371
23.279371
23.81674
23.836308
23.269064
24.035927
23.050615
23.992104
23.43583
23.018684
23.325665
23.943684
23.054253
23.13648
23.39552
23.028742
22.8896
23.091312
23.810394
23.878826
22.866302
23.65404
23.281857
22.686323
24.18599
23.40299
23.234432
23.378376
22.727957
22.794577
23.757998
23.510454
22.440329
23.160976
22.159962
23.76251
23.59876
23.109549
23.54287
24.117222
23.368002
23.055655
23.963
22.948664
23.105616
22.515469
23.108984
23.758978
23.388256
22.981203
23.748901
23.079096
23.246763
23.249205
23.36748
23.05964
23.33682
23.146112
22.919884
23.835632
23.2931
23.436361
22.934263
23.246584
23.646364
23.60432
23.33162
21.997084
23.130493
23.286163
23.26536
23.22511
23.012789
23.347443
22.468636
23.483543
23.255882
23.018398
23.76427
22.898693
23.442863
23.295248
23.587688
23.44991
22.883793
22.751837
23.390078
23.369879
22.918062
23.266376
22.682552
23.120443
22.998978
22.991179
22.874277
23.373837
24.053062
23.423124
22.80414
22.984783
23.1529
23.199396
22.791933
22.603216
23.28919
23.337065
23.23306
23.45766
23.549109
23.925457
23.586466
22.57034
22.842636
23.11758
22.97121
22.40328
22.11136
23.815493
22.448706
22.572645
23.16396
22.704172
22.49152
23.038809
23.395315
23.59295
22.486547
23.25967
23.156672
22.48178
22.826147
23.255972
22.924244
22.97212
22.822653
22.597292
22.597687
22.69101
22.908216
23.346457
23.020052
22.554712
22.779137
22.8634
22.776447
22.843187
22.716444
22.526152
22.152971
23.37744
22.939684
22.826996
23.13853
23.338497
22.57344
22.68022
23.067059
21.954983
22.739697
22.56036
22.574484
23.195808
22.680944
22.668154
23.60016
22.768688
22.860289
22.511528
22.457785
22.669912
22.911629
22.684673
23.238497
21.623665
21.903753
22.976652
22.660961
23.156992
22.954363
23.176321
22.815744
22.814592
22.33946
22.1261
23.990522
22.411167
22.683563
23.009775
22.876108
22.818888
22.055042
22.9863
22.614208
22.88178
23.15564
22.981035
22.310972
22.829823
22.030289
22.548943
21.870779
22.705032
22.799004
22.597248
23.009745
22.43651
22.54974
22.599655
22.644491
22.74142
22.400707
22.810785
22.705551
22.860905
22.401894
22.758812
22.624636
23.282114
22.544186
22.290152
22.62468
22.492458
22.643126
22.666874
22.528208
23.159815
22.397
22.966679
22.38285
22.552551
22.168642
21.95161
22.649061
22.476772
22.68416
22.590467
22.848352
23.466248
22.725618
22.6202
22.297188
22.361212
22.691004
22.320196
22.620556
23.240744
22.830359
22.792969
22.283602
22.375517
22.891865
22.500103
22.17111
21.894115
22.474249
21.969772
22.463703
22.919733
22.08519
22.524656
22.533434
22.098583
22.148914
22.658869
22.866104
22.144547
22.47745
21.8786
21.96478
21.844484
22.573915
22.235012
22.18336
22.707836
22.507608
21.692995
22.231983
22.00985
22.50174
22.068937
22.48495
21.977932
21.821833
22.132126
22.018808
22.527924
22.136183
22.05428
22.300163
22.489927
23.126856
22.847504
22.17898
21.759706
22.0025
22.796516
22.187716
23.278408
22.00989
22.85886
22.256842
22.200647
21.76566
22.191051
21.97967
22.804909
22.08307
22.702068
22.736025
22.142952
21.985134
22.469706
22.04314
21.996227
22.53532
21.58001
22.65219
21.925957
21.826508
22.038076
21.681507
23.221693
22.153652
22.291245
22.817904
21.983595
22.185892
22.335793
21.9859
22.27671
22.38855
22.732256
21.759651
21.81166
22.86146
22.216328
22.06754
22.07154
21.797695
22.222803
21.621704
22.448624
21.591904
21.622795
22.41306
22.435091
22.120834
22.1385
22.182508
22.281912
21.790583
21.818005
22.71494
21.865051
22.107332
21.952032
22.000702
21.604809
21.887968
22.212528
22.461924
22.196014
21.92792
22.737207
21.838839
21.724646
21.996223
22.316105
22.269348
22.089785
21.427626
22.10026
21.53307
22.060192
22.085478
21.601093
21.927776
21.376743
21.371168
22.40308
22.151638
22.462484
21.984163
22.480127
21.665096
22.056585
22.123516
21.921568
21.912289
22.135132
21.567007
22.052917
21.828447
21.625896
21.424747
21.436165
22.04716
22.003134
21.360071
21.696672
21.841356
21.76078
21.870201
21.626305
21.389812
21.413887
21.852024
21.557924
21.500597
21.676647
21.646883
21.665459
21.416891
21.601887
21.661037
21.465183
21.719149
21.590508
21.544827
21.695213
22.053795
21.833618
20.885595
22.250225
21.99192
21.6941
21.87109
21.551792
21.956787
21.125616
21.82674
21.892733
21.763672
21.175392
21.353619
21.824202
22.419996
22.05904
22.20838
21.606112
22.530611
21.87432
21.73131
22.555735
22.142159
21.814716
21.539387
21.463009
21.810472
21.431871
21.382463
21.187819
22.049873
21.669756
21.135881
21.36419
21.593733
21.259926
21.109737
21.277426
21.794594
21.066208
22.378368
21.507988
21.67068
21.262072
21.256348
21.063349
21.524628
21.403131
21.664276
21.965445
22.323095
22.661987
20.963676
21.047714
21.200335
21.366701
21.510923
20.918356
21.363613
21.72914
21.020409
20.530542
21.610739
21.749916
21.54263
21.656397
21.126965
22.067076
21.403915
21.986734
21.047945
21.587969
21.595325
21.814636
21.173573
21.410675
20.811563
21.458761
21.66973
22.268887
20.886057
21.520433
21.921637
21.301805
21.000961
21.155815
21.144468
21.441029
21.127079
21.284864
21.973637
21.19754
21.7091
20.78428
20.959839
21.90652
21.590014
20.932495
21.264765
20.977837
21.845228
21.04551
21.24863
21.563122
21.051125
22.296825
21.790392
21.469824
20.683004
20.807268
21.480206
21.372835
21.687807
21.249672
21.016727
20.751667
21.660341
21.030611
20.933195
20.760448
20.60163
21.842855
21.538967
20.99724
20.857708
21.471487
21.198996
21.376371
21.13312
21.306688
20.883192
21.763351
20.769083
20.826435
21.02981
21.06831
20.410084
21.000774
20.3876
20.829935
20.920116
20.656595
20.909845
20.892618
20.482117
20.4057
21.480492
21.138807
20.983086
20.86033
21.806686
20.990194
21.269016
20.836472
21.901394
20.912552
20.898726
21.41385
20.945038
21.550564
21.226885
20.95692
21.06929
21.119604
20.355915
21.025274
21.17595
20.8919
20.504175
21.321272
20.491306
21.280216
21.339785
20.662657
20.383774
20.79062
20.57651
20.799852
20.81062
21.02813
20.034092
20.81444
20.88987
20.457798
21.057182
21.099072
20.62886
20.479836
21.539072
20.499792
20.83799
20.726906
20.858545
20.655958
20.603344
20.995031
21.149876
20.363478
21.121828
20.71138
20.922806
20.384068
20.655296
20.568209
20.28326
20.801878
20.381834
21.482422
21.13656
20.71132
20.786312
20.268888
20.75996
20.6591
20.404331
19.886215
21.116827
20.536156
20.418232
20.382294
20.75056
20.571545
21.072838
21.385489
21.065151
20.701778
21.002129
20.829235
20.731447
20.633032
20.497849
20.473608
21.129467
21.104725
20.29152
21.193325
20.619513
20.402012
20.38275
20.250908
19.74092
20.744717
21.127447
20.126518
20.722103
20.447788
20.28817
20.996588
21.165476
20.304472
20.266914
20.193705
20.421686
20.252968
20.702375
19.73411
20.10648
20.214535
20.298355
20.114407
20.44322
21.513947
20.535032
20.229734
20.961887
20.220884
19.532225
20.094606
20.428455
20.190409
20.2413
21.320007
19.903217
20.15304
20.47068
21.087181
20.229652
20.133066
20.403347
20.79228
19.94962
20.489777
19.98224
20.280676
20.655628
20.723536
20.304583
20.512527
19.844875
20.517794
19.498035
20.38188
19.780708
21.31771
19.692184
20.526531
20.882416
19.977592
19.792152
20.614927
20.742538
20.653711
20.177015
19.873585
20.264324
19.993841
20.6503
20.439743
20.597652
20.25717
19.8499
20.76925
20.404472
20.294357
20.179544
20.470932
20.715984
19.805471
19.88969
20.92572
20.025866
20.02146
21.038338
20.406475
20.362474
19.727976
20.074152
20.593058
20.191698
19.603848
19.823008
20.158096
20.01134
19.82848
19.894556
20.225636
19.99392
20.171371
19.978172
20.244268
20.192717
19.844707
19.33066
19.940292
20.137295
19.651644
19.491463
20.023542
19.863527
20.644567
20.42686
20.838385
20.075735
19.833979
19.471611
19.453817
19.663809
20.104656
20.395603
19.893717
19.310036
20.00864
19.62972
20.968939
19.940918
19.802
20.047508
19.819073
19.916265
20.167408
20.05249
19.73014
20.327656
20.692839
19.058147
19.895365
19.966728
19.523933
19.241219
19.477564
19.621464
18.96222
20.22374
19.911097
19.913942
19.88821
19.14504
19.388193
20.04193
20.178024
19.78117
19.40532
19.232988
19.93882
20.047882
20.022615
19.642992
19.153116
19.93904
19.519447
20.068508
20.059015
19.65976
19.753971
19.675945
19.728016
19.341097
19.355362
19.891613
19.765156
19.806211
19.739712
18.820204
19.87042
20.020676
19.391888
19.741564
19.705133
19.50795
19.229649
19.843435
19.229614
19.249617
19.650831
20.015232
19.957792
19.650034
19.55526
19.770609
19.618729
19.580008
19.302032
19.067316
19.696053
20.037336
20.114952
19.95414
19.050709
19.818869
19.499262
19.226215
19.713148
19.300997
18.66202
20.152536
18.9476
19.550524
19.83143
20.327856
19.681116
18.941235
18.740433
19.576937
18.398186
19.141138
19.169207
19.552711
19.445282
19.574886
19.590569
19.091652
19.408155
19.047625
18.919209
19.817232
19.296396
19.3632
19.056887
18.858263
19.18509
19.792374
19.020199
19.285776
18.340836
20.098974
19.37306
18.918127
19.180649
19.429087
19.089676
19.44978
19.7153
19.663198
18.692724
19.02394
19.275974
19.178852
18.984879
18.874044
19.214205
19.254028
19.286436
19.028433
18.719408
18.86649
19.347809
19.035442
19.03735
19.07466
18.434437
18.896109
18.668467
19.0797
18.688972
18.850834
19.337055
19.159784
19.54036
19.184868
19.287731
19.251844
18.77323
19.00491
19.18798
18.51058
19.204077
19.095684
18.508415
19.16216
19.0375
18.975588
18.861328
18.535967
18.66359
18.650404
18.972809
18.808401
19.027205
18.9552
19.056911
18.95841
18.815947
18.936085
19.088852
18.758228
18.502916
19.143547
18.728558
18.837135
19.106735
18.865692
19.663116
18.089828
18.97714
18.746443
19.14623
18.052416
18.616093
18.834337
18.896196
18.411848
18.663048
18.090233
19.229492
18.483215
18.132324
18.696743
18.537209
18.335474
18.761116
18.515057
18.308224
18.84372
18.821724
19.466076
18.312107
19.449556
18.827295
18.24874
18.920914
18.891472
18.546682
19.019623
18.922585
17.885805
17.990578
18.265753
18.83586
18.782995
17.953587
18.565828
18.53871
18.078545
18.546623
18.504553
18.344404
18.670605
18.429564
18.369482
18.462297
18.329704
18.345907
18.516804
17.992046
18.102396
18.156816
18.69423
17.980207
18.177347
18.371094
18.687319
18.574589
18.214165
18.292728
18.992472
18.4044
18.131084
18.223213
18.246824
18.24762
18.174652
18.211763
18.895712
17.913591
18.679487
17.80522
18.299826
18.412075
18.606031
18.101261
17.904358
18.05114
17.73093
17.796484
18.730606
18.227177
17.95624
17.955942
18.30724
18.562391
17.770327
18.613705
18.201958
17.607756
17.995312
17.888494
17.938204
18.083132
17.88028
18.443033
18.49911
18.20915
18.879238
17.651888
18.358732
17.706964
17.774912
17.443115
18.395191
17.906836
18.168806
18.188875
18.179407
18.084417
17.466024
18.559698
17.702415
17.865503
18.403467
17.974857
17.848011
18.318687
17.567167
18.376804
17.955078
17.637424
17.41311
17.477427
18.046879
17.844973
17.784716
17.53962
18.056265
18.315405
17.492975
17.713009
17.773842
17.825113
17.922373
17.925924
18.340809
17.298264
17.689987
17.71124
17.481264
18.390295
18.290632
18.043488
17.749187
17.977684
17.324762
17.223822
17.757278
18.15963
17.920565
17.449423
18.15066
18.15646
17.526598
17.388214
17.641539
17.928509
17.69902
17.602932
17.580824
17.48354
17.334393
18.152874
17.591492
18.083368
17.426453
17.731647
17.548887
18.321184
17.84512
17.171473
17.193092
18.070883
17.63228
17.313597
16.847342
17.225636
17.865036
17.698423
17.920132
17.979551
17.37228
17.69966
17.330652
17.662678
17.283604
17.11458
17.49742
17.254412
17.172682
16.88064
17.598291
17.169928
17.21062
17.06028
17.483316
17.114079
17.36612
17.310158
17.683887
17.023542
16.539948
17.91108
17.094671
17.960472
17.085653
17.535358
17.093481
16.90682
17.80776
17.159986
16.430874
17.266245
17.015322
16.605639
17.254541
17.25112
17.64156
16.809458
17.594809
16.9172
17.634794
16.968493
16.89732
17.648853
16.836866
16.827744
17.23036
17.151016
17.040323
16.663465
16.808182
16.797724
17.126692
17.301476
16.80032
17.485271
17.445145
16.916147
16.514334
17.111956
17.49144
17.286392
16.841503
16.693846
16.54783
17.098593
16.795315
16.910198
17.210611
17.039688
17.317362
17.138367
16.619476
16.472149
16.493408
16.98033
16.393515
17.529652
17.756784
16.440695
16.696268
16.506754
16.60527
16.843609
17.292925
16.781744
17.011375
16.698769
17.09516
16.594559
16.635012
16.541939
16.847057
16.741117
16.736467
16.300863
17.599928
16.474564
16.947165
16.809303
16.500626
16.421776
16.069181
17.177567
16.782972
16.891296
17.313692
16.81698
16.420929
16.568567
15.988568
16.712025
16.885681
16.865528
16.209309
16.816648
16.512947
16.094816
16.993073
16.530178
17.059092
16.494482
16.695292
16.538446
16.514463
16.833496
16.456509
16.15852
16.346863
16.830845
16.111345
16.62838
16.675653
16.712845
16.107992
16.135256
16.403837
16.524332
16.114395
16.437645
16.143785
16.224098
16.109072
16.4182
16.300245
16.273043
16.138079
16.278473
16.343306
16.294935
16.326513
16.191378
16.642584
16.28971
16.469305
15.8433275
16.407175
15.770542
16.24501
16.270098
16.05796
15.623
16.376146
16.270102
15.986138
16.225225
15.876171
16.440874
16.32072
16.005405
16.962145
16.269787
16.854576
16.557722
16.472725
16.338484
16.21421
16.219168
15.989027
16.45561
16.503162
16.190742
16.045748
16.425404
15.982009
16.280123
16.417559
15.820368
16.218428
16.32175
16.465258
16.219912
16.007368
16.271202
15.53848
15.4630375
15.998598
16.071705
15.720626
16.083174
15.779062
16.75322
15.931145
16.427967
15.168108
16.03833
15.950946
15.764123
16.658688
16.553791
15.898972
16.415255
15.501107
16.169739
15.105928
15.778576
15.631154
15.91602
16.208433
15.589612
16.090689
15.679908
15.378862
15.32737
15.405994
16.7649
15.7962265
16.07015
15.797287
15.770492
15.797656
15.697196
16.193727
15.946779
15.738388
16.540457
15.569194
16.040718
16.132023
15.767525
15.012192
15.50995
15.705942
16.230358
15.863475
15.749998
15.474887
15.701939
15.31083
16.655962
16.009836
15.663345
15.920234
16.125233
15.265248
15.879083
15.965028
16.231508
15.7918415
15.513114
15.911748
15.31525
15.604415
15.74565
15.912448
15.564858
15.529846
16.04551
15.871535
15.739966
15.490608
15.34856
15.915942
15.599104
15.783612
15.5483
15.837968
15.283612
15.270064
15.382763
15.630362
15.72087
16.492092
15.79667
15.836484
15.689865
15.64602
15.675318
15.50021
15.042914
15.309456
15.499532
15.156907
15.674998
15.453237
15.4485855
15.834053
15.378102
15.221916
15.159882
15.103893
15.670047
15.105404
15.67678
15.462592
15.131174
15.61381
15.505757
15.220503
14.639932
15.137073
15.590751
16.04001
15.989936
15.577527
15.508661
15.011012
14.827799
15.448949
15.14515
14.974086
14.866169
15.442062
15.56736
15.323776
15.164465
15.379641
15.00951
15.016938
15.737724
15.617156
15.434756
15.2577715
15.317748
14.865155
15.3317
15.547835
14.980651
15.237672
15.587552
15.326144
15.23629
15.335781
16.05226
14.836344
15.1383915
15.035555
15.098932
15.248659
15.528675
15.258631
14.697355
15.605883
15.254554
15.103514
14.79854
14.697363
15.311198
15.359482
15.416908
14.9044075
15.055078
15.6405735
15.01126
15.151789
15.095622
14.953208
14.899361
14.773472
14.637184
14.843583
14.752676
14.579562
15.571112
15.299635
15.058134
14.780326
15.405039
15.458545
14.736292
15.196352
15.453117
14.837904
15.10527
15.277539
14.521094
15.778572
14.825454
14.930136
14.966474
14.831963
14.712732
14.834417
14.672621
15.151772
14.678972
15.273894
15.147925
14.982864
15.163868
15.95848
15.0007715
14.957957
15.073162
14.936874
15.48762
14.690881
14.827218
15.15297
14.861642
15.2516
14.760576
14.879282
14.74795
14.791126
15.319344
15.187424
14.633626
14.858344
14.786928
14.742149
14.658364
14.351936
14.964804
14.20402
14.425388
14.363698
14.788421
14.6484
15.20608
14.701823
14.78758
14.382533
14.299966
14.543546
14.555096
14.067396
14.518698
15.054908
15.053086
14.265345
14.029306
14.674906
14.5190115
14.73886
14.481516
14.813522
14.89658
15.038481
14.679891
14.796955
14.995206
14.64155
14.568458
14.6181135
14.59919
14.417104
14.343834
14.167658
14.363261
15.077001
14.317365
13.985344
14.749935
15.021856
14.091493
14.682683
15.261838
14.047548
14.474759
14.221539
14.4730215
14.694569
14.337058
15.106949
14.796813
14.094267
14.848301
14.046091
14.604776
14.862792
14.491934
14.790676
14.165768
14.21069
14.749882
14.266642
14.906571
14.056104
14.801238
14.1700945
14.465626
14.337151
14.676124
14.943146
14.712806
14.964576
14.404904
14.266476
13.848274
14.554819
14.574693
14.760884
14.198591
14.503401
14.452646
13.790835
14.014742
13.856244
14.745736
14.497598
14.717063
14.55434
14.344701
14.252652
14.406102
14.57362
14.123006
13.902053
14.21775
13.88734
14.6212635
13.8419
13.949084
13.797263
14.149045
14.502458
13.893892
13.778934
14.133618
14.226076
14.006153
14.21675
13.902305
14.04542
14.412981
14.156374
13.59216
14.062215
14.561434
14.288741
14.511398
13.522786
14.339604
14.362364
14.021408
14.026434
14.901908
14.168316
14.447588
14.469672
13.914513
13.662372
13.670822
14.021354
13.691256
14.068812
14.244016
14.0087
14.154016
14.063606
13.81053
13.833869
14.245787
13.878949
13.647231
13.820548
14.299435
13.862624
13.90402
13.948078
13.847448
13.866431
14.325538
13.678825
13.614526
13.540657
14.466308
13.628644
14.591492
14.011101
13.943395
13.545123
14.018722
14.256852
13.811936
13.383544
13.369182
14.460762
13.884399
13.426358
13.694187
13.828252
13.539748
13.78713
13.604214
13.7472515
13.9591465
13.220345
14.03393
13.798848
13.68237
13.948776
13.931058
13.100796
13.436868
13.53885
13.258004
13.794876
13.440844
13.318549
13.611713
13.968096
13.229138
13.263064
13.872181
13.243124
13.37149
14.051983
13.46886
12.842133
13.658382
13.257646
13.715439
13.390042
13.021754
13.462376
13.684791
12.704042
13.9389715
13.481014
13.559342
13.923288
14.026881
13.298844
13.09852
13.691504
13.37396
13.337181
13.17354
13.186314
12.911986
13.7141075
13.460952
13.452055
13.761904
13.436004
13.208909
13.431633
13.349276
12.865768
13.17413
13.246446
13.57201
13.738702
13.18738
13.250862
13.224148
13.257619
12.970698
13.158761
13.0064
12.558291
14.110273
13.257858
13.440251
12.694162
13.492657
13.158949
12.633078
13.313641
13.343779
13.117848
13.8272295
13.596158
12.995966
13.456014
13.135224
13.194681
12.777194
13.251668
12.800891
12.930216
13.266116
13.266113
13.713302
13.001677
13.305981
13.44681
13.362582
13.132652
13.068758
13.141384
13.793628
13.1275835
13.138297
12.8611
12.990675
13.5327425
13.367008
12.818304
13.030656
13.13031
12.56989
12.892007
13.00181
13.001406
13.319735
12.965522
13.019597
12.7976055
12.72052
13.10205
12.72614
13.195182
13.349066
12.660624
12.946348
12.835638
12.622718
12.745743
12.832594
13.371229
13.681556
12.951204
13.179252
12.73959
12.378753
12.459119
12.695682
12.9911375
12.764416
12.2103815
12.55151
12.814765
12.645034
12.301798
12.649198
12.897184
12.427666
12.838361
12.650884
12.89564
12.91685
12.695302
12.39144
12.745928
12.558944
12.924671
12.417386
12.895304
12.534159
12.224155
12.422646
12.778413
12.655942
12.942854
12.83213
12.844606
12.601208
12.31707
12.238283
12.936497
12.171517
11.942036
12.241856
12.660272
12.856164
12.40712
12.368093
11.886082
12.231686
12.373914
12.445343
12.627686
12.406189
12.493346
11.768664
12.229336
12.789616
12.258671
11.953422
12.663535
12.168825
12.249608
12.248968
12.373658
11.872204
11.947817
12.523971
12.053912
11.567907
12.143284
12.033506
12.258762
12.394907
12.577073
11.9514
12.134046
12.25595
12.428826
11.756526
12.18648
12.551748
12.433295
12.43724
12.155726
11.863268
11.529782
12.288744
12.093218
11.851935
12.8200655
12.121284
12.00808
11.74926
11.577894
11.5215225
11.80093
11.678293
12.229268
11.871702
12.06261
12.104038
11.772928
11.648836
12.07228
11.328385
12.035394
11.789258
12.035408
11.854235
11.98658
11.655958
12.1679735
11.503899
11.790698
12.50049
11.723273
11.862464
11.5112
11.482214
12.635282
11.831632
12.005532
11.62451
11.994481
11.45756
12.149868
11.993899
11.9466915
12.2110815
11.684284
11.170091
11.760726
11.572225
11.315504
11.576194
11.971096
12.242161
11.4361
12.226514
11.715327
11.744634
11.655148
11.623538
11.818189
11.733039
11.0731945
11.534425
11.378717
11.587172
11.603904
12.144874
11.5761795
11.54384
11.621508
11.520658
11.240626
11.17027
11.652054
11.393932
11.425732
11.633161
11.606344
11.74203
11.787445
11.966272
11.441722
11.950512
11.321149
11.832943
11.401708
11.225696
11.667953
12.06098
11.800931
11.291521
11.549463
11.705246
11.673844
11.807699
11.585693
11.498663
11.262869
11.591009
11.339814
11.384148
11.733588
11.814164
11.814352
11.498682
11.598692
11.067778
10.991042
11.55007
11.56889
11.558534
11.163431
11.618134
11.510712
11.664382
10.947585
11.449901
10.841387
11.27365
10.774409
11.162312
11.195933
11.136324
11.334655
11.578903
11.367713
11.374284
11.2737
11.201708
11.462789
11.724492
10.972992
11.384912
11.39435
11.085292
11.763936
11.345699
11.452142
11.409198
11.341254
11.209257
11.029584
11.509614
11.053556
11.345838
10.530324
10.970206
11.194398
11.681796
11.78742
10.733441
10.723126
11.32676
10.747826
10.992706
11.13108
11.53644
11.201002
11.038523
10.933086
10.944706
11.628293
10.598671
11.006506
10.855484
11.274041
11.435614
11.63184
10.931024
11.000594
11.379965
11.024065
11.207026
10.942362
10.997287
11.506676
10.569472
11.106732
11.134434
11.602962
11.17924
10.962437
11.164726
11.284282
10.722842
11.033922
11.198183
11.208668
10.744916
11.366209
10.287488
10.987714
10.972168
10.739042
10.922999
10.855252
10.990863
10.726114
11.063471
11.237296
10.839198
11.216933
11.338096
10.253592
11.01352
11.042798
10.892226
10.943226
10.919808
10.982559
11.290478
10.734726
10.598314
10.567304
11.01793
10.677899
10.529456
10.603108
11.05297
11.001873
11.133409
10.973386
10.996178
10.557758
10.702356
11.24969
10.4907
10.520218
10.603676
10.653728
10.57088
10.81275
10.663636
11.4942665
10.393844
10.921096
10.409623
10.472843
10.247084
11.078104
10.291318
10.668125
11.056708
10.831031
10.721019
11.061952
11.1221075
11.39765
10.926445
10.810232
11.1064415
10.538747
10.636934
10.388582
10.447904
10.371652
10.591848
10.496996
10.734518
10.456646
10.776046
10.710524
10.699606
10.865489
10.507793
10.785436
10.267839
10.597608
10.681866
11.000775
10.47362
10.355814
10.244866
10.566608
10.45802
10.677497
10.61002
10.496415
10.402629
10.373647
10.35709
10.39362
10.31882
10.706976
10.62447
9.992883
10.689438
10.225183
10.209635
10.86661
10.520519
10.394765
10.592662
10.908086
10.944426
10.43767
10.714105
10.452962
10.580116
10.026804
10.945076
10.470731
10.45386
9.961904
9.859732
10.69012
10.421411
10.634428
10.744168
10.291122
10.38864
10.15739
10.25809
10.74407
10.648368
10.127437
10.111606
10.393647
10.525415
10.165484
10.408432
10.507134
10.87229
10.241134
11.236768
10.49069
9.96892
10.578688
9.91858
9.882276
10.291902
10.41167
10.192153
9.950379
10.182326
10.153781
10.250658
10.559056
10.402561
10.04331
10.493502
10.2144575
10.230354
10.672345
9.86113
10.50304
10.06748
10.170864
9.907145
10.255646
10.04422
10.063979
10.232312
10.793287
9.636439
10.016322
10.269669
10.26476
10.570486
9.975558
10.365757
10.44821
10.552361
9.96544
10.789564
10.410416
10.208706
10.030576
10.545318
10.313688
10.238924
10.3138895
10.432264
10.637772
10.275971
10.084217
10.11406
10.390456
10.006059
9.968896
9.957339
10.305338
9.880966
9.774928
10.213168
9.932168
10.25493
10.097899
10.151491
10.10929
9.799171
10.296652
10.416202
10.481686
10.099038
9.409998
9.86542
10.298962
10.256444
10.267504
10.389062
10.150746
10.360736
10.259172
10.152906
10.21052
10.148591
10.203323
10.049439
10.252979
10.082848
10.520665
9.44627
10.65825
9.892177
10.265978
9.7263
9.976898
10.014264
9.613269
10.210277
9.553401
10.271547
10.109354
9.891992
9.475165
10.203414
10.317789
9.970442
10.256264
10.335935
9.411748
10.001164
10.015036
10.475962
10.275535
10.612486
10.469565
9.947228
9.690575
10.156846
9.891673
10.052457
9.96948
9.815633
10.318124
9.697402
9.61183
10.146356
10.56258
9.975424
10.079913
10.0597515
9.78594
9.677072
9.693788
9.898506
9.477927
10.251014
9.898385
10.043287
9.931196
9.970344
9.701774
9.910632
10.243113
9.551797
9.94629
9.91373
9.498222
10.460055
9.59507
10.160982
10.096152
9.817318
9.794902
9.640756
10.165526
10.115163
9.706884
10.087746
9.750629
9.777857
9.962946
9.88587
9.891198
10.037959
10.1385355
10.615261
9.806796
9.768118
9.613045
9.938285
9.29345
10.132779
9.59746
10.096434
9.486806
10.011356
10.309137
9.599558
9.700425
9.640866
9.492194
10.37975
9.835141
9.640467
9.651748
9.9211
9.989874
9.93905
9.784795
10.14253
10.019882
9.27139
9.608802
9.9424715
9.304761
10.04164
9.910374
9.683147
10.049122
9.8864355
10.011916
10.079982
9.659257
9.423484
9.569122
10.033865
9.462764
9.701617
9.735724
9.17154
9.596112
9.661074
9.794504
9.196756
9.691676
10.0585575
9.930824
9.801231
9.973028
9.739392
9.6190195
9.78418
9.554488
9.595353
9.758761
10.04918
9.333818
9.536267
9.758772
9.91677
9.815754
9.854551
9.633888
9.40003
9.547758
9.67001
9.724767
9.392708
9.327028
9.694217
9.256803
9.433743
9.69471
9.82069
9.933376
9.671133
9.636107
9.396018
9.603974
9.339179
9.7994375
9.851212
9.541662
9.122804
9.850491
9.115966
9.549708
9.63904
9.590104
9.469629
9.343696
9.207386
9.649305
9.551498
9.936894
9.539166
9.806878
9.861292
9.076375
9.7771635
9.486742
9.486632
9.800651
9.282666
9.22133
10.123667
9.416844
9.615867
9.203263
9.686018
9.491706
9.907944
9.901304
9.543964
9.615489
9.552983
9.501704
9.256522
10.055771
9.573227
9.92958
9.409826
9.911969
10.08552
9.274829
9.6687
9.780193
9.50279
9.831866
9.772127
9.917155
9.356386
9.507044
9.546174
9.597817
9.804083
9.550375
9.575079
9.240926
9.565662
9.430544
9.628387
9.4420595
9.66936
9.584643
9.528982
9.428157
9.513417
9.543019
9.233654
8.987381
9.297576
9.438807
9.44732
9.088191
9.863276
9.491056
9.400146
9.299556
9.398013
9.923505
9.53596
9.297596
9.486497
9.647641
9.098669
9.142472
9.880604
9.578172
9.172682
9.531539
9.191461
9.346559
9.295366
9.220219
9.48332
9.460984
9.408946
9.246026
9.0837755
9.669264
9.503223
9.384596
9.247698
9.676352
9.44253
8.947524
9.29035
9.1592655
9.073044
9.319358
9.198058
9.418042
8.633456
9.436484
9.28313
8.713151
9.270934
9.77521
9.153995
9.017583
8.735398
9.02214
8.879041
9.38182
9.475776
9.369671
9.174261
9.309938
9.267552
9.413807
9.227144
9.264144
8.773034
9.375208
8.875864
9.425081
9.374538
9.337634
9.681121
9.319746
8.743086
8.852054
9.23246
9.168816
8.87475
9.07967
9.116174
9.234448
9.219784
9.369441
8.927206
9.195961
9.312738
9.65363
9.386318
9.516302
9.0919
9.365762
9.41815
9.325438
9.076669
9.2525835
9.64388
9.591063
9.072252
9.417916
9.230268
9.453983
9.192382
8.821637
9.110968
9.322894
9.51582
9.056138
8.977166
8.993712
9.154171
9.041478
9.10893
9.062435
9.514533
9.096652
9.243947
9.162816
8.97594
9.226195
9.270774
9.404514
8.813328
9.140811
9.1764
8.759592
8.7205715
8.973486
9.187252
9.471786
9.202986
8.946726
9.732142
8.467804
9.329354
8.775858
8.98626
9.239711
8.555912
8.322872
9.173522
9.172264
8.938357
9.147504
8.826319
9.13488
9.362814
8.89309
9.366931
8.919902
8.909649
9.330902
8.95323
9.003726
8.860706
9.071184
8.879465
9.43171
9.30294
9.069657
8.742814
9.130256
9.068471
9.013678
9.039485
8.816975
8.8674345
9.344568
9.21029
9.487699
8.815617
8.983565
8.932253
9.170332
9.114812
9.268862
8.749046
8.802054
8.650241
8.780178
9.034736
9.100313
9.208373
9.0677
9.119869
9.000048
8.634134
9.020598
8.965522
8.939004
9.095972
8.994606
9.092199
9.210036
8.774902
8.978665
9.457704
8.898118
9.240703
9.02778
8.832411
9.1344795
9.051823
9.244744
9.537306
9.136414
8.733056
8.962162
9.32789
8.917148
8.651986
8.844844
8.657418
8.733266
9.032556
8.795262
8.65703
8.938834
8.62589
8.857832
8.768174
8.860591
8.796714
8.631277
9.102728
8.591656
8.807476
8.661599
9.292855
8.807542
8.35509
8.533737
9.201245
8.5545
9.181222
9.022168
9.075733
9.090005
8.978569
8.807642
8.880493
8.832011
8.849208
8.8730955
8.732551
8.826374
9.229318
8.516506
9.59996
9.093866
8.934606
8.779393
8.743393
8.921252
8.972867
8.868316
8.828774
8.94316
8.980034
9.28885
8.982602
9.061202
8.423238
8.784454
8.669516
8.764936
8.796013
8.575536
8.953736
8.952302
8.882096
8.597306
8.870338
8.874357
9.005815
8.677456
9.049933
8.910694
9.320954
8.997339
8.390726
8.439714
8.727733
8.911177
8.589724
8.711702
8.67222
8.848456
8.530435
8.731056
8.694472
8.719246
8.508659
8.609751
9.058756
8.595
9.058386
8.733508
8.60782
8.417158
8.779371
8.661368
8.652466
8.926347
8.53449
9.008093
8.68465
8.279242
9.044828
8.674441
9.046696
8.542696
8.59612
8.827016
9.031091
8.6154
9.035186
8.560414
8.345579
8.907324
9.111522
9.173375
8.696974
8.69661
8.947347
8.767346
8.896608
8.827515
8.881862
8.764434
8.63644
8.56843
8.686636
8.609213
8.874823
8.700314
8.802276
8.767046
8.469364
8.506786
8.452882
8.541822
9.100272
8.737566
8.8300495
8.67242
8.907062
8.547778
8.838824
8.31582
8.463318
8.515034
8.766196
8.69019
8.936847
8.494279
8.837693
9.070467
8.544527
8.55186
8.44559
8.752363
8.440256
8.421055
8.767419
8.431429
8.354933
8.83245
8.249997
8.770768
8.969562
8.446118
8.461353
8.723794
9.004346
8.235776
8.559865
8.430289
8.87244
8.504356
8.410866
8.666102
8.874532
8.5581045
8.042921
8.567999
8.787716
8.36828
8.711805
8.643868
8.6684675
9.022756
8.576042
8.856935
8.34932
8.208757
8.407412
8.122218
8.962215
8.739689
8.556131
8.316052
8.139971
7.944856
8.209993
8.535986
8.56108
8.55245
8.453171
8.045355
8.363246
8.6213455
8.549499
8.377632
8.171015
8.052761
8.508118
8.583094
8.229275
8.686243
8.223672
8.64158
8.082309
8.558114
8.60232
8.266076
8.04786
8.357338
8.697228
8.304596
7.9787054
7.949168
8.302576
8.046108
8.288442
8.047131
8.655417
8.472975
8.186586
8.010465
7.93128
8.4261875
8.868454
8.496598
8.47318
8.460554
8.325005
8.786298
8.348347
8.665206
7.892517
8.639718
8.435528
8.465044
8.802692
8.319236
8.458524
8.2101965
8.801651
8.165595
8.384027
8.632472
8.256865
8.38705
8.370653
8.241655
8.120993
8.473301
8.633759
8.279896
8.6586275
8.493884
8.4433
8.102034
8.582516
8.266272
8.114366
8.313359
8.471525
7.9839168
8.221307
8.658054
8.406319
8.186223
8.531249
8.44642
8.602885
8.659631
8.562712
8.334063
8.118082
8.371827
8.227164
8.445978
8.516146
8.301035
8.645091
8.40899
8.202908
8.260339
8.330473
8.166934
8.519674
8.477038
8.48806
8.451669
8.221747
8.128955
8.8601465
8.075946
8.462166
8.096599
7.990774
8.269006
8.399041
8.325229
8.353175
8.271874
8.191638
8.122314
8.32742
8.073074
8.61624
8.047591
8.162356
8.568256
8.298043
8.385612
8.233158
8.44065
8.6478815
8.266404
8.484968
7.975517
8.10837
8.100292
8.187898
8.058523
8.379133
7.9540086
8.546176
8.4043045
8.381917
8.14169
8.429039
8.431068
7.994732
8.350141
8.284097
8.523045
8.407984
8.273424
8.254027
8.164012
8.298799
8.085201
8.072829
8.383213
8.196443
8.248158
8.1964
8.170426
8.489379
7.672273
8.0190935
8.326572
8.364146
8.078325
8.5598955
8.344699
8.107278
7.753466
8.33073
8.118866
8.306774
8.630052
8.331366
8.532543
7.846838
8.133492
8.070635
8.284344
7.930221
8.200758
8.265423
8.002909
8.262643
8.131714
8.19491
8.3492985
8.142583
8.238854
7.991311
7.75938
8.045246
7.855039
8.69792
8.56005
8.280807
8.001466
8.287363
8.398971
7.753791
8.517102
8.152038
8.104583
8.277582
8.3521385
8.066272
8.517296
8.164894
8.452958
8.129844
8.490952
8.222745
8.278677
8.322397
7.8384457
8.244598
8.654194
8.2997675
8.494015
8.083416
8.156857
7.854816
8.008643
8.447782
8.074608
8.430672
7.618658
8.002284
8.306484
7.699586
8.286474
7.957914
8.142913
7.751781
7.8330207
7.980071
8.114773
8.316886
7.850952
8.118583
7.86213
8.198082
8.004915
8.339273
8.135154
8.208759
7.949639
7.784836
8.29795
8.102893
7.984256
8.076906
7.812966
8.249693
8.1559925
8.076913
7.9322248
7.660438
7.828285
7.9386063
8.27475
8.263964
8.153966
8.491438
7.819282
8.026235
7.945288
8.114768
8.2242155
8.211815
7.971975
7.896917
8.058418
8.305794
8.133221
8.297116
7.415706
8.076017
7.908876
8.036961
8.460738
8.1418915
8.295461
7.88855
8.094954
8.121356
7.756503
8.145071
8.270981
8.047559
8.151836
7.85508
8.180806
7.851817
8.253656
7.8141026
8.266637
7.948215
8.123817
8.022744
8.197246
7.980409
7.7131095
7.885161
8.164337
8.19749
8.091378
8.075895
7.986856
7.709771
7.627583
8.084555
7.936348
8.150567
7.846588
8.020991
7.939685
8.123459
7.943004
8.188996
7.7775726
7.73473
8.047921
7.598964
8.176089
8.151378
7.994132
8.034918
7.650405
8.091514
7.819845
7.7560077
8.224068
8.026475
8.222123
7.875381
7.538657
8.055305
7.816225
8.091238
7.891169
7.8899345
7.88624
8.243765
8.15272
8.453469
8.002958
7.91806
8.196933
7.8277802
7.690821
7.6714125
7.834294
7.9224634
8.185938
8.026615
8.083234
7.636667
8.203027
7.653074
8.070761
7.6474934
8.041866
7.780067
7.837201
7.8398037
7.768266
7.560222
7.769102
7.9577475
8.081033
7.5716333
8.082637
7.773949
7.6467714
7.853574
8.043011
7.721827
7.80051
7.513239
7.7749214
7.617352
7.9268785
7.997243
8.042301
7.8047414
7.889641
7.511365
7.8813887
7.5083923
7.7234426
7.6792336
8.126543
8.143956
8.371965
7.9583273
7.680563
7.538298
7.956955
7.7217903
7.8334293
7.3222513
7.861273
7.730554
8.29016
7.8334546
7.4618936
7.3370314
7.5490866
7.398809
7.7235603
7.312357
7.6443353
7.567607
7.673736
7.617587
8.290449
7.508428
7.920296
7.851952
7.7141767
7.948152
7.8715954
7.650403
7.930562
7.5896053
7.473912
7.7981625
7.819313
8.361621
8.024966
8.122147
7.5401516
7.864914
8.058267
7.6780076
8.044883
7.735475
7.8722453
8.007055
7.877378
7.538482
8.312865
7.791498
7.5623903
7.962961
7.406224
7.608126
7.552273
7.393267
7.594695
7.861478
7.817466
7.344131
7.8171606
7.670599
7.7801695
7.773243
7.436243
7.985209
7.467601
7.5066013
7.5953264
7.54038
7.62779
7.8372273
7.407742
7.7165165
7.488135
7.686442
7.7828417
7.3990483
7.7574334
7.889294
7.7663054
7.634315
8.078607
7.632037
7.665717
7.769748
7.536208
7.428136
8.097039
7.621942
7.383988
7.4269695
7.7392306
7.4878025
7.915772
7.6082425
7.535585
7.319175
7.915064
7.473182
8.005561
7.57203
7.420088
7.5978966
7.9250917
7.655914
7.5373626
7.346553
7.730431
7.743013
7.4732323
7.898606
7.8343663
7.4582767
7.4908566
7.869262
7.3648562
7.601401
7.24375
7.5648813
7.6961985
7.395877
7.326912
7.612864
7.7125196
7.673406
7.528684
7.266572
7.766437
7.653757
7.762195
7.3214717
7.263992
7.548634
7.2862797
7.748853
7.492499
7.314649
7.25383
7.380495
7.545557
7.578454
7.37122
7.326253
7.2780023
7.622178
7.6057296
7.560581
7.4985085
7.657249
7.296961
7.556666
7.323189
