26.809889
26.7432
26.805166
26.612192
26.179956
26.31944
26.620491
26.044088
25.526936
25.702429
26.406631
25.60562
25.500692
25.916721
25.82782
25.127106
26.112621
25.579395
25.936382
24.9621
25.394596
25.092096
25.632204
25.029734
24.663576
25.351498
24.732504
24.892456
24.935228
24.2218
25.039051
24.268251
23.762379
24.560335
24.579994
23.946606
23.879051
23.87696
23.63428
23.39708
23.626535
22.857191
22.373348
23.541891
22.242706
22.50932
21.542927
21.766207
22.092419
21.406324
21.133156
20.938908
20.340311
20.665327
20.211569
19.886324
20.023384
19.500938
20.066393
19.220013
18.521534
18.9345
18.477602
18.445631
17.36914
17.181696
17.371008
16.867552
16.132372
15.82276
14.921915
14.921193
13.958058
14.27153
14.211816
13.513426
12.4844675
12.157137
11.616864
11.29338
11.213105
10.678933
10.258844
9.870568
9.651519
8.589031
8.320493
8.236953
7.922019
7.287022
7.266118
7.4724116
7.499643
7.0873137
6.53882
6.686854
6.398088
6.2451468
6.534533
6.295425
6.304421
6.448561
6.5262265
6.0995755
5.7827916
5.374625
5.627122
5.605398
5.382625
5.696045
5.773665
5.9671135
5.8876476
5.390264
5.6007047
5.5136614
5.283872
5.475374
5.708532
5.925488
5.998687
5.8164535
6.155984
5.120489
5.296932
5.333268
5.227991
5.3820558
5.398185
5.142276
5.044837
5.772164
5.71848
5.285598
5.552052
5.129841
5.361115
5.250926
4.9323463
4.722195
4.712485
5.094754
4.8105516
5.0528455
5.129366
5.1921153
5.572814
5.002946
4.873692
4.725094
4.412389
4.833531
4.748328
4.880541
4.567256
4.595643
4.9634604
5.155181
4.92303
4.689964
4.684239
4.73009
4.60836
4.987256
4.658631
4.5851884
4.555786
4.910461
4.593493
4.696121
4.5335274
4.464073
4.461411
4.563802
4.3908167
4.1575017
4.4592323
4.4961514
4.437002
4.349885
4.528766
4.766262
4.3905506
4.2384133
4.431204
4.178416
4.246701
4.3460217
4.2013545
4.477113
4.3663235
4.6171794
4.277225
4.5064526
4.258404
4.19936
4.111433
4.1681643
4.2899933
4.036886
4.1016083
4.1282916
4.2864614
4.1221347
4.289657
4.200628
4.0741596
4.0224314
4.175876
3.9541695
3.7240195
4.0309644
3.9027724
3.9090343
3.9039192
3.821356
3.7408826
4.046968
4.066103
3.8740997
3.9517505
3.8576314
3.9077075
4.082657
4.1612644
3.9162617
3.9673672
4.1044393
4.076949
4.187385
3.8864114
3.837549
3.9152598
3.6327064
3.873636
3.7743595
3.786929
3.7590737
3.8587317
4.0150814
3.9677124
4.172144
4.0492954
3.963171
3.7944136
3.756773
3.828218
3.7421129
3.67344
3.5797315
3.843469
3.5740247
3.832323
3.869219
3.7694852
3.9339778
4.017953
3.647201
3.6067045
3.626571
3.7046514
3.649394
3.7410038
3.7732468
3.7928205
3.7451952
3.9663582
3.7502375
3.7496564
3.6976411
3.782091
3.7539446
3.6433375
3.57409
4.037957
3.7661347
3.6890135
3.8381698
3.9100018
4.0453095
3.8871405
3.8917475
3.791577
3.6146214
3.8713474
3.549965
3.752311
3.9226925
3.5121617
3.7191663
3.5319695
3.693571
3.6745765
3.6043417
3.461385
3.7088876
3.5003486
3.5477555
3.6791525
3.4834554
3.727057
3.5103574
3.635399
3.6536765
3.507472
3.4924726
3.5475872
3.5235655
3.423489
3.4102187
3.5239604
3.5384622
3.701336
3.6779218
3.7111893
3.5787675
3.6712937
3.5344841
3.4432266
3.5244017
3.4793603
3.5384204
3.6843965
3.5503266
3.8668962
3.6948552
3.550805
3.6607025
3.4932055
3.5529387
3.7656143
3.728644
3.734617
3.6714091
3.5426965
3.512423
3.3462017
3.318864
3.4222178
3.372695
3.390919
3.341495
3.5093603
6.4688168
10.476176
13.483984
13.990558
15.311765
16.362057
16.065676
15.978787
17.088564
17.846035
17.238644
17.29396
17.124374
17.032686
16.719702
16.792023
15.391438
16.016882
15.806645
15.780416
14.897421
14.94199
13.997423
13.775808
13.561429
12.699498
12.859968
12.078513
11.466906
11.145298
10.649579
10.847112
10.22718
10.60366
10.08312
10.0416
10.246382
9.464352
9.155146
9.30698
8.399251
8.952316
8.362114
8.520234
8.242632
8.223408
7.4500976
7.643913
7.422987
6.9307933
7.051392
6.5161614
6.5210695
6.019794
6.51064
5.965078
5.919952
5.728628
5.623966
5.3465433
5.261929
5.390909
5.17524
5.205969
4.939619
4.8986278
4.869741
4.890317
4.460194
4.548849
4.512031
4.4031434
4.273061
4.51984
4.230092
4.467869
4.221108
3.955185
3.900929
4.1524477
4.0142727
3.9241946
3.8138664
4.086213
3.7888522
3.4756975
3.7146308
3.795268
3.688008
3.517485
3.678025
3.7217927
3.720282
3.589698
3.5352848
3.685792
3.4289155
3.7350004
3.538982
3.6680257
3.6397865
3.4993415
3.5806384
3.6107438
3.491191
3.341514
3.5184705
3.3576353
3.2707818
3.2952886
3.2662294
3.2175562
3.458913
3.1598728
3.3394635
3.3024285
3.186692
3.5659194
3.3334744
3.3750155
3.2369552
3.2773254
3.306026
3.3589725
3.6542208
3.4499865
3.1920135
3.295516
3.328342
3.2035315
3.1800516
3.2536535
3.0460024
3.3195174
3.4175425
3.276991
3.126267
3.0686214
3.343368
3.2983036
3.2384493
3.1209445
3.1193957
3.0921066
3.0113335
3.1328225
3.1275744
3.201269
2.9684768
3.206109
3.414694
3.079298
3.4049556
3.2083368
3.2816167
3.1684177
3.2120485
3.2185144
3.5414264
3.0305622
3.1929975
3.165373
3.0542426
3.144308
3.0698664
3.0105956
3.081388
3.1014395
3.1245399
3.0269344
3.0738919
3.0345905
3.1837256
2.952004
3.171709
3.2592504
3.0388157
3.20341
3.0274453
3.058738
3.2052991
3.065909
3.1498384
2.9744074
2.9797
3.0806375
2.991879
2.9868274
3.291053
3.1448457
3.036743
3.077714
2.9839303
3.006138
3.0765636
3.0247657
3.128821
2.880305
2.920558
3.1760116
3.0622897
3.1793802
3.0381305
3.1149554
3.2212293
3.1040733
3.07863
2.9653156
2.8608425
2.9141746
3.1189456
2.9630113
3.1728811
3.149712
2.8888266
3.1044796
2.9994376
2.9991415
3.2751272
2.8883967
3.0774567
3.104304
2.9880476
2.967806
3.0783763
2.8993902
3.05341
2.933475
2.9782286
2.950833
3.1629894
3.046419
2.7947607
2.9101655
3.0368786
2.917856
2.8750324
2.988689
2.9796135
3.127394
3.065638
2.8529568
3.0219042
2.9016356
3.0743275
3.0792272
3.0083473
3.0260165
2.8700695
2.7725341
3.0316732
2.9250975
2.8534381
2.8969655
2.8859837
3.0229213
2.777577
2.7515094
2.9790645
2.603581
2.843312
2.8371384
3.084921
3.0256855
2.907512
2.6554534
2.844371
2.7593405
2.7770875
2.7492552
2.8530285
2.802573
2.8616014
3.0710936
2.7613344
3.133291
3.0325954
2.9327726
2.8144825
2.7956388
2.85953
2.8209112
2.704255
2.9653814
2.8349614
2.801188
2.940393
2.951635
3.221025
2.753212
2.8767645
2.80692
2.9715958
2.919832
2.954604
2.7678483
2.7733786
2.8377619
2.868346
2.774493
2.841513
2.7592678
2.8983684
2.8547015
2.939569
3.0016465
2.9477527
2.9002528
2.7568092
2.9442449
2.758234
2.7425137
2.9322457
2.7270575
2.9623728
2.717417
2.727852
2.8080235
2.8874302
2.8087234
2.8538895
2.6985133
2.8047092
2.9748595
2.6807854
2.8644018
2.928991
2.9412322
2.795972
3.0290046
2.6717575
2.7696846
2.8959224
2.70522
2.662928
2.7996
2.9272776
2.7112277
2.635685
2.826207
2.6087832
2.9711516
2.862258
2.5216682
2.651213
2.7636275
2.6789556
2.6209302
2.8402557
2.900059
2.6986706
2.8631122
2.710114
2.816022
2.6847534
2.803995
2.8260674
2.8558278
2.9137383
2.563889
2.6043184
2.7351165
2.8143492
2.6182694
2.8774965
2.9706564
2.7292488
2.758846
2.9208374
2.6795232
2.7581465
2.6459835
2.6096075
2.6944952
2.600615
2.574236
2.884604
2.706251
2.685929
2.6811662
2.6562076
2.846714
2.6458006
2.760136
2.708164
2.7479186
2.627251
2.6642487
2.7382755
2.8273306
2.7001345
2.6407626
2.7453837
2.5611563
2.847508
2.712428
2.8698218
2.6895523
2.5802395
2.7016022
2.759907
2.5642078
2.6722994
2.5468998
2.579319
2.7572207
2.8840063
2.6662624
2.566468
2.7241125
2.6484244
2.7037694
2.713483
2.6201885
2.756578
2.7330816
2.7862296
2.57616
2.7153
2.606355
2.7357025
2.604862
2.5679963
2.745421
2.72121
2.6261356
2.7310717
2.7750313
2.532583
2.665828
2.630747
2.6127806
2.6418314
2.7938614
2.6509986
2.50358
2.5070286
2.6453624
2.8651304
2.671895
2.747379
2.7581
2.5042443
2.6523452
2.721785
2.6810465
2.6742885
2.585053
2.7170403
2.500833
2.5536072
2.5826826
2.7738018
2.4676702
2.6863637
2.784573
2.4768956
2.6040998
2.53346
2.6428862
2.5018313
2.6269946
2.6107955
2.5283215
2.6542113
2.531275
2.5094926
2.471408
2.5282583
2.4397972
2.4621706
2.5928261
2.4835868
2.6317055
2.6704814
2.4902983
2.54809
2.553012
2.3895664
2.5966396
2.6527154
2.5867755
2.690247
2.6614587
2.6209037
2.4842455
2.6412106
2.6742291
2.6754537
2.6528955
2.4545946
2.6576245
2.5440278
2.664257
2.4719765
2.8471966
2.4634135
2.566648
2.525708
2.7573454
2.5451925
2.5128994
2.655204
2.517505
2.5022314
2.7051563
2.4867005
2.5995464
2.647787
2.4411898
2.4899132
2.642649
2.454322
2.5884721
2.6742458
2.4791656
2.436354
2.5357654
2.6053827
2.5659914
2.5846224
2.6054657
2.65023
2.7176387
2.6735861
2.607839
2.5848835
2.3334017
2.6445544
2.5525005
2.6174989
2.6227136
2.5780542
2.4560156
2.668559
2.599137
2.330843
2.4301023
2.6347985
2.557749
2.641732
2.5666366
2.426776
2.4810972
2.5664754
2.4316483
2.6411507
2.6298656
2.2732654
2.497682
2.652183
2.4544148
2.459671
2.4235365
2.5502357
2.504814
2.5034099
2.5316482
2.573748
2.6363318
2.38732
2.3697457
2.5017934
2.5363996
2.5598044
2.5868905
2.509345
2.358808
2.639007
2.6533113
2.5840275
2.5530205
2.321524
2.5459266
2.4061155
2.4320836
2.54954
2.603917
2.5429273
2.5800135
2.4440455
2.4880555
2.280413
2.4831274
2.4226665
2.6242175
2.795165
2.5446377
2.6202652
2.5908196
2.4688463
2.616312
2.596802
2.500461
2.534631
2.5128288
2.4318807
2.491518
2.5000358
2.478923
2.5098255
2.630647
2.474294
2.4622
2.535539
2.7955742
2.4397185
2.5625024
2.614804
2.4410424
2.45899
2.512426
2.499279
2.4009144
2.357408
2.4793851
2.7253034
2.4219005
2.463055
2.41291
2.4715362
2.4442031
2.3028052
2.6596086
2.390106
2.4708025
2.347369
2.4728305
2.4630244
2.5554297
2.6075983
2.4400702
2.4981556
2.393289
2.4410791
2.5001433
2.3108625
2.5140007
2.3373234
2.3510263
2.4563105
2.2726161
2.413944
2.5858722
2.5074522
2.428835
2.464156
2.445306
2.369475
2.3675015
2.4803655
2.4098325
2.3383882
2.448169
2.3320484
2.5431232
2.3678796
2.3051014
2.3548055
2.4576495
2.355864
2.3349695
2.5117326
2.4420526
2.3809536
2.376025
2.3332407
2.4905412
2.582919
2.623438
2.285309
2.2905698
2.4295387
2.2467794
2.3751297
2.476139
2.4301238
2.4536595
2.4998987
2.4669762
2.3200026
2.379725
2.3774905
2.276622
2.3451426
2.4454844
2.3902118
2.389334
2.391797
2.3460884
2.4145734
2.523937
2.521578
2.387623
2.3799636
2.29296
2.351427
2.5007086
2.3363497
2.4535334
2.4446962
2.4052274
2.5151992
2.407615
2.4466128
2.4590302
2.511662
2.418696
2.3268988
2.3743935
2.346584
2.3818538
2.3528044
2.4752145
2.3279529
2.3311093
2.225216
2.465858
2.4268537
2.4989245
2.3920748
2.1984172
2.3270385
2.2349374
2.4584105
2.4892166
2.2840476
2.4322984
2.3671029
2.4032364
2.308331
2.2616963
2.387943
2.500932
2.4257078
2.390928
2.251934
2.4322364
2.2660973
2.4383302
2.2172031
2.3260436
2.350753
2.3104296
2.319671
2.4233081
2.333755
2.3615696
2.418612
2.4840379
2.3095436
2.3132782
2.3442347
2.2563055
2.2517104
2.27388
2.3461645
2.398157
2.4827986
2.3128054
2.368679
2.2993805
2.3825607
2.3169746
2.27648
2.3808708
2.287224
2.3527424
2.339873
2.4377732
2.1717212
2.308755
2.3727324
2.293987
2.3529415
2.2000115
2.2397928
2.2303874
2.3715334
2.1448984
2.261644
2.1204715
2.3448417
2.244477
2.3569336
2.2731254
2.3137195
2.5055454
2.230351
2.3315125
2.4602206
2.2458916
2.3277013
2.402464
2.279125
2.3757255
2.2046945
2.4300869
2.3660452
2.485116
2.168462
2.4141676
2.331096
2.3034155
2.329847
2.315117
2.2353456
2.378184
2.4617674
2.347146
2.3164983
2.296875
2.265376
2.1952538
2.2703178
2.1871898
2.204974
2.4672723
2.5190117
2.231396
2.343761
2.2557757
2.1882024
2.1193895
2.3140557
2.2663324
2.3226485
2.4315364
2.3164208
2.2745476
2.2026286
2.272288
2.241883
2.203362
2.2601035
2.2561853
2.5384316
2.3197095
2.2738626
2.3234835
2.262422
2.1740408
2.162569
2.1618447
2.1403308
2.3318956
2.3135605
2.140044
2.2696662
2.3095515
2.2592132
2.1519947
2.2535884
2.2822711
2.2676601
2.1067765
2.178264
2.1533206
2.311916
2.1170216
2.1636636
2.260518
2.155944
2.3033845
2.158939
2.304958
2.1694548
2.109567
2.2293358
2.3351676
2.0870256
2.321206
2.2198706
2.287392
2.4127789
2.3152647
2.2776175
2.3357239
2.304239
2.2134285
2.2239776
2.261542
2.1786811
2.368486
2.4606767
2.277429
2.2337694
2.204518
2.454121
2.32136
2.2873614
2.2143939
2.1727116
2.6103039
2.4273925
2.1689048
2.1629608
2.1694503
2.2644506
2.253307
2.3921041
2.2559855
2.104788
2.3863614
2.2308564
2.1692116
2.3226986
2.2776995
2.2274964
2.2714574
2.2639794
2.3311758
2.2370763
2.191479
2.3015363
2.1292021
2.1100433
2.3630574
2.1537077
2.2278965
2.1914113
2.3282282
2.3687954
2.2769976
2.257947
2.285072
2.310707
2.212421
2.298822
2.3367245
2.1842127
2.2905738
2.1713495
2.23148
2.236584
2.202433
2.1715822
2.2543535
2.1789906
2.2237334
2.2468128
2.1001146
2.3197064
2.217358
2.0331593
2.2951496
2.080982
2.080892
2.1939826
2.1674883
2.1853008
2.281945
2.1806936
2.1460955
2.3888373
2.2152462
2.2181616
2.1627295
2.0959814
2.1413865
2.158394
2.191767
2.1356587
2.2112286
2.1548772
2.2021604
2.2570972
2.1423824
2.257069
2.1188328
2.1564763
2.1250823
2.2710586
2.1482077
2.278467
2.1891346
2.1702166
2.2781808
2.306394
2.3837786
2.0992737
2.117258
2.1937265
2.1853998
2.3540645
2.1440425
2.1747766
2.1505485
2.148836
2.35124
2.2329254
2.0531826
2.2501385
2.1124945
2.1765099
2.1135945
2.2674656
2.21508
2.068036
2.2633348
2.42518
2.1893582
2.3180497
2.2869196
2.1508448
2.1972854
2.1568456
2.297098
2.2526994
2.314421
2.1264846
2.1577432
2.212221
2.2704487
2.17594
2.1423457
2.2052984
2.3078744
2.192355
2.3886964
2.130026
2.279665
2.1014266
2.2867975
2.1881626
2.2094102
2.1630833
2.1425798
2.0912948
2.199814
2.0850327
2.066599
2.1618893
2.1976244
2.1874235
2.0591412
2.1034932
2.1470096
2.1223693
2.0068407
2.1321843
2.1626818
2.2806075
1.9923363
2.0970163
2.270271
2.1810973
2.157278
1.9949827
2.1703296
2.1252477
2.1240826
2.1000311
2.1292956
2.1046216
2.1075795
2.2873423
2.1487136
2.2362013
2.2718866
2.0460598
2.3096385
2.0479715
2.0789506
2.2541769
2.033678
2.134276
2.231502
2.2951853
2.0318277
1.9459622
2.348461
2.2249591
2.0887063
2.2904644
2.2519703
2.2434938
2.3599534
2.05497
2.2115278
2.186144
2.0753238
2.2699895
2.1444638
2.281414
2.1724384
2.1635785
2.2557604
2.1947734
2.423337
2.1381764
2.1763194
2.1154034
1.99162
2.131294
2.106849
2.033967
2.245124
2.0298815
2.140916
2.0603728
2.260562
2.0532515
2.082424
2.1052969
1.967114
2.234742
2.0175724
2.1400254
2.1594331
2.1029613
2.0993226
2.0363338
2.0601997
2.221757
2.2638555
2.146111
2.2105093
2.2144473
2.1126785
2.0730402
1.9797446
2.0407836
2.000156
2.124034
2.0964775
2.1240785
2.0057702
2.04518
2.13398
1.975002
2.170606
2.0405898
2.2088945
2.0467565
2.1309466
2.0782936
2.0671802
2.231401
2.0545132
2.111628
2.0595202
2.0601082
2.089119
1.9901975
2.023099
2.037416
2.037736
2.0956957
2.2190616
2.1515832
2.1697912
2.1930158
2.1033847
2.164793
2.1698494
2.0106344
2.089924
2.2026892
2.1756408
2.1251326
2.0965889
2.14035
2.0508306
2.144475
2.0884275
2.2259305
2.1147075
2.046368
2.247005
1.9815935
2.2265105
2.219087
2.1834488
2.165566
2.1846745
2.0782504
2.1123486
2.1189044
2.0673618
2.1099994
2.2752001
2.197895
2.1520095
2.2109551
2.113201
2.0748124
2.0416617
1.9904528
2.188674
2.2688107
2.1500144
2.0391197
1.987128
2.17294
2.0892346
2.127586
1.9641645
2.1316085
2.0809603
2.0865717
2.1411998
2.195028
2.0410848
2.136118
2.1159334
2.110209
2.189188
2.0099893
2.12023
2.2047305
2.0546637
2.1383784
2.1364546
2.0132947
2.1379964
2.0269988
2.2051647
2.2003834
2.2628505
2.0783114
2.1129355
2.167843
2.179865
2.0110643
2.1119802
2.167528
2.0567315
2.0483565
1.9959375
2.1377072
2.0537722
2.1281254
2.1123025
2.1262271
2.072714
2.0457752
2.134371
2.0094533
2.0240643
2.0158315
2.0944924
2.029426
2.2014894
2.2637856
2.0024686
2.071768
2.0131478
2.0598872
2.0545602
1.965178
2.1258023
2.1303864
2.138679
2.0306304
2.172214
1.987864
2.278729
2.026799
2.0649855
1.9910444
2.111934
2.090829
2.0655205
1.9990369
2.0100837
2.1308854
1.9520969
1.9517417
2.1564355
2.0319376
1.9954284
2.103707
2.031075
1.9988914
2.1790147
2.0881338
2.0346386
2.167984
2.0654263
1.935311
2.053822
2.1075466
1.9826074
2.0120094
1.9308305
2.0560749
2.108995
1.999391
2.0058787
2.0380156
2.0145733
2.0494547
2.1830733
2.0650392
1.9802958
2.0943742
1.9475977
2.0055964
1.9865264
1.8491359
2.0305107
1.9340421
2.1902075
1.9279715
2.0546038
2.0207748
2.049689
2.0998852
2.079437
1.9465282
2.113265
2.095519
1.9990637
2.0953217
2.06716
2.00078
2.0231228
2.0610783
1.9098828
2.0937722
1.9750483
1.9627374
2.1310718
2.0766685
2.0501463
2.0972242
1.8674362
2.099371
2.0311363
1.9553297
2.0146866
2.068002
2.0278728
2.1309695
2.0995033
2.0687113
2.0505996
2.105545
2.0420513
2.0100803
2.0276587
2.0838914
1.9318888
1.9784986
2.108826
2.1245573
1.9309926
2.131927
1.9404548
2.0985684
1.9464766
2.03726
2.0439465
2.0440683
1.9682776
2.0015259
2.1746025
2.0170758
2.121977
2.1167946
2.004324
2.108272
2.0623732
2.018814
2.009321
2.031484
1.9505053
2.021401
2.056437
2.103166
2.0859249
1.9227254
2.140895
2.1564605
2.1007094
2.1136975
2.0621204
2.1250145
2.1048183
2.0475912
2.0207384
2.1785312
2.1367543
1.8261714
2.0408318
2.0635858
1.9987522
2.1028204
2.088175
2.0042608
1.8976272
1.8955047
1.9388028
1.9897053
1.7917815
2.0587466
2.008861
2.0075328
2.0170796
2.0153065
2.051344
2.099257
2.1176097
2.007492
1.913786
1.8654974
2.0725627
1.9549572
2.0637295
1.9913667
1.9768621
2.026581
1.9851593
2.0994334
1.9531375
1.975369
2.000499
1.9936719
1.9605702
1.9578652
2.2233894
2.023313
1.9800185
1.9624227
2.0813904
1.9460784
1.931242
1.9560026
2.0105965
1.9729174
1.9231001
1.8844067
1.9342475
1.9489533
1.9110761
2.125478
1.9723762
2.0153458
1.9630371
2.12854
1.9993608
1.9325455
2.0779548
2.0484915
2.0481925
1.9903358
1.9445635
1.8704604
1.9730014
1.9331647
1.9822721
2.0625901
1.9489945
1.995186
1.9860556
1.9596205
2.026404
2.0501146
2.0342772
2.0516782
1.9595523
2.036872
1.9568917
2.0667953
1.9680732
1.882173
1.9579297
2.0429018
1.9218643
1.9886667
2.0331242
1.9701682
2.0158062
2.20255
1.9330618
2.0643532
2.0392408
1.9705824
1.8546695
1.8085474
1.979672
1.9241706
1.9098377
1.9872118
1.9793365
1.9110096
1.9733714
1.9015797
1.9585992
2.05106
1.8987594
2.078715
1.9129289
1.889442
1.9567077
1.9009705
2.0249286
1.9583285
2.061561
2.0323513
1.8588519
2.0501637
1.9734114
1.9153132
1.8870245
2.0073245
2.1077526
1.9919428
1.998107
2.0168824
1.87202
1.9804935
1.9387827
2.07319
2.0301042
1.9240711
1.924869
1.9402207
2.0239515
2.1516438
1.880619
2.0972095
1.9588665
1.9240292
2.0188227
1.8291782
1.8565651
2.047444
1.9147317
1.9040889
1.8572516
2.015176
1.9330674
1.9312662
1.8817338
1.7825135
1.86938
2.0079777
1.979962
1.8373885
1.9058895
1.9145833
1.8239068
2.103967
1.9304527
1.9634438
1.9169188
1.8838044
1.931009
1.9633206
1.9777614
1.9136618
1.8493975
1.9331472
1.93949
2.0066712
1.9622124
1.8737451
1.985455
1.8683202
1.8436493
1.9162787
1.927819
1.8531363
1.9326171
1.9596534
1.9486158
1.8386258
2.0236351
1.8327407
1.9007484
2.0262547
1.9478275
1.968859
1.9077024
1.9359481
1.9834058
1.9450325
1.8692396
1.9800864
1.9205519
1.8700383
1.8812475
1.8528228
1.9997336
1.8548455
1.9256065
1.8626307
1.7847602
1.8217827
1.8170611
1.9602045
1.8720131
1.8114072
1.8560998
1.8698415
1.852408
1.878973
1.9305515
1.8880215
1.9279606
1.905087
1.9386288
1.8455493
1.850865
1.9779668
1.9842981
1.8284385
1.8582354
1.9480437
1.9470665
1.8503339
1.7843473
1.9397496
1.8002044
1.9031668
1.9378722
1.8957473
1.7992338
1.876633
2.0108416
1.9029022
1.9566894
1.9570982
1.8828796
1.940116
1.9687783
1.8716024
1.934256
1.9341481
1.8473297
1.8681695
1.9204566
1.8633771
1.8140765
1.8550678
1.842614
1.9932795
1.883508
1.9383898
1.9992373
1.8769554
1.8962847
1.9082706
1.8147889
1.8091943
2.0353758
1.9440843
1.8741558
1.9541041
1.8408635
1.7962817
1.8379605
1.8909678
1.8117735
1.8718958
1.9310745
1.8386707
1.8800066
1.8360816
1.8724372
1.9681321
1.8577672
1.8380175
1.8660523
1.8309529
1.8313572
1.8506815
1.8560348
1.858536
1.9563315
1.9649876
1.7582062
1.8641757
1.9088327
1.8962922
1.8627509
1.9182827
1.8190292
1.8115948
1.8233832
1.8228406
1.8808316
1.8664312
1.8746209
1.8248429
1.791242
1.921826
1.9915217
1.8721809
1.9463091
1.865816
1.9688935
1.8483179
1.9383788
1.8415021
1.8449031
1.9564044
1.8725737
1.939209
1.881205
1.9792086
2.0323718
1.8799317
1.9087267
2.1097176
1.8785772
2.0038044
2.018975
1.9843535
1.9123201
1.8467817
1.957909
1.9609051
1.9373099
1.8895267
1.8314565
2.0954561
1.8534607
1.9918218
1.8733684
1.905278
1.8812459
1.8677273
2.0442507
1.8906628
1.8560659
1.846584
2.0073225
1.9912113
1.9658678
2.0139785
1.8781322
1.9455575
1.973499
1.9578488
1.8998816
1.9541047
1.8123364
1.8570782
1.800221
1.9214697
1.8858929
1.7484921
1.8328894
1.8679159
1.8112018
1.7873998
1.8749107
1.9923689
1.8712902
1.8804443
2.094193
1.935963
1.7938404
1.8181014
2.0607123
1.837965
2.0282738
1.9901329
1.9964808
2.0463855
2.0723968
1.9818608
1.788851
1.985696
1.9866214
1.9360344
1.906756
1.975132
1.8807182
1.777371
1.9359179
1.8940794
1.8317425
1.8333267
1.7511445
1.8286008
1.7958782
1.8928938
1.9181061
1.8574917
1.8985134
1.8289567
1.9720908
1.917001
1.9470961
1.979895
1.7684002
1.9263587
1.8636495
1.8650078
1.8844078
1.7832135
1.8741
1.8567042
1.865674
1.729565
1.8222134
1.8455014
1.8449738
1.779473
1.8644582
1.9724767
1.9774288
1.9367255
1.7271107
1.8909937
1.8309298
1.7820691
1.7720225
1.838844
1.8417872
1.7694145
1.9046476
1.8822585
1.8050985
1.9271212
1.8989547
1.7966305
1.8200833
1.8045824
1.8125098
1.7568947
1.8667457
1.93456
1.8339132
1.7224302
1.852483
1.7877514
1.8154075
1.904919
1.9077319
1.763181
1.8317902
1.8680513
1.8565003
1.728685
1.8060641
1.8024695
1.82304
1.7862175
1.760703
1.8297668
1.8682725
1.8472005
1.9729306
1.8058157
1.8886434
1.9809389
1.8727777
1.846815
2.0577025
1.7845956
1.8367355
1.8302078
1.861583
1.8065017
1.8186822
1.7415395
1.7792414
1.9067843
1.791285
1.800007
1.7852328
1.8314404
1.9508765
1.9379973
1.9344838
1.7913327
1.8307223
1.9483879
1.963119
1.7585605
1.8445506
1.7073324
1.6973189
1.9097438
1.7486502
1.8331531
1.7871252
1.8393947
1.765758
1.9058071
1.796103
1.7946718
1.8645569
1.8342139
1.9460351
1.8709457
1.799046
1.769269
1.7226064
1.8149605
1.9995755
1.8147918
1.752479
1.8501078
1.84398
1.8251197
1.7910938
1.7527865
1.834991
1.971648
1.7981772
1.8414319
1.8430462
1.7669462
1.8306305
1.8191466
1.8976215
1.7972145
1.8228862
1.8188968
1.8595798
1.8176372
1.8220158
1.8543488
1.8431615
1.8103963
1.9025415
1.8274922
1.9470755
1.8123232
1.8197095
1.7514219
1.7131125
1.8496594
1.8123465
1.8462005
1.8546265
1.789924
1.787247
1.7347708
1.7612511
1.852652
1.819702
1.867627
1.7591213
1.7866642
1.778435
1.8578632
1.896687
1.7393677
1.8316127
1.7639878
1.8755205
1.8922693
1.7596048
1.7618418
1.7156857
1.8326789
1.7556505
1.7748306
1.7736982
1.9193101
1.8411685
1.9365435
1.6935745
1.815228
1.8580142
1.8983731
1.8972597
1.8783587
1.7872264
1.6991233
1.793917
1.950063
1.9658942
1.814381
1.841993
1.7851492
1.8096392
1.8961726
1.7833982
1.737213
1.7620254
1.9071033
2.0330174
1.8189672
1.7970194
1.7766644
1.7773923
1.8619123
1.7565862
1.8040233
1.7695726
1.9679487
1.8600031
1.7898645
1.8457689
1.9169781
1.9580495
1.7831241
1.7993225
1.8710842
1.7771145
1.8472987
1.78199
1.8909785
1.764035
1.8071328
1.8478967
1.9710675
1.9043899
1.8498557
1.7950038
1.8311825
1.758387
1.7655771
1.7624289
1.8288918
1.9175807
1.8041058
1.8367487
1.7070509
1.829774
1.6893691
1.8528793
1.7213335
1.7583425
1.837255
1.9095474
1.7776078
1.7972399
1.7675633
1.7165481
1.866514
1.7658441
1.8126305
1.7708237
1.8448522
1.7394975
1.8346537
1.8220158
1.846338
1.881839
1.7307628
1.7711987
1.7788757
1.7891392
1.8568172
1.806119
1.7257775
1.759667
1.840662
1.7407465
1.7581924
1.7731048
1.7734567
1.7539028
1.7692218
1.7034601
1.8766161
1.7843738
1.7955338
1.781752
1.7280215
1.659898
1.8763567
1.7420768
1.8136834
1.7870772
1.7297587
1.9706347
1.9031065
1.7559597
1.7194641
1.7612283
1.8376557
1.7081347
1.7179015
1.8203393
1.804987
1.7172796
1.7926728
1.8281869
1.7359675
1.7002988
1.8107249
1.7177233
1.816548
1.8249617
1.7088383
1.7394885
1.8326551
1.7994688
1.7327802
1.700605
1.7383484
1.6839504
1.8704025
1.6826375
1.6954894
1.7961391
1.9183035
1.8439448
1.789951
1.6779423
1.7020874
1.8562995
1.7003748
1.780131
1.8475993
1.7102334
1.7244819
1.789785
1.8189617
1.7615517
1.7791537
1.7563882
1.8259214
1.7460676
1.79745
1.7951075
1.718098
1.7559291
1.8426692
1.7732168
1.8453972
1.8477782
1.8023944
1.7882398
1.844782
1.7582912
1.772795
1.751778
1.9033335
1.7947187
1.7609001
1.7148789
1.8168873
1.8044827
1.7843378
1.7804455
1.7421418
1.8346592
1.7551373
1.7376829
1.8056343
1.7249027
1.6896993
1.7144161
1.745072
1.701671
1.7892922
1.818668
1.775317
1.7590585
1.7295192
1.7965683
1.850474
1.6567912
1.8298814
1.755401
1.7254187
1.7461407
1.741414
1.7807873
1.8014944
1.7630278
1.6447135
1.7753823
1.7047061
1.8240073
1.7899076
1.7855097
1.6783304
1.7123125
1.7315211
1.8235252
1.7481447
1.8458158
1.8549043
1.8232507
1.7420576
1.8133132
1.7626725
1.6419188
1.6975918
1.7360535
1.7648532
1.8173127
1.7289418
1.8184292
1.7961433
1.7387837
1.8779712
1.8088825
1.7497271
1.8115433
1.8869559
1.7453543
1.806475
1.7375745
1.7258568
1.6538035
1.7486477
1.6596284
1.7067704
1.6890463
1.7782816
1.7280036
1.8050252
1.7764208
1.7197827
1.781662
1.7065812
1.7357372
2.1188142
1.8297734
1.7102935
1.7386383
1.9286656
1.828199
1.7918365
1.7456753
1.7922847
1.8122193
1.8275619
1.8161402
1.8268244
1.7186005
1.7442054
1.7461404
1.772731
1.7254645
1.7238705
1.7810267
1.8784678
1.857321
1.7224997
1.7981205
1.8549869
1.9468957
1.7545363
1.7518481
1.7326715
1.696927
1.8340672
1.8170533
1.7103726
1.7419678
1.7798307
1.7677088
1.830602
1.8846903
1.7230593
1.9071798
1.8195384
1.8134198
1.7027488
1.7588935
1.6533343
1.709041
1.7136433
1.8668058
1.7967556
1.844777
1.8857036
1.7183089
1.7857351
1.8162354
1.7452
1.6979009
1.7199663
1.6772403
1.6776912
1.7275975
1.7939001
1.804659
1.8134243
1.6622905
1.7170452
1.8184454
1.733904
1.7406429
1.7282714
1.7727762
1.7863728
1.7390859
1.7376205
1.7293235
1.7614877
1.7701857
1.709922
1.7175685
1.726195
1.8101202
1.679915
1.7128927
1.7059646
1.7237285
1.7351758
1.7857258
1.7953815
1.846162
1.697749
1.7122607
1.8629445
1.7961183
1.719859
1.790109
1.7439481
1.8685716
1.6764544
1.6738455
1.7441423
1.7961094
1.7952262
1.7456349
1.6943573
1.7651405
1.7430179
1.6988885
2.110321
1.733975
1.7848635
1.7484305
1.6868829
1.9878821
1.9168935
1.6150495
1.7905042
1.7527173
1.7003108
1.7751355
1.8251663
1.817815
1.7472173
1.706054
1.7566838
1.7315855
1.731954
1.6397452
1.7525417
1.7590013
1.7371624
1.7457852
1.6897538
1.8318447
1.9126498
1.7052013
1.7821155
1.8629525
1.7160412
1.671982
1.6896436
1.7442652
1.927233
1.729351
1.7525362
1.8137658
1.7523869
1.7591054
1.6758885
1.7029593
1.7818477
1.775802
1.6794808
1.7313498
1.6997068
1.751569
1.7464484
1.7564212
1.767295
1.8155
1.741658
1.6356058
1.7323972
1.651064
1.7873064
1.7216908
1.768201
1.712704
1.7827553
1.9187359
1.8694445
1.706323
1.781723
2.0198646
1.7728595
1.7767811
1.6747957
1.7945187
1.7995337
1.8984967
1.67734
1.7529806
1.6877397
1.7465813
1.7744541
1.6888994
1.7409464
1.6562842
1.7186292
1.8546557
1.6612126
1.8402432
1.6337205
1.6984191
1.7132589
1.6450982
1.7200712
1.67866
1.7586358
1.792689
1.7044092
1.7710848
1.7604419
1.8032771
1.7408092
1.7710644
1.8028942
1.6636716
1.753883
1.776843
1.8134906
1.6739297
1.6873455
1.7192688
1.6794245
1.7042378
1.6919805
1.661733
1.6192726
1.6853805
1.7268889
1.6517183
1.7123129
1.60891
1.7124437
1.6392804
1.6650065
1.6974165
1.6460345
1.7177421
1.6709933
1.6055793
1.8042563
1.6414888
1.8105748
1.7388004
1.7006923
1.7062674
1.8365687
1.7549559
1.7212476
1.7879363
1.7321715
1.708897
1.7277037
1.7629528
1.7816857
1.7899972
1.7944257
1.6981597
1.7053863
1.7026895
1.77257
1.7324575
1.6737013
1.6974791
1.7874855
1.756911
1.6911447
1.6499754
1.6974016
1.6450734
1.6677022
1.7526848
1.7056347
1.6666849
1.6238858
1.7991773
1.7594965
1.730441
1.8441154
1.7573215
1.7790078
1.7041357
1.679389
1.7124004
1.788091
1.8085515
1.6609132
1.7541567
1.7277997
1.7334288
1.6672398
1.7061863
1.7882032
1.6533427
1.7237456
1.7423712
1.758521
1.8097904
1.696496
1.696741
1.7503983
1.7021075
1.720547
1.8433768
1.7683426
1.641836
1.7429305
1.7518637
1.7419806
1.809156
1.6453129
1.6738718
1.7445272
1.77374
1.7378027
1.7750208
1.7637702
1.8425434
1.7585686
1.8158495
1.7652225
1.7546192
1.7281055
1.7907822
1.806387
1.7120358
1.6863546
1.743505
1.825662
1.8192002
1.7581942
1.6549482
1.6680773
1.866982
1.6532218
1.6950058
1.6375324
1.6948802
1.6848238
1.6471525
1.7408575
1.7051728
1.7975825
1.6740209
1.9020703
1.7742207
1.7105335
1.7057439
1.697037
1.747644
1.8395753
1.6969697
1.8179442
1.668446
1.7114627
1.6539991
1.7430408
1.6814072
1.7135333
1.677428
1.7157454
1.6394211
1.6665074
1.7665962
1.6695284
1.7109952
1.7209733
1.7278844
1.6470542
1.733501
1.7238202
1.7338011
1.6905454
1.775146
1.7708703
1.7006056
1.6773795
1.6858565
1.6999024
1.7073377
1.6483465
1.6566951
1.6698887
1.6767756
1.8086754
1.8138502
1.7296079
1.6515094
1.8405646
1.7465137
1.689072
1.6506865
1.712107
1.7577175
1.7786144
1.7793984
1.6324188
1.7262968
1.6515895
1.8225632
1.814082
1.8115562
1.6666615
1.6949191
1.6856892
1.646902
1.7024603
1.7652621
1.6476402
1.7384865
1.7226303
1.7050625
1.6834216
1.7116942
1.795449
1.694121
1.7327222
1.7904491
1.6606103
1.7745893
1.8065727
1.8490077
1.708223
1.7009282
1.7418313
1.6853359
1.7821665
1.7529922
1.7082654
1.7161348
1.6907707
1.661584
1.6826403
1.6791908
1.7008997
1.6303859
1.8311611
1.6791238
1.7044837
1.8200822
1.6771743
1.6474665
1.758126
1.8139422
1.629751
1.6538084
1.7257845
1.7282132
1.7827313
1.7790604
1.6854638
1.6081127
1.6040999
1.8143286
1.7303778
1.7301348
1.7077478
1.688269
1.6532795
1.7506313
1.7995572
1.6495314
1.7398481
1.678627
1.7696241
1.6999563
1.7115967
1.6069354
1.7354423
1.6305631
1.7242237
1.732911
1.7304462
1.6752311
1.68106
1.7632401
1.6961809
1.6530815
1.6396083
1.6747098
1.6864682
1.762361
1.6788845
1.6898643
1.7260567
1.7386621
1.695334
1.6758046
1.743801
1.7430582
1.7435688
1.654974
1.6576371
1.723746
1.7081475
1.6835729
1.7062784
1.7009046
1.753165
1.6522667
1.6428508
1.6579036
1.7461405
1.6788313
1.6828367
1.6555915
1.6383244
1.671428
1.75627
1.6316837
1.6507105
1.724679
1.7355638
1.736313
1.6724558
1.600726
1.7074351
1.7483246
1.6998862
1.6852719
1.7659475
1.6429254
1.6305025
1.6543591
1.8322806
1.67818
1.6887474
1.7321464
1.7378461
1.6797037
1.6853422
1.7326744
1.7115043
1.7792263
1.816727
1.6832461
1.7602421
1.6394893
1.632553
1.6948626
1.6383172
1.6594552
1.6403618
1.7743238
1.6295238
1.7849853
1.7460699
1.7031822
1.6237953
1.7117146
1.6319376
1.703135
1.6846405
1.7738303
1.6650501
1.643627
1.6522722
1.6511782
1.6205463
1.626618
1.7497112
1.6771891
1.781063
1.67039
1.6730435
1.8039643
1.7307893
1.70091
1.6889032
1.6917857
1.8862687
1.6245997
1.7786503
1.8898661
1.7201188
1.7537315
1.6974308
1.7966392
1.6590003
1.8551627
1.9113115
1.8592298
1.7538078
1.8207455
1.880858
1.6944088
1.7600807
1.6379504
1.9468777
1.653138
1.7569838
1.69646
1.7706941
1.697682
1.69881
1.6792662
1.6282327
1.6271337
1.6978676
1.6897147
1.6241289
1.6411519
1.8141795
1.7656482
1.6953585
1.7186753
1.6505163
1.6300462
1.685311
1.626983
1.6790237
1.6891552
1.6824512
1.6090918
1.6872468
1.6478378
1.6628304
1.6979635
1.612262
1.6700265
1.7100675
1.5794427
1.7283221
1.6054403
1.6567235
1.6198285
1.7144108
1.6983912
1.6813357
1.7195642
1.7920992
1.795367
1.7299064
1.7468909
1.6741871
1.7041057
1.7013065
1.671097
1.6715044
1.7318897
1.64254
1.659698
1.7163197
1.7289257
1.7616112
1.6496308
1.6898962
1.7641088
1.68661
1.8426703
1.7466623
1.6882643
1.671327
1.6567781
1.7019521
1.741222
1.680826
1.6447735
1.7262627
1.687655
1.7481236
1.630995
1.7327659
1.7076576
1.6876949
1.6775237
1.7139907
1.6460462
1.6092563
1.7597407
1.7067055
1.6751803
1.6593564
1.659714
1.63635
1.7532502
1.6714357
1.6803409
1.6667182
1.7290558
1.7070031
1.6589743
1.748639
1.6754822
1.6997867
1.656294
1.7102
1.6752615
1.6322953
1.6426384
1.70395
1.6802235
1.655322
1.6538489
1.679529
1.6224099
1.7034314
1.6389322
1.6507767
1.5924678
1.6527307
1.6939458
1.7917392
1.6653149
1.6855872
1.6333599
1.7122074
1.690724
1.6214558
1.6920898
1.6938176
1.5930083
1.6544333
1.7003628
1.7307324
1.6750172
1.635139
1.7058032
1.6811955
1.7401279
1.7547152
1.6923299
1.6611882
1.7000202
1.7329048
1.647014
1.6596562
1.635723
1.7209553
1.689881
1.6378783
1.6278411
1.6242188
1.7336757
1.7200485
1.6888428
1.608842
1.7074614
1.834612
1.6497412
1.635339
1.7179734
1.731079
1.7677875
1.7987968
1.660167
1.7585875
1.764555
1.9048711
1.6544943
1.644292
1.6424259
1.736696
1.7055748
1.7325087
1.6942637
1.7039638
1.7175046
1.7345378
1.7637117
1.7144133
1.6508682
1.6956469
1.6558684
1.7293801
1.6505716
5.706987
9.424058
12.243864
13.146932
14.20026
14.988156
15.402098
16.302765
16.15857
16.531776
16.327333
16.307629
16.404078
16.199478
16.159044
15.599448
15.970407
15.290605
15.389628
15.147013
14.104621
13.655976
12.627881
12.961064
13.099615
11.841047
12.33546
11.675665
11.437052
10.992509
10.315117
10.252808
9.824818
10.14519
10.207171
9.42026
9.591013
9.319649
8.829411
9.589914
9.151849
8.939893
9.127895
8.321854
8.594857
7.9612536
7.867968
7.682246
8.405219
7.408904
7.6959558
7.375989
7.2205167
7.032739
6.9737334
6.4214187
6.5794034
6.058221
5.4037347
5.747726
5.915705
5.869819
5.387552
5.39637
4.912623
4.787943
4.623311
4.3810067
4.388585
4.1634336
4.2457075
3.9834967
3.9212377
3.7784615
3.529701
3.8639097
3.665424
3.5989676
3.4591224
3.7312765
3.2773504
3.0448527
3.2221966
3.095252
3.0326025
2.709862
2.8232422
2.9195285
3.0945964
2.737382
2.668047
2.712205
2.7764544
2.79797
2.6198714
2.680664
2.8478003
2.7576911
2.5627148
2.5971763
2.6491466
2.3891935
2.3944418
2.4521687
2.6713915
2.5507882
2.5358446
2.4456675
2.344967
2.2805982
2.2462444
2.3875365
2.3145735
2.2701106
2.3466594
2.377374
2.2593174
2.3350608
2.4501219
2.190429
2.4447353
2.195549
2.019277
2.1934166
2.197155
2.2352693
2.2523394
2.2039154
2.2444403
2.1605334
2.1422696
2.2762003
2.176958
2.1708272
2.1243794
2.108345
2.351018
2.1669807
2.149884
2.216542
2.1880195
2.2312999
2.2111268
2.1584196
2.2544866
2.1053658
2.006245
2.0342789
2.2261426
2.051364
2.0659003
2.1014955
2.2572165
2.2148993
2.0575042
2.2207692
2.080991
1.9892547
2.0990655
2.21099
2.1224656
2.0600982
2.0310178
2.0320027
2.0650928
2.0197308
2.1354449
2.1825035
2.107459
2.0128887
2.0802903
2.0671623
1.9504498
2.09256
2.043023
2.0384517
2.0237758
1.9414073
1.9781148
1.952942
1.9829392
2.0626066
2.121109
2.0782747
2.0445247
2.060054
2.037445
1.9702945
1.9329232
2.044301
2.153936
1.9916703
1.9544744
2.080003
2.0954905
2.134716
1.9745564
1.9187495
1.8766962
2.1297896
1.9812379
2.0717762
2.1115851
1.9878747
2.0519493
1.9349099
2.0642805
2.1228454
1.9820213
2.0252736
2.0754077
2.0196958
1.9245049
1.9819862
1.8988668
1.9128786
1.9019997
2.024384
2.0726097
2.177795
2.1267595
2.1024792
1.9622927
1.9019911
2.0589898
1.9707477
1.9731127
1.9257134
1.9982849
2.0713425
1.9650885
1.9384228
1.9605583
1.9754117
1.9662852
1.9160855
1.9695842
2.023289
2.1207805
1.9780527
1.9519575
2.025496
2.006426
2.0296376
1.8983012
2.1152916
1.91765
1.9421375
1.882009
2.0130367
1.98334
1.9862788
1.8865995
1.9848391
1.8570484
2.037587
1.9482517
1.9596581
1.9967133
1.884951
1.9650881
1.9930493
2.021162
1.9351625
1.8953258
1.8860835
2.063269
1.9349877
1.868205
1.85429
1.9473355
1.9672592
1.9210644
1.91745
1.8661662
1.8997005
1.8175063
1.9633871
1.8895013
1.9121087
1.9306604
1.8599995
1.9210212
1.8453455
1.9690346
1.9791327
1.9418668
1.8631783
1.8616488
1.8176914
1.8260285
1.9288853
1.8614938
1.8646916
1.9300389
1.8760566
1.8337942
1.8765775
1.7871611
1.8543447
1.8702662
1.9670438
1.8974199
1.8224897
1.8962992
1.964952
1.9437507
1.9165202
1.8918909
1.962747
1.9043834
1.8425874
1.8829242
1.8967896
1.9879363
1.8052708
1.902242
1.8529413
1.910913
1.8623989
1.7775471
1.851285
1.8429848
1.9666585
2.07135
1.9490758
1.8653152
1.9556608
1.8166734
1.799132
1.90841
1.8834318
1.9941642
1.8646582
1.874492
2.0240645
1.995727
1.822099
1.7833495
1.9169455
1.9184515
1.8555075
1.8509425
1.8886924
1.9565921
1.8302243
2.042511
1.9639097
1.794628
1.9397227
1.840808
1.8052636
1.7941129
1.9115572
1.7685485
1.8778536
1.9009337
1.8593106
1.792428
1.9326757
1.856505
1.8442518
1.9310882
1.8701395
1.8386286
1.8896053
1.9115255
1.8454973
1.8461596
1.8375185
1.8889527
1.8750312
1.7988534
1.8616347
1.9034803
1.9418012
1.922738
1.8386918
1.8625631
1.8438283
1.9188207
1.7992735
1.8918142
1.862493
1.8665785
1.8087932
1.7906435
1.8715546
1.8205757
1.8597419
1.969909
1.8285607
1.8567237
1.8808916
1.9572085
1.8092632
1.7421118
1.811434
1.7522843
1.7557322
1.811098
1.8795376
1.8551898
1.9245005
1.83542
1.8453805
1.8710457
1.8048873
1.767096
1.9733754
1.8808007
1.8191642
1.8395762
1.7608031
1.8778398
1.8421962
1.799297
1.8856444
1.729633
1.7792988
1.8731058
1.784881
1.789985
1.7671717
1.7592825
1.8495772
1.899392
1.7857391
1.8076429
1.7302477
1.9071031
1.7566768
1.8933709
1.8265578
1.8617483
1.9239112
1.8031495
1.8218155
1.8681105
1.9664311
1.7619035
1.9030613
1.782776
1.798478
1.8208455
1.807291
1.7170688
1.840366
1.7917666
1.8290467
1.7508767
1.7832007
1.870265
1.7679279
1.8083206
1.8201019
1.7226866
1.903141
1.859005
1.8882283
1.918921
1.9134252
1.7719514
1.8031801
1.8769758
1.7796228
1.8721037
1.9530847
1.8687356
1.7360097
1.7804005
1.7637563
1.8276923
1.7158165
1.7692801
1.9108232
1.7806722
1.8184416
1.9033715
1.8178866
1.7809162
1.769036
1.87786
1.8847089
1.8502314
1.8893827
1.8099953
1.812425
1.9005512
1.805165
1.7491182
1.8156432
1.8513883
1.9356972
1.9049807
1.7844925
1.713676
1.8086773
1.8284107
1.8285197
1.7920415
1.8089738
1.8305422
1.7942824
1.8265212
1.7878388
1.8701957
1.794389
1.7539222
1.7228383
1.7231605
1.772377
1.7856505
1.7514392
1.8583553
1.8172232
1.7649045
1.7716892
1.732456
1.9016582
1.8273594
1.8920013
1.6783402
1.8892483
1.7402637
1.79627
1.7125213
1.7727295
1.7551875
1.7388842
1.7584835
1.8735367
1.7575833
1.8548299
1.7694879
1.7861837
1.7200906
1.7622671
1.7463505
1.77353
1.7706896
1.6923591
1.8455298
1.7413157
1.8129255
1.7698196
1.8324403
1.9437888
1.9602855
2.0622497
2.0409007
1.9432307
2.0038955
1.8443491
1.799081
1.835065
1.9423707
2.1299064
1.8734753
1.9623469
1.8916105
1.7551657
1.87019
1.8493044
1.7507957
1.8002255
1.8611645
1.8399682
1.7783267
1.7517916
1.7812729
1.8181489
1.6667347
1.7123783
1.7906878
1.7629843
1.856423
1.7622259
1.9503101
1.7931824
1.7615408
1.7968452
1.7696053
1.8294265
1.7504643
1.8698491
1.7270538
1.7887596
1.7760243
1.7425803
1.7430637
1.7603787
1.7744781
1.7342825
1.7918434
1.8282012
1.8122613
1.8226576
1.7541603
1.7917665
1.719819
1.8620765
1.7594353
1.8780485
1.7482964
1.7383105
1.7660365
1.8020797
1.8102455
1.7315348
1.8112642
1.747588
1.8384547
1.763076
1.7833477
1.770001
1.7872363
1.788992
1.8017563
1.9047034
1.8337373
1.7303443
1.7416023
1.8555809
1.8106837
1.6606137
1.8799374
1.7572888
1.7329475
1.7044225
1.7722212
1.9023826
1.7731682
1.7605422
1.6986234
1.8021567
1.8306317
1.8501315
1.747802
1.836178
1.8066307
1.8293849
1.7772218
1.7961382
1.754809
1.7845588
1.746721
1.6656613
1.8455865
1.7636235
1.7624228
1.7679683
1.7757215
1.7407115
1.7981395
1.6939107
1.7640887
1.72995
1.7304963
1.6808808
1.7815038
1.78897
1.6694216
1.7387522
1.7602717
1.7279997
1.7105011
1.738247
1.7347775
1.7588885
1.752222
1.7322167
1.8247303
1.7069076
1.7349108
1.8104037
1.7001067
1.6820941
1.6740017
1.685163
1.6688455
1.7794116
1.7362226
1.6652362
1.808859
1.793304
1.7692425
1.8249751
1.725963
1.7384844
1.7411575
1.6804638
1.665459
1.6764878
1.7363715
1.8415552
1.7852087
1.7520337
1.7219267
1.7728828
1.7285187
1.7583083
1.7919905
1.7569284
1.8006775
1.7235682
1.6939507
1.6978834
1.7269428
1.7812892
1.6932675
1.7091448
1.8188449
1.697002
1.8281853
1.7426113
1.6855962
1.8090345
1.7624938
1.7709242
1.7650508
1.7619075
1.7920647
1.7743298
1.7415158
1.7656025
1.7876661
1.7816056
1.7315375
1.7893808
1.8163902
1.768566
1.7362931
1.847409
1.680388
1.7614522
1.7460245
1.7925094
1.7220708
1.7368579
1.8525863
1.7943778
1.782012
1.761393
1.7651395
1.7598858
1.717876
1.6831156
1.6778215
1.7586558
1.7073933
1.7941352
1.778436
1.6522241
1.7782025
1.7563984
1.7034999
1.7219442
1.787964
1.7840465
1.7367865
1.8150008
1.7689306
1.6523572
1.8474537
1.7203885
1.730396
1.7681818
1.7197057
1.82684
1.6999693
1.7225683
1.666732
1.6850835
1.782827
1.7559825
1.6839932
1.7050246
1.7281852
1.6530157
1.6711354
1.8087987
1.757885
1.7383103
1.7223895
1.7601647
1.8163911
1.7184638
1.7189763
1.7317901
1.7325238
1.8107116
1.8077723
1.7710543
1.6502984
1.731038
1.6579143
1.7943248
1.8910052
1.6967599
1.7096797
1.7378465
1.7840618
1.7705605
1.7016263
1.6774708
1.756773
1.7449634
1.8379093
1.7408632
1.6569535
1.8499242
1.7661561
1.8164808
1.7081157
1.809203
1.803451
1.7032555
1.776394
1.6581372
1.7755678
1.757993
1.6620512
1.7165182
1.6826354
1.6739973
1.708744
1.800986
1.7919072
1.6609298
1.7650403
1.770467
1.7954445
1.6997278
1.6293855
1.7224452
1.8755442
1.7706767
1.6734723
1.849267
1.7212563
1.6741855
1.9278378
1.7891753
1.7222723
1.7170923
1.7124789
1.6981565
1.6895275
1.7006695
1.7916507
1.709856
1.8298914
1.7381248
1.730328
1.9163694
1.7844758
1.6961178
1.6754396
1.6995
1.7474264
1.7161958
1.796182
1.7092478
1.7396883
1.7452621
1.6905307
1.6781974
1.7347072
1.731597
1.8566682
1.6684451
1.6511141
1.787362
1.662317
1.7480283
1.7520005
1.6486249
1.7611371
1.6745038
1.7358698
1.7201761
1.7066408
1.7064394
1.7390972
1.7060905
1.6924624
1.7983707
1.6492072
1.7079422
1.6435685
1.7836028
1.7917278
1.697243
1.7579118
1.6932483
1.8245862
1.704084
1.750476
1.7039205
1.7360691
1.6738446
1.7442708
1.772881
1.718607
1.7425857
1.737535
1.6627029
1.6792375
1.7430208
1.7682655
1.669793
1.7593635
1.7101434
1.6724956
1.7712407
1.700626
1.6594284
1.6923963
1.6446675
1.6863952
1.7235624
1.7959782
1.6963037
1.7419921
1.6870093
1.6954749
1.8214158
1.6440058
1.7080119
1.7002051
1.6811812
1.6788743
1.7569232
1.8512931
1.7098538
1.7878946
1.7555938
1.7250443
1.6917562
1.7341487
1.7010931
1.7059798
1.8105135
1.7331933
1.7147903
1.6832612
1.7956525
1.70302
1.7578169
1.783559
1.7090446
1.817471
1.7004032
1.7122862
1.780811
1.8156381
1.7116678
1.6676998
1.721663
1.6630642
1.6894218
1.692052
1.6321814
1.6902122
1.6617448
1.7086393
1.6447967
1.6610485
1.7167165
1.6628993
1.7791343
1.6947577
1.6739359
1.6595855
1.6685379
1.8063666
1.672102
1.7372026
1.6636266
1.80335
1.7205255
1.7165804
1.6685033
1.6236058
1.7040744
1.6690512
1.7294755
1.6833123
1.6255524
1.7663738
1.6982563
1.6812853
1.7212195
1.785368
1.7534865
1.705895
1.6638113
1.6594876
1.7176718
1.8033062
1.7017947
1.6257904
1.6887435
1.7244016
1.6850332
1.694989
1.718848
1.6245415
1.7104235
1.6738458
1.6800158
1.691637
1.7819898
1.6705493
1.6973059
1.6996199
1.647085
1.7257895
1.7141807
1.7356173
1.6454417
1.7506826
1.7957299
1.6244203
1.6948718
1.6495502
1.6963532
1.732547
1.6651378
1.7406679
1.7008363
1.6630838
1.7225168
1.7018636
1.8208975
1.7753367
1.7864788
1.8468633
1.6486557
1.682516
1.7460194
1.7089745
1.6947997
1.69708
1.7499478
1.7192851
1.6449664
1.6471623
1.6991862
1.7717716
1.6838845
1.7477667
1.642753
1.763107
1.6611433
1.7983505
1.6519183
1.7644447
1.6989785
1.817275
1.6782244
1.7498523
1.7333463
1.7774411
1.7590712
1.6603546
1.6544805
1.7454214
1.6619765
1.7193646
1.6701211
1.69297
1.6993427
1.7252791
1.715735
1.683131
1.7706352
1.6179723
1.6530731
1.6189688
1.640599
1.6793485
1.7035637
1.6655736
1.6762377
1.7069744
1.757549
1.703165
1.6642767
1.7778792
1.6882967
1.7742136
1.6663435
1.6770383
1.7299753
1.7229967
1.6296675
1.6720216
1.6897818
1.6454364
1.727553
1.6913387
1.674575
1.6886371
1.7514912
1.6785488
1.6797082
1.71066
1.6993147
1.7329568
1.6932473
1.6556747
1.7209296
1.6792113
1.7140571
1.7007072
1.7360039
1.7470012
1.6734122
1.6348869
1.6585047
1.7117491
1.6952587
1.6481757
1.6454971
1.6493746
1.7258456
1.7338821
1.63958
1.6247649
1.7057748
1.6683007
1.6374552
1.6635089
1.660417
1.6685034
1.6670046
1.6841576
1.6792768
1.7105547
1.6454581
1.6670516
1.6221753
1.7488058
1.6572633
1.6584313
1.7002925
1.6970905
1.6864933
1.7508705
1.704972
1.739727
1.6721258
1.6761292
1.6829292
1.7313179
1.712163
1.7059488
1.6962795
1.7224617
1.7235873
1.774192
1.7120539
1.680148
1.7024826
1.7212877
1.6888944
1.7001235
1.7034322
1.6869775
1.6402926
1.6470141
1.6936188
1.6096615
1.7373332
1.7390844
1.6807888
1.7779552
1.6608598
1.7115393
1.6658778
1.6867135
1.7909626
1.706609
1.6373123
1.6497929
1.7106096
1.7779168
1.615047
1.6708016
1.6330178
1.6306847
1.608756
1.687513
1.7432168
1.691579
1.6364639
1.7356662
1.6301956
1.6931642
1.6944895
1.6281525
1.691363
1.6458263
1.7347641
1.664693
1.5959834
1.7422087
1.6314825
1.6841105
1.799183
1.6695596
1.6590884
1.7165496
1.671046
1.6650225
1.6559888
1.711679
1.8027213
1.752231
1.6872495
1.7893728
1.6732901
1.7098545
1.596876
1.8217467
1.7681315
1.612997
1.623974
1.6146472
1.6196263
1.7187972
1.6659985
1.6593277
1.6651486
1.752667
1.6316593
1.6110736
1.7632995
1.6961918
1.6407471
1.6954463
1.683309
1.6963878
1.6522285
1.7097293
1.6358192
1.7087058
1.6797465
1.6683105
1.6820855
1.644492
1.6094722
1.661201
1.6631407
1.6517165
1.602368
1.6532662
1.6733032
1.586463
1.6342258
1.6325912
1.7424365
1.6419662
1.6896135
1.655491
1.7052345
1.671503
1.6987822
1.6760622
1.6550639
1.6883227
1.6675992
1.6902523
1.6515076
1.6067101
1.7418587
1.726019
1.6419452
1.7157154
1.6816285
1.6100687
1.666188
1.7799569
1.6121467
1.7353562
1.6472754
1.6901205
1.6662685
1.6697062
1.616434
1.6168439
1.6514388
1.6385455
1.7509955
1.7507187
1.703049
1.69657
1.686579
1.7143921
1.6815257
1.6275287
1.6799564
1.6680645
1.7014517
1.6732403
1.883395
1.6280974
1.6672112
1.708357
1.636668
1.6732477
1.702708
1.6194202
1.7843405
1.7487003
1.6986477
1.6637772
1.629666
1.6522094
1.6715693
1.696718
1.6196692
1.6512812
1.6537867
1.7161632
1.6692569
1.6670487
1.6525648
1.6866727
1.6506293
1.6899712
1.6697888
1.6486928
1.5891163
1.6525164
1.7787123
1.6976844
1.6380192
1.654825
1.6278906
1.6735587
1.6327872
1.6461753
1.602004
1.6745788
1.7748641
1.640931
1.7930284
1.609332
1.6439675
1.680964
1.7091005
1.6529167
1.7375677
1.6083351
1.7358247
1.6022094
1.656757
1.6840365
1.7522978
1.7321424
1.7813185
1.7103865
1.6873134
1.6321907
1.8894428
1.7523092
1.845404
1.6416925
1.6642476
1.8259945
1.6337504
1.7250857
1.6979725
1.6940123
1.7090273
1.7605091
1.6611011
1.6540134
1.6506788
1.6642493
1.6441607
1.6521535
1.6362433
1.6753776
1.6584772
1.6052284
1.635421
1.656487
1.649319
1.687206
1.5912396
1.6666826
1.7406672
1.7548795
1.732626
1.6980295
1.6668313
1.6959318
1.6311656
1.7122824
1.6653117
1.670406
1.6119956
1.7162838
1.7297086
1.7928169
1.7091846
1.6717825
1.6709743
1.6675614
1.6382611
1.6541343
1.7207248
1.6516173
1.8144739
1.6545128
1.6645283
1.6164186
1.6528519
1.7602652
1.6897945
1.6322217
1.6209824
1.6594692
1.6973735
1.6940345
1.6932435
1.7114233
1.6353283
1.7043569
1.6745875
1.651919
1.6358073
1.63741
1.6424731
1.665676
1.637665
1.665668
1.60751
1.7095684
1.7115586
1.7110641
1.6379222
1.6632285
1.7671905
1.6051075
1.6535445
1.7052375
1.6643969
1.678618
1.665529
1.6019647
1.695902
1.7104107
1.670519
1.7358828
1.635823
1.7423054
1.701313
1.6253881
1.6627858
1.6335361
1.7175021
1.60532
1.6225632
1.6737409
1.6376868
1.7728848
1.6688809
1.6331502
1.7229666
1.7040223
1.5862565
1.6148859
1.6864338
1.764793
1.6331354
1.6223373
1.6526325
1.6421132
1.6222427
1.6359802
1.8197925
1.7941115
1.7042321
1.644552
1.650526
1.6383641
1.7965314
1.6303426
1.701097
1.6638165
1.6324807
1.6422563
1.7402611
1.6326826
1.6239876
1.6620615
1.7086605
1.7990365
1.6467017
1.6600085
1.5877507
1.6902797
1.6183033
1.6570783
1.6843323
1.7338718
1.7603313
1.6342405
1.6670507
1.7096187
1.6316738
1.7516265
1.6435491
1.6786565
1.699692
1.6827972
1.6479048
1.6663067
1.665565
1.7052783
1.63993
1.69729
1.652673
1.6968764
1.6514692
1.6495471
1.6642058
1.7189758
1.6448193
1.6969913
1.611945
1.6589073
1.6059477
1.737888
1.594801
1.6948452
1.6365663
1.7013955
1.6830863
1.6485937
1.6558667
1.67078
1.6498798
1.6052085
1.6245263
1.6308798
1.6233302
1.6439707
1.6297029
1.6103705
1.637069
1.5977048
1.60864
1.7532527
1.6981572
1.6140003
1.7021947
1.6834548
1.6186281
1.6323292
1.663355
1.6758322
1.630366
1.7034906
1.6585703
1.5909481
1.6273996
1.6803215
1.6116763
1.6768942
1.682031
1.6501062
1.64273
1.7530894
1.6604615
1.6424809
1.6908388
1.6431835
1.846182
1.7508322
1.7883602
1.7270089
1.735041
1.6887052
1.6325536
1.6032512
1.6071702
1.6003906
1.7026634
1.6512277
1.6049107
1.6398969
1.610173
1.7179042
1.6287701
1.6795267
1.7853293
1.689136
1.664375
1.6730975
1.6539154
1.7735612
1.7216176
1.6020143
1.6510438
1.6398549
1.6148038
1.6294876
1.6697865
1.603707
1.6097093
1.745983
1.7056863
1.8868527
1.6641947
1.6700213
1.6420513
1.6306201
1.801392
1.7200289
1.6671265
1.7153718
1.6598494
1.6443557
1.5957685
1.6510247
1.6974075
1.6268653
1.6722566
1.6747644
1.5831407
1.6558155
1.6285357
1.7471625
1.7567706
1.6066856
1.608878
1.725107
1.6607596
1.6967655
1.6339817
1.7448826
1.711277
1.7143822
1.6163007
1.7857955
1.680321
1.5835576
1.6504983
1.6340297
1.635807
1.6731143
1.6358773
1.6253997
1.6195252
1.6303483
1.6469028
1.5996863
1.7867546
1.7127773
1.7157675
1.6646767
1.6303425
1.6961956
1.660619
1.681085
1.6000751
1.641558
1.6227735
1.7383182
1.677747
1.8311199
1.6713585
1.7216347
1.6511912
1.6688522
1.6885422
1.651854
1.6757603
1.6656667
1.6078362
1.6575538
1.6317452
1.6685109
1.6373525
1.6528754
